[{"__ndarray__": [[24, 24], "float64", [54.04348700098995, 2.344147547660998e-14, -0.21073558910732137, 15.956512999202474, 4.934369086704563e-14, 0.2107355893091043, 15.956512999167234, 7.422836670186192e-14, -0.21073558909420792, -15.956512999209584, -1.8304916195530787e-14, 0.21073558894362687, -0.9336269950563013, -5.069223135845684e-14, -0.07964722674478344, 0.9336269948956564, -3.400207979411745e-14, 0.07964722658605297, 0.9336269951985616, 2.3149125119144286e-14, -0.07964722648303527, -0.9336269951405176, -6.799986746499338e-14, 0.07964722661325974, 2.344147547660998e-14, 70.0, 3.1543794751872135e-14, -2.3441475479368582e-14, 2.0087313544869584e-27, -3.154379475439441e-14, -2.34414754810595e-14, 5.0932898064049954e-27, 3.15437947517577e-14, 2.3441475480965337e-14, -6.464528979850526e-28, -3.154379474880035e-14, -1.3078467964177717e-14, -2.4774405369426875e-27, 2.994465189815463e-14, 1.3078467966530788e-14, -3.2561624065293726e-27, -2.99446518959668e-14, 1.3078467961962867e-14, 1.0859069200033796e-27, 2.9944651893924485e-14, -1.3078467961284983e-14, -4.711582377492052e-27, -2.994465189634024e-14, -0.21073558910732137, 3.1543794751872135e-14, 53.2786095129085, 0.2107355892576896, 1.5335008533696112e-14, 16.72139048726066, 0.21073558925716507, 4.145413515478005e-14, -16.721390487085266, -0.21073558928800495, -5.1103551708050725e-15, 16.72139048695195, -0.17984442200543738, -1.989744026398832e-14, 0.5958324502289477, 0.1798444218754119, -3.558055847258225e-14, -0.5958324503465671, 0.17984442210536106, 1.0172596592809905e-14, 0.5958324504378248, -0.17984442211297746, -3.844308228249341e-14, -0.5958324503274091, 15.956512999202474, -2.3441475479368582e-14, 0.2107355892576896, 54.04348700060511, -4.934369086568494e-14, -0.21073558945947285, -15.956512999359658, -7.422836671417121e-14, 0.21073558924457775, 15.956512999402008, 1.830491619582716e-14, -0.21073558909399653, 0.9336269950552858, 5.0692231358584366e-14, 0.07964722690630846, -0.9336269948946394, 3.400207979642389e-14, -0.0796472267475779, -0.9336269951975472, -2.3149125119897723e-14, 0.07964722664456197, 0.933626995139502, 6.799986747671626e-14, -0.07964722677478867, 4.934369086704563e-14, 2.0087313544869584e-27, 1.5335008533696112e-14, -4.934369086568494e-14, 70.0, -1.5335008533897615e-14, -4.934369086579221e-14, 4.2828169669408436e-27, 1.5335008533822923e-14, 4.934369086566666e-14, -8.129235539872963e-28, -1.5335008533867604e-14, -3.6250345023195475e-14, -2.52842769109805e-27, 1.6434986887958632e-14, 3.6250345021915166e-14, -2.5023178858152995e-27, -1.6434986887956928e-14, 3.625034502241784e-14, 1.1574134901920967e-27, 1.6434986888234172e-14, -3.6250345022559735e-14, -3.9428420860545464e-27, -1.643498688805005e-14, 0.2107355893091043, -3.154379475439441e-14, 16.72139048726066, -0.21073558945947285, -1.5335008533897615e-14, 53.27860951257018, -0.21073558945894816, -4.1454135168707e-14, 16.72139048725442, 0.21073558948978743, 5.110355173509838e-15, -16.721390487121106, 0.17984442195496725, 1.989744026527789e-14, -0.5958324500699996, -0.17984442182493815, 3.558055847496036e-14, 0.5958324501876207, -0.1798444220548882, -1.0172596595641874e-14, -0.5958324502788785, 0.179844422062504, 3.844308229551195e-14, 0.5958324501684614, 15.956512999167234, -2.34414754810595e-14, 0.21073558925716507, -15.956512999359658, -4.934369086579221e-14, -0.21073558945894816, 54.04348700067557, -7.422836672038183e-14, 0.210735589244051, 15.956512999366774, 1.8304916198102392e-14, -0.21073558909346984, 0.9336269949192829, 5.06922313593081e-14, 0.07964722689449358, -0.9336269947586382, 3.40020797985976e-14, -0.079647226735763, -0.9336269950615417, -2.3149125122503486e-14, 0.0796472266327451, 0.933626995003498, 6.799986748216291e-14, -0.07964722676297004, 7.422836670186192e-14, 5.0932898064049954e-27, 4.145413515478005e-14, -7.422836671417121e-14, 4.2828169669408436e-27, -4.1454135168707e-14, -7.422836672038183e-14, 70.0, 4.145413515414362e-14, 7.422836672086986e-14, -1.4335346208882452e-27, -4.145413514100833e-14, -3.267042864594554e-14, -5.1120841469634216e-27, 4.0162260211674567e-14, 3.267042865637404e-14, -5.925976641014405e-27, -4.016226020062858e-14, 3.267042863516624e-14, 2.261215668742813e-27, 4.016226019182101e-14, -3.2670428634189414e-14, -9.216950421179678e-27, -4.0162260202271496e-14, -0.21073558909420792, 3.15437947517577e-14, -16.721390487085266, 0.21073558924457775, 1.5335008533822923e-14, 16.72139048725442, 0.210735589244051, 4.145413515414362e-14, 53.278609512920994, -0.21073558927489072, -5.110355170427009e-15, 16.72139048694572, -0.17984442201062562, -1.9897440264088015e-14, 0.5958324502370005, 0.17984442188059724, -3.558055847239009e-14, -0.5958324503546201, 0.17984442211054752, 1.0172596592459443e-14, 0.5958324504458778, -0.1798444221181641, -3.8443082282002904e-14, -0.5958324503354621, -15.956512999209584, 2.3441475480965337e-14, -0.21073558928800495, 15.956512999402008, 4.934369086566666e-14, 0.21073558948978743, 15.956512999366774, 7.422836672086986e-14, -0.21073558927489072, 54.043487000590865, -1.8304916196760495e-14, 0.21073558912430995, -0.9336269949387823, -5.069223135928372e-14, -0.07964722691927811, 0.9336269947781357, -3.400207979824033e-14, 0.07964722676054892, 0.9336269950810406, 2.314912512124575e-14, -0.07964722665753024, -0.9336269950229964, -6.799986748290643e-14, 0.07964722678775493, -1.8304916195530787e-14, -6.464528979850526e-28, -5.1103551708050725e-15, 1.830491619582716e-14, -8.129235539872963e-28, 5.110355173509838e-15, 1.8304916198102392e-14, -1.4335346208882452e-27, -5.110355170427009e-15, -1.8304916196760495e-14, 70.0, 5.11035516826031e-15, 1.3796964202117193e-14, 8.818375857226331e-28, -4.9999622385505656e-15, -1.3796964205060697e-14, 8.26707858299802e-28, 4.9999622366348185e-15, -1.3796964199125692e-14, -4.124054555815365e-28, -4.999962234936467e-15, 1.3796964199914566e-14, 1.3184714572536148e-27, 4.99996223670689e-15, 0.21073558894362687, -3.154379474880035e-14, 16.72139048695195, -0.21073558909399653, -1.5335008533867604e-14, -16.721390487121106, -0.21073558909346984, -4.145413514100833e-14, 16.72139048694572, 0.21073558912430995, 5.11035516826031e-15, 53.27860951318758, 0.1798444220826969, 1.9897440262946805e-14, -0.5958324503660142, -0.17984442195266886, 3.558055846954121e-14, 0.5958324504836348, -0.1798444221826187, -1.017259659004689e-14, -0.5958324505748916, 0.17984442219023522, 3.844308226975504e-14, 0.595832450464475, -0.9336269950563013, -1.3078467964177717e-14, -0.17984442200543738, 0.9336269950552858, -3.6250345023195475e-14, 0.17984442195496725, 0.9336269949192829, -3.267042864594554e-14, -0.17984442201062562, -0.9336269949387823, 1.3796964202117193e-14, 0.1798444220826969, 53.862232506321035, 3.269090758435104e-14, -0.3306284945640366, 16.137767493687743, 2.258995062873418e-14, 0.3306284946109757, 16.13776749366185, -1.5795468878280625e-14, -0.33062849465904237, -16.137767493588285, 2.951548907601939e-14, 0.3306284946137481, -5.069223135845684e-14, -2.4774405369426875e-27, -1.989744026398832e-14, 5.0692231358584366e-14, -2.52842769109805e-27, 1.989744026527789e-14, 5.06922313593081e-14, -5.1120841469634216e-27, -1.9897440264088015e-14, -5.069223135928372e-14, 8.818375857226331e-28, 1.9897440262946805e-14, 3.269090758435104e-14, 70.0, -1.9859164169485266e-14, -3.2690907584182794e-14, 3.0057943225250183e-27, 1.9859164168598567e-14, -3.2690907582681005e-14, -1.3015650910587954e-27, -1.9859164168059106e-14, 3.269090758265964e-14, 4.71273017440291e-27, 1.9859164168829874e-14, -0.07964722674478344, 2.994465189815463e-14, 0.5958324502289477, 0.07964722690630846, 1.6434986887958632e-14, -0.5958324500699996, 0.07964722689449358, 4.0162260211674567e-14, 0.5958324502370005, -0.07964722691927811, -4.9999622385505656e-15, -0.5958324503660142, -0.3306284945640366, -1.9859164169485266e-14, 53.08395506295562, 0.3306284944431327, -3.378020695011747e-14, 16.916044936923054, 0.33062849465843225, 8.874592387291067e-15, -16.916044936841462, -0.3306284946398433, -3.716511357179439e-14, 16.916044936941965, 0.9336269948956564, 1.3078467966530788e-14, 0.1798444218754119, -0.9336269948946394, 3.6250345021915166e-14, -0.17984442182493815, -0.9336269947586382, 3.267042865637404e-14, 0.17984442188059724, 0.9336269947781357, -1.3796964205060697e-14, -0.17984442195266886, 16.137767493687743, -3.2690907584182794e-14, 0.3306284944431327, 53.862232506303485, -2.2589950631114723e-14, -0.3306284944900687, -16.13776749367063, 1.579546888144685e-14, 0.330628494538137, 16.137767493597067, -2.951548908546786e-14, -0.3306284944928418, -3.400207979411745e-14, -3.2561624065293726e-27, -3.558055847258225e-14, 3.400207979642389e-14, -2.5023178858152995e-27, 3.558055847496036e-14, 3.40020797985976e-14, -5.925976641014405e-27, -3.558055847239009e-14, -3.400207979824033e-14, 8.26707858299802e-28, 3.558055846954121e-14, 2.258995062873418e-14, 3.0057943225250183e-27, -3.378020695011747e-14, -2.2589950631114723e-14, 70.0, 3.378020694803716e-14, -2.258995062613578e-14, -1.3365705193498509e-27, -3.378020694602297e-14, 2.2589950625602245e-14, 5.4769157181854664e-27, 3.3780206948387535e-14, 0.07964722658605297, -2.99446518959668e-14, -0.5958324503465671, -0.0796472267475779, -1.6434986887956928e-14, 0.5958324501876207, -0.079647226735763, -4.016226020062858e-14, -0.5958324503546201, 0.07964722676054892, 4.9999622366348185e-15, 0.5958324504836348, 0.3306284946109757, 1.9859164168598567e-14, 16.916044936923054, -0.3306284944900687, 3.378020694803716e-14, 53.083955063198275, -0.33062849470536937, -8.874592385268121e-15, 16.916044936720134, 0.330628494686783, 3.716511356147759e-14, -16.916044936820622, 0.9336269951985616, 1.3078467961962867e-14, 0.17984442210536106, -0.9336269951975472, 3.625034502241784e-14, -0.1798444220548882, -0.9336269950615417, 3.267042863516624e-14, 0.17984442211054752, 0.9336269950810406, -1.3796964199125692e-14, -0.1798444221826187, 16.13776749366185, -3.2690907582681005e-14, 0.33062849465843225, -16.13776749367063, -2.258995062613578e-14, -0.33062849470536937, 53.86223250635528, 1.5795468874981855e-14, 0.33062849475343836, 16.137767493571168, -2.9515489066251853e-14, -0.3306284947081413, 2.3149125119144286e-14, 1.0859069200033796e-27, 1.0172596592809905e-14, -2.3149125119897723e-14, 1.1574134901920967e-27, -1.0172596595641874e-14, -2.3149125122503486e-14, 2.261215668742813e-27, 1.0172596592459443e-14, 2.314912512124575e-14, -4.124054555815365e-28, -1.017259659004689e-14, -1.5795468878280625e-14, -1.3015650910587954e-27, 8.874592387291067e-15, 1.579546888144685e-14, -1.3365705193498509e-27, -8.874592385268121e-15, 1.5795468874981855e-14, 70.0, 8.874592383413528e-15, -1.5795468875626547e-14, -2.0836994819834385e-27, -8.874592385371162e-15, -0.07964722648303527, 2.9944651893924485e-14, 0.5958324504378248, 0.07964722664456197, 1.6434986888234172e-14, -0.5958324502788785, 0.0796472266327451, 4.016226019182101e-14, 0.5958324504458778, -0.07964722665753024, -4.999962234936467e-15, -0.5958324505748916, -0.33062849465904237, -1.9859164168059106e-14, -16.916044936841462, 0.330628494538137, -3.378020694602297e-14, 16.916044936720134, 0.33062849475343836, 8.874592383413528e-15, 53.083955063361465, -0.3306284947348503, -3.716511355335076e-14, 16.916044936739034, -0.9336269951405176, -1.3078467961284983e-14, -0.17984442211297746, 0.933626995139502, -3.6250345022559735e-14, 0.179844422062504, 0.933626995003498, -3.2670428634189414e-14, -0.1798444221181641, -0.9336269950229964, 1.3796964199914566e-14, 0.17984442219023522, -16.137767493588285, 3.269090758265964e-14, -0.3306284946398433, 16.137767493597067, 2.2589950625602245e-14, 0.330628494686783, 16.137767493571168, -1.5795468875626547e-14, -0.3306284947348503, 53.862232506502416, 2.95154890651254e-14, 0.33062849468955585, -6.799986746499338e-14, -4.711582377492052e-27, -3.844308228249341e-14, 6.799986747671626e-14, -3.9428420860545464e-27, 3.844308229551195e-14, 6.799986748216291e-14, -9.216950421179678e-27, -3.8443082282002904e-14, -6.799986748290643e-14, 1.3184714572536148e-27, 3.844308226975504e-14, 2.951548907601939e-14, 4.71273017440291e-27, -3.716511357179439e-14, -2.951548908546786e-14, 5.4769157181854664e-27, 3.716511356147759e-14, -2.9515489066251853e-14, -2.0836994819834385e-27, -3.716511355335076e-14, 2.95154890651254e-14, 70.0, 3.716511356303734e-14, 0.07964722661325974, -2.994465189634024e-14, -0.5958324503274091, -0.07964722677478867, -1.643498688805005e-14, 0.5958324501684614, -0.07964722676297004, -4.0162260202271496e-14, -0.5958324503354621, 0.07964722678775493, 4.99996223670689e-15, 0.595832450464475, 0.3306284946137481, 1.9859164168829874e-14, 16.916044936941965, -0.3306284944928418, 3.3780206948387535e-14, -16.916044936820622, -0.3306284947081413, -8.874592385371162e-15, 16.916044936739034, 0.33062849468955585, 3.716511356303734e-14, 53.08395506316047]]}, {"__ndarray__": [[24], "float64", [9.853553880654767, 3.1114954484579993, 0.12053596013266847, 1.6199210735667469, 1.037165149486, 4.223708792963452, 7.356658550677618, 1.037165149486, 2.2926583366807574, 4.116816403544027, 3.1114954484579993, 2.0515864164155007, 1.3655346000736472, 3.1114954484579993, 1.7845540210093194, 10.10794035414805, 1.037165149486, 2.559690732086953, 4.371202877037121, 1.037165149486, 3.9566763975573123, 7.10227207718444, 3.1114954484579993, 0.38756835553884456]]}, {"__ndarray__": [[24], "float64", [-0.00029948335749051746, 2.168849444043383e-15, -0.00024949493339752036, 0.00029948335779827453, -2.233027925259545e-15, 0.0002494949338064786, 0.00029948335791529627, -2.1837158384075745e-15, -0.0002494949333695176, -0.0002994833579373268, 2.1642952917227603e-15, 0.0002494949330078596, 3.736918019926153e-05, 1.8490472513249637e-15, -0.0002783234657871604, -3.736918049005453e-05, -1.793833424807819e-15, 0.0002783234654589557, -3.736917996771888e-05, -1.7674473962809922e-15, -0.0002783234652151043, 3.7369179972810296e-05, 1.7898670620819453e-15, 0.00027832346549600223]]}, 0.2]