[{"__ndarray__": [[24, 24], "float64", [53.89073920422162, 2.9727863953666917e-05, -0.1404311918109546, 16.10968525608923, 0.0006727187317490425, 0.13852927129291792, 16.134170097964102, -0.0011245460266748476, -0.13179989192592673, -16.13253975963222, 4.33354807757629e-05, 0.13361093721549555, -0.8314002946842898, 0.0015063585047044303, -0.0011399245553818937, 0.8298985990328469, 0.0007575546837267299, 0.0008398478562511857, 0.8443567023546504, -0.0005023897738068255, -0.0004909143073881239, -0.8449098057177488, -0.0013827595720700683, 0.0008818663315275921, 2.9727863953666917e-05, 69.9999997901637, 0.0011780589340607203, -2.7009052376504594e-05, 1.269639125037742e-06, -0.0011659100132517524, -7.147209434657211e-05, 8.589364235666399e-07, 0.0011603379983510826, 7.095501430381463e-05, 1.8457720798608718e-07, -0.0011577936552727318, -0.0026260136842772585, 3.148910114525096e-06, -0.001446636346161741, 0.002632152139427052, -9.346005923232697e-07, 0.0014350017150664526, 0.0025807854097526974, -3.8103287780226943e-06, -0.0014590531920423665, -0.002589125596530761, -5.07297219864544e-07, 0.0014559945593437566, -0.1404311918109546, 0.0011780589340607203, 53.32338690690809, 0.13984958937621306, -0.0009738194881392129, 16.668551042103207, 0.16258865311565762, -0.001302959086490258, -16.666458338328905, -0.15999998037934807, 0.00027650582689186815, 16.664748249180633, -0.20959956574477784, -0.0011846228409523776, 0.6253528324663405, 0.20677294550611122, 0.001148947882456988, -0.6179597352376922, 0.2225052797298026, 0.0013648500811519286, 0.628255022249528, -0.22168572982035334, -0.0005069612746906453, -0.6258759793608983, 16.10968525608923, -2.7009052376504594e-05, 0.13984958937621306, 53.88990953228474, -0.0006718645908097857, -0.1379569454826872, -16.13455051797886, 0.0011224042947935566, 0.13122573274130855, 16.13294526599228, -4.1442841355858234e-05, -0.13303751752449847, 0.831516451955149, -0.0014993227672125274, 0.0014328366392148684, -0.8300059346189987, -0.0007629713418897938, -0.0011224740928971189, -0.8444756099230213, 0.0004914203769367147, 0.0007546784340332346, 0.8449755565715867, 0.0013887860295573066, -0.0011459001873121155, 0.0006727187317490425, 1.269639125037742e-06, -0.0009738194881392129, -0.0006718645908097857, 69.99999966765299, 0.0009639515178038209, -0.0006463207546344245, -6.612991659735202e-07, -0.0009622901957023313, 0.0006503689977548066, 5.644486287828995e-07, 0.0009599178852869876, 0.001884203832565914, -3.9957952902603337e-07, 0.002296961958717373, -0.0018875349937251507, -2.8714262316372734e-07, -0.0022864886282445334, -0.0018614176539299998, -9.422163073355346e-07, 0.002298062064203201, 0.0018598464311395508, 7.884969521180616e-07, -0.0022962951140150676, 0.13852927129291792, -0.0011659100132517524, 16.668551042103207, -0.1379569454826872, 0.0009639515178038209, 53.33934724255443, -0.16007008056738778, 0.0012895588302995517, 16.6586446920349, 0.15753148578740608, -0.00027414742980277516, -16.656968148998917, 0.2372832331602329, 0.001181764904363711, -0.6197312075081851, -0.23453406807358967, -0.0011531673181545885, 0.6124930314384338, -0.24961691104459308, -0.0013539456280079497, -0.6225165333729933, 0.24883401495557633, 0.0005118951027958624, 0.6201798817679658, 16.134170097964102, -7.147209434657211e-05, 0.16258865311565762, -16.13455051797886, -0.0006463207546344245, -0.16007008056738778, 53.83859109648014, 0.00117490098093356, 0.15300358698265018, 16.15959931430833, -5.084187923587322e-05, -0.15470715671056373, 0.7592246613621387, -0.0014916117548353048, 0.00975731487992626, -0.7574259856269818, -0.0007539191210697152, -0.010033869232731363, -0.7743302900465934, 0.00046430269478306484, 0.008688613783011334, 0.7747216239102119, 0.0013749620355252767, -0.009227062344671938, -0.0011245460266748476, 8.589364235666399e-07, -0.001302959086490258, 0.0011224042947935566, -6.612991659735202e-07, 0.0012895588302995517, 0.00117490098093356, 69.99999907847251, -0.0012818449541338423, -0.00117230345491592, 1.6795503016990687e-07, 0.0012793745420350258, 0.0016247420074718276, -1.1118799705570733e-06, 7.801426773848606e-05, -0.0016315142404489153, 5.085978894747683e-07, -6.544302077838844e-05, -0.001576530873779411, 1.4179036510530321e-06, 8.936336718341938e-05, 0.001582847312622948, -2.5868635291495445e-07, -8.606394590390354e-05, -0.13179989192592673, 0.0011603379983510826, -16.666458338328905, 0.13122573274130855, -0.0009622901957023313, 16.6586446920349, 0.15300358698265018, -0.0012818449541338423, 53.34331598531247, -0.15049956647600743, 0.0002726860911888813, 16.655018984771434, -0.2427181249115339, -0.0011813780977679312, 0.6269166341090551, 0.24000494884161647, 0.0011540361516925609, -0.6197570694973902, 0.25476399414256157, 0.0013531910400776655, 0.629660132057823, -0.2539806794222905, -0.0005147379996772506, -0.6273410204780628, -16.13253975963222, 7.095501430381463e-05, -0.15999998037934807, 16.13294526599228, 0.0006503689977548066, 0.15753148578740608, 16.15959931430833, -0.00117230345491592, -0.15049956647600743, 53.8422213880836, 5.249149595493822e-05, 0.15221239283406707, -0.7670633265920509, 0.001502662435014341, -0.009154039948423509, 0.7653015944167272, 0.0007478890662784472, 0.009386188762399994, 0.7819527288636432, -0.0004818967905780046, -0.008159089593609586, -0.782417205812599, -0.0013701668710071526, 0.008682609107831724, 4.33354807757629e-05, 1.8457720798608718e-07, 0.00027650582689186815, -4.1442841355858234e-05, 5.644486287828995e-07, -0.00027414742980277516, -5.084187923587322e-05, 1.6795503016990687e-07, 0.0002726860911888813, 5.249149595493822e-05, 70.00000029572908, -0.00027196802675523863, -0.0006442502068584848, 8.456191927141785e-07, -0.0008158608960621707, 0.0006465144312751474, -4.2035126507184053e-07, 0.0008136701516856999, 0.0006334077630494887, -2.042214203812734e-06, -0.0008210923303832196, -0.0006392142436074692, 4.042362968602606e-07, 0.0008202066132594504, 0.13361093721549555, -0.0011577936552727318, 16.664748249180633, -0.13303751752449847, 0.0009599178852869876, -16.656968148998917, -0.15470715671056373, 0.0012793745420350258, 16.655018984771434, 0.15221239283406707, -0.00027196802675523863, 53.34663872400642, 0.2502752825444248, 0.001177856306193548, -0.6215419295936567, -0.24757541706541186, -0.0011544650963863825, 0.6144154615966556, -0.26221587808641655, -0.0013504103676174252, -0.6242672371979927, 0.2614373568208958, 0.0005174883786194886, 0.6219558962537527, -0.8314002946842898, -0.0026260136842772585, -0.20959956574477784, 0.831516451955149, 0.001884203832565914, 0.2372832331602329, 0.7592246613621387, 0.0016247420074718276, -0.2427181249115339, -0.7670633265920509, -0.0006442502068584848, 0.2502752825444248, 53.72022417199879, 0.000460194221370255, -0.30759226426138836, 16.291906262930592, 0.0018595931046834998, 0.2779674188712498, 16.20446227362765, -0.000784065725710441, -0.31857104656229684, -16.208870200806988, -0.0017744036416493495, 0.31295506723560423, 0.0015063585047044303, 3.148910114525096e-06, -0.0011846228409523776, -0.0014993227672125274, -3.9957952902603337e-07, 0.001181764904363711, -0.0014916117548353048, -1.1118799705570733e-06, -0.0011813780977679312, 0.001502662435014341, 8.456191927141785e-07, 0.001177856306193548, 0.000460194221370255, 70.00001390501335, 0.0033741769281252186, -0.00046156501312008015, -6.575731344008651e-06, -0.0033700029632057903, -0.0004730756399937419, -8.23203920093948e-06, 0.003364659036520707, 0.0004563600139015748, -1.5803125164029874e-06, -0.003362453273285, -0.0011399245553818937, -0.001446636346161741, 0.6253528324663405, 0.0014328366392148684, 0.002296961958717373, -0.6197312075081851, 0.00975731487992626, 7.801426773848606e-05, 0.6269166341090551, -0.009154039948423509, -0.0008158608960621707, -0.6215419295936567, -0.30759226426138836, 0.0033741769281252186, 53.13943161159405, 0.30850638162009153, -0.0001016242525242878, 16.850891592533678, 0.3139788168890411, -0.001969903194457266, -16.862471249692785, -0.31578912172735896, -0.001415128652987479, 16.861151716287075, 0.8298985990328469, 0.002632152139427052, 0.20677294550611122, -0.8300059346189987, -0.0018875349937251507, -0.23453406807358967, -0.7574259856269818, -0.0016315142404489153, 0.24000494884161647, 0.7653015944167272, 0.0006465144312751474, -0.24757541706541186, 16.291906262930592, -0.00046156501312008015, 0.30850638162009153, 53.69593998738946, -0.0018628176379316724, -0.2788078022464326, -16.216341409122816, 0.0007832269367950802, 0.31951588314578694, 16.220726885808745, 0.0017815384702351625, -0.31388287206013255, 0.0007575546837267299, -9.346005923232697e-07, 0.001148947882456988, -0.0007629713418897938, -2.8714262316372734e-07, -0.0011531673181545885, -0.0007539191210697152, 5.085978894747683e-07, 0.0011540361516925609, 0.0007478890662784472, -4.2035126507184053e-07, -0.0011544650963863825, 0.0018595931046834998, -6.575731344008651e-06, -0.0001016242525242878, -0.0018628176379316724, 70.00000387517426, 0.00010629720888395943, -0.001839699138455873, 4.363816930451804e-06, -9.344309499524452e-05, 0.001854370384801753, -5.297632700534801e-07, 9.341851897220666e-05, 0.0008398478562511857, 0.0014350017150664526, -0.6179597352376922, -0.0011224740928971189, -0.0022864886282445334, 0.6124930314384338, -0.010033869232731363, -6.544302077838844e-05, -0.6197570694973902, 0.009386188762399994, 0.0008136701516856999, 0.6144154615966556, 0.2779674188712498, -0.0033700029632057903, 16.850891592533678, -0.2788078022464326, 0.00010629720888395943, 53.15863932320056, -0.28490149465229775, 0.0019579906283791345, 16.852678314285665, 0.2866721851983152, 0.0014089750954110823, -16.8514009185145, 0.8443567023546504, 0.0025807854097526974, 0.2225052797298026, -0.8444756099230213, -0.0018614176539299998, -0.24961691104459308, -0.7743302900465934, -0.001576530873779411, 0.25476399414256157, 0.7819527288636432, 0.0006334077630494887, -0.26221587808641655, 16.20446227362765, -0.0004730756399937419, 0.3139788168890411, -16.216341409122816, -0.001839699138455873, -0.28490149465229775, 53.86897363167564, 0.0007777603317457617, 0.3246493831795654, 16.13540197277978, 0.0017587698934332615, -0.31916319048676994, -0.0005023897738068255, -3.8103287780226943e-06, 0.0013648500811519286, 0.0004914203769367147, -9.422163073355346e-07, -0.0013539456280079497, 0.00046430269478306484, 1.4179036510530321e-06, 0.0013531910400776655, -0.0004818967905780046, -2.042214203812734e-06, -0.0013504103676174252, -0.000784065725710441, -8.23203920093948e-06, -0.001969903194457266, 0.0007832269367950802, 4.363816930451804e-06, 0.0019579906283791345, 0.0007777603317457617, 70.00001151452032, -0.0019523928424640038, -0.0007483580502481125, -2.2694424828617963e-06, 0.001950620282997236, -0.0004909143073881239, -0.0014590531920423665, 0.628255022249528, 0.0007546784340332346, 0.002298062064203201, -0.6225165333729933, 0.008688613783011334, 8.936336718341938e-05, 0.629660132057823, -0.008159089593609586, -0.0008210923303832196, -0.6242672371979927, -0.31857104656229684, 0.003364659036520707, -16.862471249692785, 0.31951588314578694, -9.344309499524452e-05, 16.852678314285665, 0.3246493831795654, -0.0019523928424640038, 53.135631506517065, -0.3263875085439969, -0.0014261031957057313, 16.86303004534985, -0.8449098057177488, -0.002589125596530761, -0.22168572982035334, 0.8449755565715867, 0.0018598464311395508, 0.24883401495557633, 0.7747216239102119, 0.001582847312622948, -0.2539806794222905, -0.782417205812599, -0.0006392142436074692, 0.2614373568208958, -16.208870200806988, 0.0004563600139015748, -0.31578912172735896, 16.220726885808745, 0.001854370384801753, 0.2866721851983152, 16.13540197277978, -0.0007483580502481125, -0.3263875085439969, 53.86037117305698, -0.0017767263439305353, 0.32089948286863546, -0.0013827595720700683, -5.07297219864544e-07, -0.0005069612746906453, 0.0013887860295573066, 7.884969521180616e-07, 0.0005118951027958624, 0.0013749620355252767, -2.5868635291495445e-07, -0.0005147379996772506, -0.0013701668710071526, 4.042362968602606e-07, 0.0005174883786194886, -0.0017744036416493495, -1.5803125164029874e-06, -0.001415128652987479, 0.0017815384702351625, -5.297632700534801e-07, 0.0014089750954110823, 0.0017587698934332615, -2.2694424828617963e-06, -0.0014261031957057313, -0.0017767263439305353, 70.00000395276855, 0.001424572546261816, 0.0008818663315275921, 0.0014559945593437566, -0.6258759793608983, -0.0011459001873121155, -0.0022962951140150676, 0.6201798817679658, -0.009227062344671938, -8.606394590390354e-05, -0.6273410204780628, 0.008682609107831724, 0.0008202066132594504, 0.6219558962537527, 0.31295506723560423, -0.003362453273285, 16.861151716287075, -0.31388287206013255, 9.341851897220666e-05, -16.8514009185145, -0.31916319048676994, 0.001950620282997236, 16.86303004534985, 0.32089948286863546, 0.001424572546261816, 53.138300378498904]]}, {"__ndarray__": [[24], "float64", [9.964660386205328, 3.1491341272318456, 0.14225413377473745, 1.6476067002142971, 1.0497118611178344, 4.254544113207984, 7.453734995579555, 1.0497118255178115, 2.340649952440527, 4.158531570179755, 3.149134320321956, 2.0561469475609666, 1.4011174442025662, 3.149135081537273, 1.7417058063910498, 10.211150306424846, 1.0497111385354854, 2.6550878845166164, 4.405014367646093, 1.0497110018330542, 3.9401032132804596, 7.207252189380293, 3.149134677516723, 0.45669235249129697]]}, {"__ndarray__": [[24], "float64", [-0.00011753374811584616, 9.605394925832748e-07, -8.436656114753767e-05, 0.00011651803812771055, -1.4668310367508933e-07, 7.149293623853424e-05, 0.00015906908128936051, -9.373566266670864e-07, -6.583041718177851e-05, -0.00015564102780511263, 2.674557017644801e-07, 6.379797264587806e-05, 0.0004141504247981483, -6.513946630634321e-07, -0.00010753414457163036, -0.00042030148255874257, 3.140801630641654e-07, 0.0001201145172053111, -0.0003758046970786798, 2.55861630221501e-07, -0.00010162058664146599, 0.0003795434113431618, -6.250259422781344e-08, 0.00010394628345268912]]}, 0.2]