[{"__ndarray__": [[24, 24], "float64", [53.86479234106181, 0.0004669039277741668, -0.14687318632287363, 16.133713338181398, -0.0013741776774151685, 0.1467023424614118, 16.14366090123191, -0.00047228691706551775, -0.14470237373952644, -16.142751069106602, 0.0005238318644723256, 0.14416912504075058, -0.7997686316965302, -0.000194890161985807, -0.013575144173656128, 0.7974518653260599, -0.00022896263939879984, 0.014322215384088982, 0.8040515520435406, 0.0006920921415143491, -0.011602703725459768, -0.8011502968541329, 0.0005874895069905694, 0.011559725028694567, 0.0004669039277741668, 69.99999501507385, 0.0012317150046354734, -0.0004605554852268182, 2.738105617081311e-06, -0.001230352968282121, -0.0004896660336017286, 5.310777778595904e-07, 0.001221444337255364, 0.00048041009554629854, -1.6990813239903847e-06, -0.0012182432792464748, -0.00483166832141565, -3.4992308759202485e-06, -0.0019947449260233163, 0.004839323698937048, 4.07863685971651e-06, 0.0019932690662853797, 0.004808547425763893, 1.8324634124508514e-06, -0.0020040796250034997, -0.004813295307707598, 1.0029546115969115e-06, 0.002000992390381982, -0.14687318632287363, 0.0012317150046354734, 53.3263614420082, 0.1454145452534362, -0.0003793086254156851, 16.673002094566723, 0.14968172259915488, -0.000125579841317606, -16.67202006481389, -0.1474248256001976, 0.0005131351433023757, 16.671290154290755, -0.22952874481221877, 0.0009927856311046643, 0.6327762569183436, 0.22886990149957503, -0.0008359808071134945, -0.6322443927984092, 0.22990393003579518, -0.00035507930466820305, 0.6335159583519002, -0.23004334313968192, -0.0010416871811264633, -0.6326814485272968, 16.133713338181398, -0.0004605554852268182, 0.1454145452534362, 53.867792995909966, 0.0013702378017989112, -0.1452450490582255, -16.142123272499134, 0.00047183980834148245, 0.14325476010280433, 16.14124008798093, -0.0005229647814980787, -0.1427254207068522, 0.8064444867482838, 0.00020007508280713363, 0.015155654224448895, -0.8041165535855257, 0.00022330732227790603, -0.0159018795888603, -0.8107158457703091, -0.0006913560693139047, 0.013194530459446907, 0.8077647628471045, -0.0005905837240610828, -0.013147140639551247, -0.0013741776774151685, 2.738105617081311e-06, -0.0003793086254156851, 0.0013702378017989112, 69.99999866884363, 0.000378830394853124, 0.0013875850313131905, -7.99358829112017e-08, -0.00037334114128826946, -0.001382520796102751, 1.4134077638663375e-06, 0.0003719238636075597, 0.0016746172881381598, 1.612654573628418e-06, -0.00039454319896391676, -0.0016806182850672322, -1.8223627290313145e-06, 0.00039492641462148697, -0.001661764631163562, -1.2469721523739833e-06, -0.0003886664720655381, 0.0016666412686000358, -1.2837407625901164e-06, 0.0003901787646595463, 0.1467023424614118, -0.001230352968282121, 16.673002094566723, -0.1452450490582255, 0.000378830394853124, 53.32763423870267, -0.14950463124964994, 0.00012559049156362934, 16.671386291878168, 0.14725052713956643, -0.0005124777535983211, -16.670656941333775, 0.23132622201781852, -0.0009918940264867927, -0.6320607849235553, -0.23066936654556516, 0.0008350524032222587, 0.6315287925976141, -0.23169541213912676, 0.000354439900640651, -0.6327975621555657, 0.23183536786076314, 0.0010408115386971906, 0.6319638706714094, 16.14366090123191, -0.0004896660336017286, 0.14968172259915488, -16.142123272499134, 0.0013875850313131905, -0.14950463124964994, 53.847785523803644, 0.00047446254847814716, 0.1474613993841281, 16.1512724722001, -0.0005336710864436467, -0.14691319680336576, 0.7868377878323959, 0.00017980698888838157, 0.012637359631937434, -0.7844681080909273, 0.0002472287834123525, -0.013391686999813884, -0.7912332571008269, -0.0006799248481233578, 0.010619609489168125, 0.7882679524351914, -0.0005858214290494516, -0.010590576004789881, -0.00047228691706551775, 5.310777778595904e-07, -0.000125579841317606, 0.00047183980834148245, -7.99358829112017e-08, 0.00012559049156362934, 0.00047446254847814716, 70.00000019792981, -0.0001246444713920773, -0.0004735230376557136, 3.496775139434225e-07, 0.00012448462072043082, 0.0004423762763642688, 1.9928690082513996e-07, 9.772924067899053e-05, -0.00044349822220763376, -2.2869624650803638e-07, -9.797068430260262e-05, -0.00044166477723605864, -6.112902519221554e-07, 9.896162612848042e-05, 0.00044229432099656844, -3.580496188858437e-07, -9.857098207055385e-05, -0.14470237373952644, 0.001221444337255364, -16.67202006481389, 0.14325476010280433, -0.00037334114128826946, 16.671386291878168, 0.1474613993841281, -0.0001246444713920773, 53.32957747863338, -0.14522501470723648, 0.0005095741106317866, 16.669699315521676, -0.23807397288541476, 0.0009857565236982258, 0.6310130316586589, 0.23742857308723248, -0.0008274517792839006, -0.6304836953839628, 0.23840493003501834, -0.0003509035784811515, 0.6317329905606563, -0.23854830176402736, -0.0010404339818061877, -0.6309053480583247, -16.142751069106602, 0.00048041009554629854, -0.1474248256001976, 16.14124008798093, -0.001382520796102751, 0.14725052713956643, 16.1512724722001, -0.0004735230376557136, -0.14522501470723648, 53.849663901391935, 0.0005294321855484403, 0.14468304666019044, -0.7931807772560655, -0.00018545353941152123, -0.015035210058184423, 0.790840829743914, -0.00023990446414168406, 0.015786181897952112, 0.7975227209519616, 0.0006863376476185001, -0.013035543930889681, -0.7946081657183237, 0.0005852219536246278, 0.013000838552129607, 0.0005238318644723256, -1.6990813239903847e-06, 0.0005131351433023757, -0.0005229647814980787, 1.4134077638663375e-06, -0.0005124777535983211, -0.0005336710864436467, 3.496775139434225e-07, 0.0005095741106317866, 0.0005294321855484403, 69.99999981398977, -0.0005081546277892617, -0.001091454380458153, -8.769032281194638e-07, -0.00022053452071254268, 0.0010920493285312667, 1.3825907617099055e-06, 0.00021970385850781954, 0.0010834359006147419, 9.490548022690224e-08, -0.00022342707480585796, -0.0010806590307663691, -4.785867550011057e-07, 0.0002221808644830853, 0.14416912504075058, -0.0012182432792464748, 16.671290154290755, -0.1427254207068522, 0.0003719238636075597, -16.670656941333775, -0.14691319680336576, 0.00012448462072043082, 16.669699315521676, 0.14468304666019044, -0.0005081546277892617, 53.331022289542354, 0.2415463681226421, -0.0009836333844618508, -0.6299007784350086, -0.24090669811431137, 0.0008252022008324661, 0.629371893071363, -0.24186202162081982, 0.0003497283840303249, -0.6306142024177541, 0.24200879790879878, 0.0010386922030071405, 0.6297882697640415, -0.7997686316965302, -0.00483166832141565, -0.22952874481221877, 0.8064444867482838, 0.0016746172881381598, 0.23132622201781852, 0.7868377878323959, 0.0004423762763642688, -0.23807397288541476, -0.7931807772560655, -0.001091454380458153, 0.2415463681226421, 53.748782547451924, -0.005049698256165324, -0.29583871932207717, 16.258365520701357, 0.005272085708121144, 0.2930986408556897, 16.233814430579457, 0.0026374290902230224, -0.3024221767506343, -16.241295364067064, 0.0009463126123630032, 0.2998923827349237, -0.000194890161985807, -3.4992308759202485e-06, 0.0009927856311046643, 0.00020007508280713363, 1.612654573628418e-06, -0.0009918940264867927, 0.00017980698888838157, 1.9928690082513996e-07, 0.0009857565236982258, -0.00018545353941152123, -8.769032281194638e-07, -0.0009836333844618508, -0.005049698256165324, 69.99999955782182, -0.002576484379694763, 0.005054942704144237, 1.668394644096267e-06, 0.0025759599675689014, 0.005030844922701135, 9.860097018444293e-07, -0.0025827564009810286, -0.00503562774082786, 3.5196644449771175e-07, 0.0025802660692224298, -0.013575144173656128, -0.0019947449260233163, 0.6327762569183436, 0.015155654224448895, -0.00039454319896391676, -0.6320607849235553, 0.012637359631937434, 9.772924067899053e-05, 0.6310130316586589, -0.015035210058184423, -0.00022053452071254268, -0.6299007784350086, -0.29583871932207717, -0.002576484379694763, 53.16125125914121, 0.2954487473849323, 0.00242033494120922, 16.838468860202465, 0.29675187101758227, 0.0010457549480321145, -16.84036828607947, -0.2955445579490483, 0.0016224879351032758, 16.8388204414534, 0.7974518653260599, 0.004839323698937048, 0.22886990149957503, -0.8041165535855257, -0.0016806182850672322, -0.23066936654556516, -0.7844681080909273, -0.00044349822220763376, 0.23742857308723248, 0.790840829743914, 0.0010920493285312667, -0.24090669811431137, 16.258365520701357, 0.005054942704144237, 0.2954487473849323, 53.73450151590063, -0.005279520788385944, -0.29270798836710554, -16.240942765592955, -0.0026374216368570272, 0.3020462904126914, 16.248367695303834, -0.0009452568163050859, -0.299509459318239, -0.00022896263939879984, 4.07863685971651e-06, -0.0008359808071134945, 0.00022330732227790603, -1.8223627290313145e-06, 0.0008350524032222587, 0.0002472287834123525, -2.2869624650803638e-07, -0.0008274517792839006, -0.00023990446414168406, 1.3825907617099055e-06, 0.0008252022008324661, 0.005272085708121144, 1.668394644096267e-06, 0.00242033494120922, -0.005279520788385944, 69.99999784789712, -0.0024194298228144865, -0.005250557307196566, -1.3057712806469943e-06, 0.002427901592678664, 0.005256323385219891, -1.6206891222404152e-06, -0.002425628728681908, 0.014322215384088982, 0.0019932690662853797, -0.6322443927984092, -0.0159018795888603, 0.00039492641462148697, 0.6315287925976141, -0.013391686999813884, -9.797068430260262e-05, -0.6304836953839628, 0.015786181897952112, 0.00021970385850781954, 0.629371893071363, 0.2930986408556897, 0.0025759599675689014, 16.838468860202465, -0.29270798836710554, -0.0024194298228144865, 53.161812296942706, -0.2940168249969634, -0.0010444111687152435, 16.84008453589287, 0.29281134105907536, -0.0016220476707727743, -16.838538290460704, 0.8040515520435406, 0.004808547425763893, 0.22990393003579518, -0.8107158457703091, -0.001661764631163562, -0.23169541213912676, -0.7912332571008269, -0.00044166477723605864, 0.23840493003501834, 0.7975227209519616, 0.0010834359006147419, -0.24186202162081982, 16.233814430579457, 0.005030844922701135, 0.29675187101758227, -16.240942765592955, -0.005250557307196566, -0.2940168249969634, 53.78352559568153, -0.0026259297487880836, 0.3032915969748261, 16.223977568913362, -0.0009429118019751193, -0.3007780692668779, 0.0006920921415143491, 1.8324634124508514e-06, -0.00035507930466820305, -0.0006913560693139047, -1.2469721523739833e-06, 0.000354439900640651, -0.0006799248481233578, -6.112902519221554e-07, -0.0003509035784811515, 0.0006863376476185001, 9.490548022690224e-08, 0.0003497283840303249, 0.0026374290902230224, 9.860097018444293e-07, 0.0010457549480321145, -0.0026374216368570272, -1.3057712806469943e-06, -0.0010444111687152435, -0.0026259297487880836, 70.00000192862859, 0.0010486480221762614, 0.002618773423771344, -1.6779734778955646e-06, -0.0010481772029538564, -0.011602703725459768, -0.0020040796250034997, 0.6335159583519002, 0.013194530459446907, -0.0003886664720655381, -0.6327975621555657, 0.010619609489168125, 9.896162612848042e-05, 0.6317329905606563, -0.013035543930889681, -0.00022342707480585796, -0.6306142024177541, -0.3024221767506343, -0.0025827564009810286, -16.84036828607947, 0.3020462904126914, 0.002427901592678664, 16.84008453589287, 0.3032915969748261, 0.0010486480221762614, 53.15799522681722, -0.3020916021732549, 0.0016234183714194984, 16.840451338966254, -0.8011502968541329, -0.004813295307707598, -0.23004334313968192, 0.8077647628471045, 0.0016666412686000358, 0.23183536786076314, 0.7882679524351914, 0.00044229432099656844, -0.23854830176402736, -0.7946081657183237, -0.0010806590307663691, 0.24200879790879878, -16.241295364067064, -0.00503562774082786, -0.2955445579490483, 16.248367695303834, 0.005256323385219891, 0.29281134105907536, 16.223977568913362, 0.002618773423771344, -0.3020916021732549, 53.76867584743371, 0.0009455496981217629, 0.29957229815782516, 0.0005874895069905694, 1.0029546115969115e-06, -0.0010416871811264633, -0.0005905837240610828, -1.2837407625901164e-06, 0.0010408115386971906, -0.0005858214290494516, -3.580496188858437e-07, -0.0010404339818061877, 0.0005852219536246278, -4.785867550011057e-07, 0.0010386922030071405, 0.0009463126123630032, 3.5196644449771175e-07, 0.0016224879351032758, -0.0009452568163050859, -1.6206891222404152e-06, -0.0016220476707727743, -0.0009429118019751193, -1.6779734778955646e-06, 0.0016234183714194984, 0.0009455496981217629, 70.00000406411863, -0.0016212412146400538, 0.011559725028694567, 0.002000992390381982, -0.6326814485272968, -0.013147140639551247, 0.0003901787646595463, 0.6319638706714094, -0.010590576004789881, -9.857098207055385e-05, -0.6309053480583247, 0.013000838552129607, 0.0002221808644830853, 0.6297882697640415, 0.2998923827349237, 0.0025802660692224298, 16.8388204414534, -0.299509459318239, -0.002425628728681908, -16.838538290460704, -0.3007780692668779, -0.0010481772029538564, 16.840451338966254, 0.29957229815782516, -0.0016212412146400538, 53.1611011662551]]}, {"__ndarray__": [[24], "float64", [9.983366839442413, 3.155407038803818, 0.14115572474535928, 1.6520328009258691, 1.0518027601191449, 4.264399182010703, 7.469729232321181, 1.051802672963339, 2.343932149084489, 4.1656687043362535, 3.155407453985888, 2.0616229025110986, 1.408266466343776, 3.155407200125772, 1.7413326753553326, 10.227132792199802, 1.0518030735747081, 2.6642217724939377, 4.409433636538741, 1.0518025916737754, 3.9441092394435837, 7.2259655115492984, 3.155408182671544, 0.4614449898989237]]}, {"__ndarray__": [[24], "float64", [-0.00024188769941599253, 2.8699403256686583e-06, -2.6812124795908413e-05, 0.00024011299430016535, -1.8010277049828637e-06, 2.5844583858482132e-05, 0.0002558396211699066, -3.074701502298335e-07, -2.102509397737305e-05, -0.0002494331387721095, 8.834720484518607e-07, 1.8932548793533482e-05, 0.0005578753817240191, 2.259847098171701e-06, -8.418406539841058e-05, -0.0005610923422733734, -2.7061402301445316e-06, 8.567135392948048e-05, -0.000549285360607005, -7.076932754576555e-07, -7.925654415075762e-05, 0.0005478705438743892, -4.909281114773358e-07, 8.082934174095358e-05]]}, 0.2]