[{"__ndarray__": [[24, 24], "float64", [53.86948750655631, -1.1531748948792557e-14, -0.19417664646199315, 16.130512493452432, 2.125268862995202e-14, 0.19417664659832262, 16.13051249334909, -1.2978849570361017e-14, -0.19417664648964056, -16.130512493708466, -3.5608135454699104e-14, 0.19417664643433954, -0.7039276549709254, -1.618901392541136e-14, -0.07079548525988541, 0.7039276553485099, 1.787408948723773e-14, 0.0707954851609588, 0.7039276551691805, 3.030040033610278e-14, -0.07079548513301057, -0.7039276552143013, 7.167697605115005e-15, 0.07079548519941656, -1.1531748948792557e-14, 70.0, -6.467622585528707e-16, 1.1531748947676415e-14, -7.52064002073261e-28, 6.467622602325595e-16, 1.1531748945696494e-14, 4.702498186625581e-28, -6.467622589266168e-16, -1.1531748950397691e-14, 5.351097433654286e-28, 6.46762258468398e-16, 2.3050818787999373e-14, 6.394020460219874e-28, -4.441461796527289e-15, -2.3050818784604077e-14, -7.687673562680374e-28, 4.4414617953923706e-15, -2.3050818784893006e-14, -3.7056671544236657e-28, -4.4414617952489486e-15, 2.3050818784541754e-14, -3.4321954893434516e-28, 4.441461795942033e-15, -0.19417664646199315, -6.467622585528707e-16, 53.33004914162407, 0.1941766464849496, -8.708525017280585e-15, 16.669950858393932, 0.1941766464885212, -6.0009322946867456e-15, -16.669950858382037, -0.1941766464930658, -5.418242352275434e-15, 16.669950858357936, -0.21155175074257304, 8.890779514814572e-15, 0.6613198722735979, 0.21155175084659888, 2.6643460835280616e-15, -0.6613198723006349, 0.21155175077122557, 4.90422531077752e-15, 0.6613198723027625, -0.21155175077533342, 4.369115830186924e-15, -0.6613198722924649, 16.130512493452432, 1.1531748947676415e-14, 0.1941766464849496, 53.86948750653884, -2.125268862979639e-14, -0.19417664662127948, -16.13051249335781, 1.2978849568312575e-14, 0.1941766465125972, 16.13051249371719, 3.560813545171751e-14, -0.19417664645729596, 0.703927654943911, 1.618901392633722e-14, 0.07079548527551965, -0.7039276553214957, -1.787408948630987e-14, -0.07079548517658954, -0.7039276551421663, -3.03004003337141e-14, 0.07079548514864265, 0.7039276551872888, -7.16769760318088e-15, -0.07079548521504844, 2.125268862995202e-14, -7.52064002073261e-28, -8.708525017280585e-15, -2.125268862979639e-14, 70.0, 8.708525016473199e-15, -2.1252688628464802e-14, -6.101905075507167e-28, -8.708525016944558e-15, 2.125268863119695e-14, -6.33596691363167e-28, 8.708525017400783e-15, -2.849149838842751e-14, -9.61644473456178e-28, 1.1085371762686021e-16, 2.84914983861747e-14, 9.962633795728233e-28, -1.1085371669981454e-16, 2.849149838735391e-14, 4.0375221429003566e-28, 1.1085371678029255e-16, -2.849149838582703e-14, 4.39378534213819e-28, -1.1085371729811505e-16, 0.19417664659832262, 6.467622602325595e-16, 16.669950858393932, -0.19417664662127948, 8.708525016473199e-15, 53.33004914158807, -0.194176646624851, 6.000932292777555e-15, 16.66995085840004, 0.19417664662939585, 5.418242353027899e-15, -16.669950858375934, 0.21155175048946637, -8.890779513719454e-15, -0.6613198722616076, -0.21155175059349204, -2.6643460856368473e-15, 0.6613198722886433, -0.21155175051811745, -4.904225311298409e-15, -0.6613198722907719, 0.2115517505222244, -4.369115828401583e-15, 0.661319872280473, 16.13051249334909, 1.1531748945696494e-14, 0.1941766464885212, -16.13051249335781, -2.1252688628464802e-14, -0.194176646624851, 53.869487506745536, 1.2978849566413434e-14, 0.19417664651616837, 16.130512493613846, 3.560813545016123e-14, -0.19417664646086719, 0.7039276550937965, 1.6189013925467973e-14, 0.07079548521196907, -0.7039276554713827, -1.7874089483973956e-14, -0.07079548511304143, -0.7039276552920527, -3.030040033267797e-14, 0.0707954850850939, 0.703927655337174, -7.167697601459796e-15, -0.07079548515150019, -1.2978849570361017e-14, 4.702498186625581e-28, -6.0009322946867456e-15, 1.2978849568312575e-14, -6.101905075507167e-28, 6.000932292777555e-15, 1.2978849566413434e-14, 70.0, -6.000932293925578e-15, -1.2978849562931697e-14, 4.367245238754314e-28, 6.0009322967832704e-15, 2.0597511887645108e-14, 4.803028780068272e-28, -1.0718674691570992e-14, -2.0597511897002046e-14, -6.554641703839029e-28, 1.071867469444504e-14, -2.059751189244424e-14, -2.7408340985108344e-28, -1.0718674695274044e-14, 2.059751189223347e-14, -3.598834358013136e-28, 1.0718674693968476e-14, -0.19417664648964056, -6.467622589266168e-16, -16.669950858382037, 0.1941766465125972, -8.708525016944558e-15, 16.66995085840004, 0.19417664651616837, -6.000932293925578e-15, 53.33004914161186, -0.19417664652071343, -5.418242352611619e-15, 16.669950858364036, -0.2115517506958087, 8.890779514251813e-15, 0.6613198722660245, 0.2115517507998336, 2.6643460841442763e-15, -0.6613198722930619, 0.21155175072446053, 4.904225311131169e-15, 0.6613198722951872, -0.21155175072856558, 4.3691158293739965e-15, -0.6613198722848904, -16.130512493708466, -1.1531748950397691e-14, -0.1941766464930658, 16.13051249371719, 2.125268863119695e-14, 0.19417664662939585, 16.130512493613846, -1.2978849562931697e-14, -0.19417664652071343, 53.86948750602677, -3.5608135456273803e-14, 0.1941766464654121, -0.7039276544812519, -1.618901392908599e-14, -0.07079548526086199, 0.7039276548588375, 1.7874089490621103e-14, 0.07079548516193518, 0.7039276546795065, 3.0300400338182687e-14, -0.07079548513398778, -0.7039276547246288, 7.167697597561087e-15, 0.07079548520039305, -3.5608135454699104e-14, 5.351097433654286e-28, -5.418242352275434e-15, 3.560813545171751e-14, -6.33596691363167e-28, 5.418242353027899e-15, 3.560813545016123e-14, 4.367245238754314e-28, -5.418242352611619e-15, -3.5608135456273803e-14, 70.0, 5.4182423517007816e-15, 3.140528817920473e-14, 5.220461484637002e-28, -1.2309770611439736e-15, -3.140528817436635e-14, -7.919515561090482e-28, 1.2309770595603006e-15, -3.1405288174905677e-14, -1.3628506728353137e-27, -1.2309770587425138e-15, 3.1405288174597024e-14, -2.5620860109203826e-28, 1.230977059888328e-15, 0.19417664643433954, 6.46762258468398e-16, 16.669950858357936, -0.19417664645729596, 8.708525017400783e-15, -16.669950858375934, -0.19417664646086719, 6.0009322967832704e-15, 16.669950858364036, 0.1941766464654121, 5.4182423517007816e-15, 53.33004914166008, 0.211551750838965, -8.89077951552928e-15, -0.6613198722382447, -0.21155175094298986, -2.6643460831131385e-15, 0.6613198722652817, -0.2115517508676162, -4.904225310045716e-15, -0.6613198722674088, 0.21155175087172154, -4.369115832264187e-15, 0.6613198722571098, -0.7039276549709254, 2.3050818787999373e-14, -0.21155175074257304, 0.703927654943911, -2.849149838842751e-14, 0.21155175048946637, 0.7039276550937965, 2.0597511887645108e-14, -0.2115517506958087, -0.7039276544812519, 3.140528817920473e-14, 0.211551750838965, 53.55244827958066, 2.3534491562664615e-14, -0.29051259263813667, 16.447551719591925, -3.1981393731527316e-14, 0.29051259288167197, 16.447551720004213, -2.439287706640111e-14, -0.29051259291217973, -16.447551719923574, -1.438258131216165e-14, 0.29051259277424446, -1.618901392541136e-14, 6.394020460219874e-28, 8.890779514814572e-15, 1.618901392633722e-14, -9.61644473456178e-28, -8.890779513719454e-15, 1.6189013925467973e-14, 4.803028780068272e-28, 8.890779514251813e-15, -1.618901392908599e-14, 5.220461484637002e-28, -8.89077951552928e-15, 2.3534491562664615e-14, 70.0, 1.9265703959662047e-15, -2.353449155798315e-14, -8.373171631361687e-28, -1.9265703976780163e-15, -2.3534491560947107e-14, -3.3656376007812017e-28, 1.9265703977555077e-15, 2.3534491558999195e-14, -3.4940587602466463e-28, -1.9265703968320206e-15, -0.07079548525988541, -4.441461796527289e-15, 0.6613198722735979, 0.07079548527551965, 1.1085371762686021e-16, -0.6613198722616076, 0.07079548521196907, -1.0718674691570992e-14, 0.6613198722660245, -0.07079548526086199, -1.2309770611439736e-15, -0.6613198722382447, -0.29051259263813667, 1.9265703959662047e-15, 53.17742500831123, 0.29051259252567574, 7.444241907097165e-15, 16.822574991722608, 0.29051259258449563, -1.0502498423926278e-15, -16.822574991710052, -0.29051259263582146, 7.93478167274486e-15, 16.822574991697326, 0.7039276553485099, -2.3050818784604077e-14, 0.21155175084659888, -0.7039276553214957, 2.84914983861747e-14, -0.21155175059349204, -0.7039276554713827, -2.0597511897002046e-14, 0.2115517507998336, 0.7039276548588375, -3.140528817436635e-14, -0.21155175094298986, 16.447551719591925, -2.353449155798315e-14, 0.29051259252567574, 53.55244828123551, 3.198139372590966e-14, -0.2905125927692133, -16.447551719176797, 2.4392877061585125e-14, 0.29051259279972175, 16.447551719096154, 1.438258132149784e-14, -0.2905125926617873, 1.787408948723773e-14, -7.687673562680374e-28, 2.6643460835280616e-15, -1.787408948630987e-14, 9.962633795728233e-28, -2.6643460856368473e-15, -1.7874089483973956e-14, -6.554641703839029e-28, 2.6643460841442763e-15, 1.7874089490621103e-14, -7.919515561090482e-28, -2.6643460831131385e-15, -3.1981393731527316e-14, -8.373171631361687e-28, 7.444241907097165e-15, 3.198139372590966e-14, 70.0, -7.44424190518727e-15, 3.1981393727406736e-14, 5.651735833681465e-28, 7.444241904931153e-15, -3.198139372641056e-14, 4.722894629357658e-28, -7.444241906066401e-15, 0.0707954851609588, 4.4414617953923706e-15, -0.6613198723006349, -0.07079548517658954, -1.1085371669981454e-16, 0.6613198722886433, -0.07079548511304143, 1.071867469444504e-14, -0.6613198722930619, 0.07079548516193518, 1.2309770595603006e-15, 0.6613198722652817, 0.29051259288167197, -1.9265703976780163e-15, 16.822574991722608, -0.2905125927692133, -7.44424190518727e-15, 53.17742500824354, -0.29051259282803266, 1.0502498440100372e-15, 16.822574991743902, 0.29051259287935927, -7.934781675701738e-15, -16.822574991731184, 0.7039276551691805, -2.3050818784893006e-14, 0.21155175077122557, -0.7039276551421663, 2.849149838735391e-14, -0.21155175051811745, -0.7039276552920527, -2.059751189244424e-14, 0.21155175072446053, 0.7039276546795065, -3.1405288174905677e-14, -0.2115517508676162, 16.447551720004213, -2.3534491560947107e-14, 0.29051259258449563, -16.447551719176797, 3.1981393727406736e-14, -0.29051259282803266, 53.55244828041092, 2.4392877062586716e-14, 0.29051259285854014, 16.44755171950844, 1.4382581316877316e-14, -0.290512592720607, 3.030040033610278e-14, -3.7056671544236657e-28, 4.90422531077752e-15, -3.03004003337141e-14, 4.0375221429003566e-28, -4.904225311298409e-15, -3.030040033267797e-14, -2.7408340985108344e-28, 4.904225311131169e-15, 3.0300400338182687e-14, -1.3628506728353137e-27, -4.904225310045716e-15, -2.439287706640111e-14, -3.3656376007812017e-28, -1.0502498423926278e-15, 2.4392877061585125e-14, 5.651735833681465e-28, 1.0502498440100372e-15, 2.4392877062586716e-14, 70.0, -1.0502498448086563e-15, -2.4392877062168374e-14, 1.4117191280491079e-28, 1.0502498436619792e-15, -0.07079548513301057, -4.4414617952489486e-15, 0.6613198723027625, 0.07079548514864265, 1.1085371678029255e-16, -0.6613198722907719, 0.0707954850850939, -1.0718674695274044e-14, 0.6613198722951872, -0.07079548513398778, -1.2309770587425138e-15, -0.6613198722674088, -0.29051259291217973, 1.9265703977555077e-15, -16.822574991710052, 0.29051259279972175, 7.444241904931153e-15, 16.822574991743902, 0.29051259285854014, -1.0502498448086563e-15, 53.17742500826866, -0.2905125929098664, 7.934781676497572e-15, 16.82257499171864, -0.7039276552143013, 2.3050818784541754e-14, -0.21155175077533342, 0.7039276551872888, -2.849149838582703e-14, 0.2115517505222244, 0.703927655337174, 2.059751189223347e-14, -0.21155175072856558, -0.7039276547246288, 3.1405288174597024e-14, 0.21155175087172154, -16.447551719923574, 2.3534491558999195e-14, -0.29051259263582146, 16.447551719096154, -3.198139372641056e-14, 0.29051259287935927, 16.44755171950844, -2.4392877062168374e-14, -0.2905125929098664, 53.55244828057221, -1.438258131703151e-14, 0.29051259277193164, 7.167697605115005e-15, -3.4321954893434516e-28, 4.369115830186924e-15, -7.16769760318088e-15, 4.39378534213819e-28, -4.369115828401583e-15, -7.167697601459796e-15, -3.598834358013136e-28, 4.3691158293739965e-15, 7.167697597561087e-15, -2.5620860109203826e-28, -4.369115832264187e-15, -1.438258131216165e-14, -3.4940587602466463e-28, 7.93478167274486e-15, 1.438258132149784e-14, 4.722894629357658e-28, -7.934781675701738e-15, 1.4382581316877316e-14, 1.4117191280491079e-28, 7.934781676497572e-15, -1.438258131703151e-14, 70.0, -7.934781675125437e-15, 0.07079548519941656, 4.441461795942033e-15, -0.6613198722924649, -0.07079548521504844, -1.1085371729811505e-16, 0.661319872280473, -0.07079548515150019, 1.0718674693968476e-14, -0.6613198722848904, 0.07079548520039305, 1.230977059888328e-15, 0.6613198722571098, 0.29051259277424446, -1.9265703968320206e-15, 16.822574991697326, -0.2905125926617873, -7.444241906066401e-15, -16.822574991731184, -0.290512592720607, 1.0502498436619792e-15, 16.82257499171864, 0.29051259277193164, -7.934781675125437e-15, 53.177425008294065]]}, {"__ndarray__": [[24], "float64", [10.024084034182113, 3.167954035224375, 0.14849097336611825, 1.6575789736443343, 1.055984678408125, 4.274580801459611, 7.498410477557549, 1.055984678408125, 2.3600268607790036, 4.1832525302689625, 3.167954035224375, 2.0630449140468032, 1.4256707273844176, 3.167954035224375, 1.7339047602645858, 10.255992280441834, 1.055984678408125, 2.689167014561235, 4.41516077652872, 1.055984678408125, 3.945440647677409, 7.266502231297722, 3.167954035224375, 0.4776311271483264]]}, {"__ndarray__": [[24], "float64", [-0.00037306557865595736, 1.0804095815313064e-15, -4.9870346932006596e-05, 0.0003730655786304909, -9.75772964088636e-16, 4.987034726269639e-05, 0.00037306557842224555, -1.1332452812765902e-15, -4.987034702368088e-05, -0.00037306557926009666, 1.2173713349672824e-15, 4.98703468220595e-05, 0.0007475853534588649, 6.928277585294344e-16, 2.1064183389743387e-06, -0.000747585352466152, -7.667586919423948e-16, -2.1064186509973156e-06, -0.000747585352887692, -9.363780258338958e-16, 2.106418708167513e-06, 0.0007475853527582881, 8.173312256557259e-16, -2.10641852521295e-06]]}, 0.2]