[{"__ndarray__": [[24, 24], "float64", [53.82343920130344, -1.177070744575765e-13, -0.15997237110504509, 16.176560798719667, 1.1972477794148518e-13, 0.1599723709573432, 16.17656079992483, 2.4025128527052252e-14, -0.15997237084867602, -16.176560800082328, -2.993964347254735e-15, 0.15997237099378453, -0.7694447332360412, -5.749666998802499e-14, -0.027426027760778165, 0.7694447334390482, 1.1332147859719291e-13, 0.027426027905257732, 0.7694447346208106, -2.745614005073986e-14, -0.027426027804783613, -0.7694447344232848, -4.6997571668768196e-14, 0.027426027717847648, -1.177070744575765e-13, 70.0, 4.2047151610129494e-14, 1.177070749177326e-13, 6.690816001555077e-26, -4.204715133625659e-14, 1.177070729295206e-13, 2.0382423421742944e-25, 4.20471514122923e-14, -1.1770707323112494e-13, 8.198162131444962e-26, -4.2047151337636844e-14, -1.1862871771518255e-13, -3.563883810955872e-26, -4.116633844609489e-14, 1.1862871756675361e-13, -1.3725581659685892e-25, 4.1166338405782583e-14, 1.1862871625703746e-13, -9.272231008144638e-26, -4.1166338679868405e-14, -1.1862871641892677e-13, -2.3089508827128894e-25, 4.116633857030853e-14, -0.15997237110504509, 4.2047151610129494e-14, 53.30860904702825, 0.15997237152152688, 2.2111942366101935e-13, 16.69139095348952, 0.159972371126399, 1.24726837044099e-13, -16.691390952989405, -0.1599723706570789, 2.6984066514527232e-14, 16.691390952726955, -0.18454824798574948, -2.6116037555303707e-13, 0.6132044719043616, 0.18454824766044087, -2.5372786852790073e-14, -0.6132044721749739, 0.18454824755002486, 2.4076214446649293e-14, 0.613204471802984, -0.18454824749549653, -1.5016513781952532e-13, -0.6132044719210783, 16.176560798719667, 1.177070749177326e-13, 0.15997237152152688, 53.823439201257244, -1.197247787187311e-13, -0.15997237137382506, -16.176560799947946, -2.402512864740072e-14, 0.15997237126515787, 16.176560800105438, 2.993964488405434e-15, -0.15997237141026657, 0.7694447335679506, 5.749667073309563e-14, 0.027426027307355653, -0.7694447337709565, -1.1332147890958211e-13, -0.02742602745183481, -0.7694447349527189, 2.745613996962149e-14, 0.02742602735136001, 0.7694447347551938, 4.699757161271126e-14, -0.02742602726442496, 1.1972477794148518e-13, 6.690816001555077e-26, 2.2111942366101935e-13, -1.197247787187311e-13, 70.0, -2.211194243434123e-13, -1.197247760669405e-13, 3.600749161532097e-25, 2.2111942404329041e-13, 1.1972477539361445e-13, 2.945937429562181e-26, -2.2111942386135392e-13, -3.738851642934021e-13, -1.339214563557938e-25, 2.2609571803701342e-13, 3.738851649648285e-13, -6.854210066907371e-26, -2.2609571767704117e-13, 3.7388516714976647e-13, -2.6008494122377976e-26, 2.2609571812775164e-13, -3.7388516719065244e-13, -3.9473838152384657e-25, -2.2609571811178986e-13, 0.1599723709573432, -4.204715133625659e-14, 16.69139095348952, -0.15997237137382506, -2.211194243434123e-13, 53.308609045992704, -0.15997237097869704, -1.2472683659266035e-13, 16.691390953507174, 0.1599723705093763, -2.698406595792163e-14, -16.69139095324473, 0.18454824958318872, 2.6116037629372026e-13, -0.6132044728466953, -0.18454824925787916, 2.537278668550483e-14, 0.6132044731173076, -0.18454824914746354, -2.40762149759993e-14, -0.6132044727453186, 0.1845482490929355, 1.5016513718000636e-13, 0.6132044728634118, 16.17656079992483, 1.177070729295206e-13, 0.159972371126399, -16.176560799947946, -1.197247760669405e-13, -0.15997237097869704, 53.823439198846884, -2.4025131699539913e-14, 0.15997237087003008, 16.176560801310604, 2.993959110245838e-15, -0.159972371015139, 0.7694447246353722, 5.749666748041798e-14, 0.027426030640762253, -0.7694447248383787, -1.1332147749460807e-13, -0.02742603078524157, -0.7694447260201415, 2.7456145388247964e-14, 0.027426030684767025, 0.7694447258226159, 4.6997575755215536e-14, -0.02742603059783242, 2.4025128527052252e-14, 2.0382423421742944e-25, 1.24726837044099e-13, -2.402512864740072e-14, 3.600749161532097e-25, -1.2472683659266035e-13, -2.4025131699539913e-14, 70.0, 1.247268362617516e-13, 2.402513275028863e-14, 3.6901889304174015e-26, -1.2472683648630637e-13, -8.919231568027795e-13, -2.3356677067663882e-25, 3.528608380846175e-13, 8.919231561324643e-13, -2.314162218925159e-25, -3.528608384670777e-13, 8.919231527476273e-13, -5.283080819752503e-26, 3.5286083798745147e-13, -8.919231525348489e-13, -1.3558052751577603e-24, -3.5286083786976564e-13, -0.15997237084867602, 4.20471514122923e-14, -16.691390952989405, 0.15997237126515787, 2.2111942404329041e-13, 16.691390953507174, 0.15997237087003008, 1.247268362617516e-13, 53.30860904699293, -0.15997237040070986, 2.6984065844698003e-14, 16.691390952744612, -0.1845482496238169, -2.6116037604914803e-13, 0.6132044723853562, 0.18454824929850677, -2.5372786712367443e-14, -0.6132044726559668, 0.1845482491880907, 2.40762151136019e-14, 0.6132044722839796, -0.184548249133563, -1.501651368689608e-13, -0.613204472402073, -16.176560800082328, -1.1770707323112494e-13, -0.1599723706570789, 16.176560800105438, 1.1972477539361445e-13, 0.1599723705093763, 16.176560801310604, 2.402513275028863e-14, -0.15997237040070986, 53.82343919853189, -2.9939598395782326e-15, 0.15997237054581787, -0.7694447235197499, -5.749666680185775e-14, -0.027426031198009824, 0.7694447237227573, 1.1332147780475694e-13, 0.027426031342489002, 0.7694447249045213, -2.7456144572640212e-14, -0.02742603124201401, -0.7694447247069955, -4.6997576908990874e-14, 0.0274260311550798, -2.993964347254735e-15, 8.198162131444962e-26, 2.6984066514527232e-14, 2.993964488405434e-15, 2.945937429562181e-26, -2.698406595792163e-14, 2.993959110245838e-15, 3.6901889304174015e-26, 2.6984065844698003e-14, -2.9939598395782326e-15, 70.0, -2.698406609615066e-14, -6.198249338626886e-14, -1.4413360594457757e-26, -5.394892392984167e-14, 6.198249342648002e-14, -7.499284899532713e-26, 5.394892357643274e-14, 6.198248870259124e-14, -6.711853142348478e-26, -5.394892390853779e-14, -6.198248926245226e-14, -5.1106237356168435e-26, 5.3948923966160263e-14, 0.15997237099378453, -4.2047151337636844e-14, 16.691390952726955, -0.15997237141026657, -2.2111942386135392e-13, -16.69139095324473, -0.159972371015139, -1.2472683648630637e-13, 16.691390952744612, 0.15997237054581787, -2.698406609615066e-14, 53.30860904751785, 0.184548248975273, 2.611603758412581e-13, -0.6132044720637978, -0.18454824864996405, 2.5372786607537402e-14, 0.6132044723344114, -0.18454824853954935, -2.4076214858962534e-14, -0.6132044719624223, 0.1845482484850192, 1.5016513714142107e-13, 0.6132044720805132, -0.7694447332360412, -1.1862871771518255e-13, -0.18454824798574948, 0.7694447335679506, -3.738851642934021e-13, 0.18454824958318872, 0.7694447246353722, -8.919231568027795e-13, -0.1845482496238169, -0.7694447235197499, -6.198249338626886e-14, 0.184548248975273, 53.620425447610586, 2.5452775611736953e-13, -0.3230928310569336, 16.37957455122545, 1.315754653841713e-13, 0.3230928300009918, 16.37957454256378, 8.333989783769154e-14, -0.3230928310373876, -16.37957454288451, 9.776867681011162e-13, 0.3230928312700533, -5.749666998802499e-14, -3.563883810955872e-26, -2.6116037555303707e-13, 5.749667073309563e-14, -1.339214563557938e-25, 2.6116037629372026e-13, 5.749666748041798e-14, -2.3356677067663882e-25, -2.6116037604914803e-13, -5.749666680185775e-14, -1.4413360594457757e-26, 2.611603758412581e-13, 2.5452775611736953e-13, 70.0, -2.439051146785905e-13, -2.545277568365127e-13, 3.4851955894117804e-26, 2.4390511427001623e-13, -2.545277596062876e-13, 3.2219908557549605e-27, -2.4390511478475133e-13, 2.5452775962576724e-13, 2.570215760538424e-25, 2.439051147832729e-13, -0.027426027760778165, -4.116633844609489e-14, 0.6132044719043616, 0.027426027307355653, 2.2609571803701342e-13, -0.6132044728466953, 0.027426030640762253, 3.528608380846175e-13, 0.6132044723853562, -0.027426031198009824, -5.394892392984167e-14, -0.6132044720637978, -0.3230928310569336, -2.439051146785905e-13, 53.13835197334153, 0.32309283163941377, 3.740084267707251e-14, 16.861648027312526, 0.32309283455593263, 9.874287883127998e-14, -16.86164802657459, -0.3230928347308135, -3.75750787166651e-13, 16.861648026708526, 0.7694447334390482, 1.1862871756675361e-13, 0.18454824766044087, -0.7694447337709565, 3.738851649648285e-13, -0.18454824925787916, -0.7694447248383787, 8.919231561324643e-13, 0.18454824929850677, 0.7694447237227573, 6.198249342648002e-14, -0.18454824864996405, 16.37957455122545, -2.545277568365127e-13, 0.32309283163941377, 53.620425449938494, -1.3157546528705667e-13, -0.32309283058346994, -16.379574541399826, -8.333989792314802e-14, 0.32309283161986785, 16.379574541720565, -9.776867672851064e-13, -0.323092831852534, 1.1332147859719291e-13, -1.3725581659685892e-25, -2.5372786852790073e-14, -1.1332147890958211e-13, -6.854210066907371e-26, 2.537278668550483e-14, -1.1332147749460807e-13, -2.314162218925159e-25, -2.5372786712367443e-14, 1.1332147780475694e-13, -7.499284899532713e-26, 2.5372786607537402e-14, 1.315754653841713e-13, 3.4851955894117804e-26, 3.740084267707251e-14, -1.3157546528705667e-13, 70.0, -3.740084268316744e-14, -1.3157546442837176e-13, 8.62705332984964e-26, 3.7400842895369185e-14, 1.3157546455689606e-13, 2.5862976033842816e-25, -3.740084279352987e-14, 0.027426027905257732, 4.1166338405782583e-14, -0.6132044721749739, -0.02742602745183481, -2.2609571767704117e-13, 0.6132044731173076, -0.02742603078524157, -3.528608384670777e-13, -0.6132044726559668, 0.027426031342489002, 5.394892357643274e-14, 0.6132044723344114, 0.3230928300009918, 2.4390511427001623e-13, 16.861648027312526, -0.32309283058346994, -3.740084268316744e-14, 53.138351972033405, -0.3230928334999893, -9.874287848566387e-14, 16.861648027228647, 0.3230928336748701, 3.7575078764712944e-13, -16.861648027362595, 0.7694447346208106, 1.1862871625703746e-13, 0.18454824755002486, -0.7694447349527189, 3.7388516714976647e-13, -0.18454824914746354, -0.7694447260201415, 8.919231527476273e-13, 0.1845482491880907, 0.7694447249045213, 6.198248870259124e-14, -0.18454824853954935, 16.37957454256378, -2.545277596062876e-13, 0.32309283455593263, -16.379574541399826, -1.3157546442837176e-13, -0.3230928334999893, 53.62042546726183, -8.333989315478581e-14, 0.32309283453638615, 16.3795745330589, -9.776867629523448e-13, -0.3230928347690518, -2.745614005073986e-14, -9.272231008144638e-26, 2.4076214446649293e-14, 2.745613996962149e-14, -2.6008494122377976e-26, -2.40762149759993e-14, 2.7456145388247964e-14, -5.283080819752503e-26, 2.40762151136019e-14, -2.7456144572640212e-14, -6.711853142348478e-26, -2.4076214858962534e-14, 8.333989783769154e-14, 3.2219908557549605e-27, 9.874287883127998e-14, -8.333989792314802e-14, 8.62705332984964e-26, -9.874287848566387e-14, -8.333989315478581e-14, 70.0, 9.874287879770471e-14, 8.33398937446446e-14, 6.910013443420835e-26, -9.874287886392862e-14, -0.027426027804783613, -4.1166338679868405e-14, 0.613204471802984, 0.02742602735136001, 2.2609571812775164e-13, -0.6132044727453186, 0.027426030684767025, 3.5286083798745147e-13, 0.6132044722839796, -0.02742603124201401, -5.394892390853779e-14, -0.6132044719624223, -0.3230928310373876, -2.4390511478475133e-13, -16.86164802657459, 0.32309283161986785, 3.7400842895369185e-14, 16.861648027228647, 0.32309283453638615, 9.874287879770471e-14, 53.138351973509295, -0.32309283471126615, -3.7575078702257925e-13, 16.86164802662465, -0.7694447344232848, -1.1862871641892677e-13, -0.18454824749549653, 0.7694447347551938, -3.7388516719065244e-13, 0.1845482490929355, 0.7694447258226159, -8.919231525348489e-13, -0.184548249133563, -0.7694447247069955, -6.198248926245226e-14, 0.1845482484850192, -16.37957454288451, 2.5452775962576724e-13, -0.3230928347308135, 16.379574541720565, 1.3157546455689606e-13, 0.3230928336748701, 16.3795745330589, 8.33398937446446e-14, -0.32309283471126615, 53.620425466620375, 9.776867627598636e-13, 0.32309283494393304, -4.6997571668768196e-14, -2.3089508827128894e-25, -1.5016513781952532e-13, 4.699757161271126e-14, -3.9473838152384657e-25, 1.5016513718000636e-13, 4.6997575755215536e-14, -1.3558052751577603e-24, -1.501651368689608e-13, -4.6997576908990874e-14, -5.1106237356168435e-26, 1.5016513714142107e-13, 9.776867681011162e-13, 2.570215760538424e-25, -3.75750787166651e-13, -9.776867672851064e-13, 2.5862976033842816e-25, 3.7575078764712944e-13, -9.776867629523448e-13, 6.910013443420835e-26, -3.7575078702257925e-13, 9.776867627598636e-13, 70.0, 3.757507869091053e-13, 0.027426027717847648, 4.116633857030853e-14, -0.6132044719210783, -0.02742602726442496, -2.2609571811178986e-13, 0.6132044728634118, -0.02742603059783242, -3.5286083786976564e-13, -0.613204472402073, 0.0274260311550798, 5.3948923966160263e-14, 0.6132044720805132, 0.3230928312700533, 2.439051147832729e-13, 16.861648026708526, -0.323092831852534, -3.740084279352987e-14, -16.861648027362595, -0.3230928347690518, -9.874287886392862e-14, 16.86164802662465, 0.32309283494393304, 3.757507869091053e-13, 53.138351973241384]]}, {"__ndarray__": [[24], "float64", [9.948124214137897, 3.142861329994875, 0.14217938594224652, 1.6410107698642562, 1.047620443331625, 4.2458581570037905, 7.4355782618650625, 1.047620443331625, 2.336198157415197, 4.153556722137087, 3.142861329994875, 2.0518393855307195, 1.3973866247670361, 3.142861329994875, 1.7466613353347713, 10.19174835923499, 1.047620443331625, 2.6413762076111107, 4.397180867233761, 1.047620443331625, 3.94068010680774, 7.191954116768353, 3.142861329994875, 0.4473574361381943]]}, {"__ndarray__": [[24], "float64", [-1.2015912297671963e-05, -2.303590692086188e-15, 5.730809739786088e-06, 1.2015912172886066e-05, 2.4994348795742454e-15, -5.730810184789497e-06, 1.2015914735263067e-05, 2.391744745455437e-15, 5.730810176714468e-06, -1.2015915070089688e-05, -2.4021938940833292e-15, -5.7308100083889365e-06, 9.594227075916933e-05, -1.8253918435516872e-15, -3.461256371749147e-05, -9.594227035917419e-05, 1.6536576800840186e-15, 3.461256404461695e-05, -9.594226796030315e-05, 1.7458427492430427e-15, -3.461256373265425e-05, 9.594226801991432e-05, -1.7603485092476927e-15, 3.461256368220611e-05]]}, 0.2]