[{"__ndarray__": [[24, 24], "float64", [54.101288902417075, 0.0005228111829380495, -0.20164054598379627, 15.898000826066962, -0.0005576594845350025, 0.20235591655342, 15.898526667322326, 0.0004692519151709733, -0.2013053166752074, -15.898112340595675, -0.0003920450741735041, 0.20064348275747163, -0.9271751107325741, 0.0005009630748894981, -0.05728500084791793, 0.926777425505108, -0.00041105116924272254, 0.05684552903563822, 0.9274399802817165, 0.00033632112981015226, -0.056347468225787595, -0.9267463502613725, -0.0004685915573783277, 0.056733403378252334, 0.0005228111829380495, 69.99999986594555, 0.0004494712153592399, -0.0005225415977639402, 1.4815693710871136e-07, -0.00044972547149519385, -0.0005227386480412583, -1.256868473008679e-07, 0.0004493680809885011, 0.0005225836378307104, 1.3317416262977165e-07, -0.0004491266563339458, -4.682894114886428e-05, -1.654549468462787e-07, 0.00046359427038727025, 4.696653213604268e-05, 1.656503800761486e-07, -0.0004634288112592814, 4.672816604591029e-05, -1.4971893779947695e-07, 0.00046320635396142465, -4.6980331998796606e-05, 1.279336909992021e-07, -0.00046335898161213324, -0.20164054598379627, 0.0004494712153592399, 53.31056367798992, 0.20080083945342053, -0.00041219217499823685, 16.690267898472964, 0.20139200267423868, 0.0003744639437467339, -16.6891795958383, -0.20093201445179915, -0.00039897736905638296, 16.688436085506652, -0.16678038503467124, 0.0005626040983955829, 0.572525101263229, 0.1663424042781625, -0.00045141775596148, -0.5731442123123521, 0.16709180182842875, 0.0004276335251241308, 0.5738945591017215, -0.16627410270004683, -0.0005515854870705528, -0.5733635141661939, 15.898000826066962, -0.0005225415977639402, 0.20080083945342053, 54.10270890653579, 0.0005573668069836078, -0.20151568998837277, -15.897816538464484, -0.00046900140418318657, 0.20046581573413158, 15.897402525575131, 0.0003917785133332613, -0.19980446695466114, 0.9275257614585243, -0.0005006312493979705, 0.0564724221349345, -0.9271283562041671, 0.0004107231069674397, -0.05603329436997628, -0.9277904280103115, -0.0003360403735749797, 0.05553567508154611, 0.9270973030389623, 0.0004683461801562538, -0.05592130108308482, -0.0005576594845350025, 1.4815693710871136e-07, -0.00041219217499823685, 0.0005573668069836078, 69.99999985027854, 0.00041246765028363284, 0.0005575828933359055, 1.4212765262323424e-07, -0.0004120821441204782, -0.0005574119543919712, -1.3550935469806258e-07, 0.00041182926705462635, -4.65380580114208e-05, 1.8050620420500846e-07, -0.0005109007588495222, 4.638538592397688e-05, -1.7113079589636652e-07, 0.0005107124944559657, 4.6644928958478564e-05, 1.4064497874659623e-07, -0.0005104688579914031, -4.637051826073658e-05, -1.5507418919385837e-07, 0.0005106345241698243, 0.20235591655342, -0.00044972547149519385, 16.690267898472964, -0.20151568998837277, 0.00041246765028363284, 53.308900039875546, -0.2021072366744141, -0.00037470295539326697, 16.690010974536555, 0.20164694699734115, 0.0003992286801698093, -16.689267003640513, 0.16644391277725007, -0.0005629220328231248, -0.571720310639213, -0.1660056631466712, 0.00045173064961047426, 0.5723397401091304, -0.1667555247876953, -0.00042790929212603866, -0.5730905170808005, 0.16593733820520545, 0.0005518327762349029, 0.5725591783486867, 15.898526667322326, -0.0005227386480412583, 0.20139200267423868, -15.897816538464484, 0.0005575828933359055, -0.2021072366744141, 54.10165773585377, -0.0004691826271027203, 0.2010568308008548, 15.897928026046928, 0.00039197555631326805, -0.20039512190965758, 0.9271744346922761, -0.0005008879353838397, 0.057023576680848065, -0.926776828868974, 0.00041096509019407986, -0.056584193492001555, -0.9274392510138298, -0.00033624137064346956, 0.05608624051132141, 0.9267457544283995, 0.0004685270238487923, -0.056472098583255276, 0.0004692519151709733, -1.256868473008679e-07, 0.0003744639437467339, -0.00046900140418318657, 1.4212765262323424e-07, -0.00037470295539326697, -0.0004691826271027203, 69.9999998830623, 0.0003743692025661482, 0.00046903933489895425, 1.2689036926555643e-07, -0.00037414233699859575, -1.6100769208295568e-05, -1.5268511592215946e-07, 0.0005216557964213926, 1.622756754081158e-05, 1.5604839188478898e-07, -0.0005214995356120599, 1.6006735121721466e-05, -1.4210155181247813e-07, 0.0005212945706548647, -1.6240752240098683e-05, 1.1234480165770976e-07, -0.0005214386853888928, -0.2013053166752074, 0.0004493680809885011, -16.6891795958383, 0.20046581573413158, -0.0004120821441204782, 16.690010974536555, 0.2010568308008548, 0.0003743692025661482, 53.31107706482828, -0.20059696417702222, -0.0003988805003675355, 16.688179609467905, -0.16689094059961934, 0.0005624941835101472, 0.5727906830331974, 0.1664530637397812, -0.0004512881631602165, -0.5734096664095094, 0.16720228339200444, 0.00042752593858398863, 0.5741598496017357, -0.16638477215099184, -0.000551506602461495, -0.573628919202227, -15.898112340595675, 0.0005225836378307104, -0.20093201445179915, 15.897402525575131, -0.0005574119543919712, 0.20164694699734115, 15.897928026046928, 0.00046903933489895425, -0.20059696417702222, 54.1024860343533, -0.0003918186962759832, 0.1999355386352878, -0.9274789296066795, 0.0005006821400540225, -0.05658651985099142, 0.9270814841881436, -0.0004107754068476861, 0.056147337235661676, 0.9277436254655922, 0.000336081685452808, -0.05564964755648685, -0.9270504254231556, -0.00046838072324128697, 0.05603532316007262, -0.0003920450741735041, 1.3317416262977165e-07, -0.00039897736905638296, 0.0003917785133332613, -1.3550935469806258e-07, 0.0003992286801698093, 0.00039197555631326805, 1.2689036926555643e-07, -0.0003988805003675355, -0.0003918186962759832, 69.99999987801687, 0.0003986513040571977, 5.846233241571641e-05, 1.5542615584142576e-07, -0.0004735799240297386, -5.859982816498269e-05, -1.6002774645958225e-07, 0.0004734080257202286, -5.836586778368912e-05, 1.3205588083503683e-07, -0.00047319040498779066, 5.861306433854705e-05, -1.300263506765429e-07, 0.00047334018849868546, 0.20064348275747163, -0.0004491266563339458, 16.688436085506652, -0.19980446695466114, 0.00041182926705462635, -16.689267003640513, -0.20039512190965758, -0.00037414233699859575, 16.688179609467905, 0.1999355386352878, 0.0003986513040571977, 53.31256329775375, 0.16718507114582115, -0.000562205636977148, -0.573506171616915, -0.16674744572510536, 0.00045099467172446286, 0.5741248396573213, -0.16749623457730695, -0.00042727831602493984, -0.5748746313663938, 0.16667917656422188, 0.0005512777079589006, 0.5743439742205565, -0.9271751107325741, -4.682894114886428e-05, -0.16678038503467124, 0.9275257614585243, -4.65380580114208e-05, 0.16644391277725007, 0.9271744346922761, -1.6100769208295568e-05, -0.16689094059961934, -0.9274789296066795, 5.846233241571641e-05, 0.16718507114582115, 53.93293860287154, -0.00024169358392641595, -0.3359518045614657, 16.067378349059155, 1.5571345569663383e-05, 0.3362345284830453, 16.06690790592335, 0.0002195460590442951, -0.3366015173116675, -16.0672710136353, 5.758163172627255e-05, 0.33636113508048887, 0.0005009630748894981, -1.654549468462787e-07, 0.0005626040983955829, -0.0005006312493979705, 1.8050620420500846e-07, -0.0005629220328231248, -0.0005008879353838397, -1.5268511592215946e-07, 0.0005624941835101472, 0.0005006821400540225, 1.5542615584142576e-07, -0.000562205636977148, -0.00024169358392641595, 69.99999986520507, 0.0005015910008924786, 0.00024186176335642983, 2.3272287931294722e-07, -0.0005013969398237887, 0.0002415790105233385, -2.1686467743730868e-07, 0.0005011621224163137, -0.00024187322011673209, 1.0114444914336208e-07, -0.0005013267955971696, -0.05728500084791793, 0.00046359427038727025, 0.572525101263229, 0.0564724221349345, -0.0005109007588495222, -0.571720310639213, 0.057023576680848065, 0.0005216557964213926, 0.5727906830331974, -0.05658651985099142, -0.0004735799240297386, -0.573506171616915, -0.3359518045614657, 0.0005015910008924786, 53.07610172107395, 0.3355565552462706, -0.0005515158756760318, 16.923297940514747, 0.33625413278139393, 0.0004426323177219068, -16.92260885050838, -0.3354833616105726, -0.00039347679890637164, 16.92311988687383, 0.926777425505108, 4.696653213604268e-05, 0.1663424042781625, -0.9271283562041671, 4.638538592397688e-05, -0.1660056631466712, -0.926776828868974, 1.622756754081158e-05, 0.1664530637397812, 0.9270814841881436, -5.859982816498269e-05, -0.16674744572510536, 16.067378349059155, 0.00024186176335642983, 0.3355565552462706, 53.93230456165321, -1.575329997320434e-05, -0.3358394521484612, -16.067224754726414, -0.00021938719186484642, 0.33620666997448834, 16.067588119363634, -5.7700945415743433e-05, -0.33596613219764054, -0.00041105116924272254, 1.656503800761486e-07, -0.00045141775596148, 0.0004107231069674397, -1.7113079589636652e-07, 0.00045173064961047426, 0.00041096509019407986, 1.5604839188478898e-07, -0.0004512881631602165, -0.0004107754068476861, -1.6002774645958225e-07, 0.00045099467172446286, 1.5571345569663383e-05, 2.3272287931294722e-07, -0.0005515158756760318, -1.575329997320434e-05, 69.99999984724312, 0.0005512825648615591, -1.5441765437229052e-05, 1.1850075887021534e-07, -0.0005509946052646938, 1.5762098772627964e-05, -1.8900696699732817e-07, 0.0005512085138710458, 0.05684552903563822, -0.0004634288112592814, -0.5731442123123521, -0.05603329436997628, 0.0005107124944559657, 0.5723397401091304, -0.056584193492001555, -0.0005214995356120599, -0.5734096664095094, 0.056147337235661676, 0.0004734080257202286, 0.5741248396573213, 0.3362345284830453, -0.0005013969398237887, 16.923297940514747, -0.3358394521484612, 0.0005512825648615591, 53.077302224988635, -0.33653672902570564, -0.0004424083472680013, 16.922008961743884, 0.3357662743093056, 0.00039333052096339894, -16.922519828286266, 0.9274399802817165, 4.672816604591029e-05, 0.16709180182842875, -0.9277904280103115, 4.6644928958478564e-05, -0.1667555247876953, -0.9274392510138298, 1.6006735121721466e-05, 0.16720228339200444, 0.9277436254655922, -5.836586778368912e-05, -0.16749623457730695, 16.06690790592335, 0.0002415790105233385, 0.33625413278139393, -16.067224754726414, -1.5441765437229052e-05, -0.33653672902570564, 53.933245513115665, -0.0002196584048459293, 0.3369035539404525, 16.06711740893392, -5.749281904328832e-05, -0.3366632835307585, 0.00033632112981015226, -1.4971893779947695e-07, 0.0004276335251241308, -0.0003360403735749797, 1.4064497874659623e-07, -0.00042790929212603866, -0.00033624137064346956, -1.4210155181247813e-07, 0.00042752593858398863, 0.000336081685452808, 1.3205588083503683e-07, -0.00042727831602493984, 0.0002195460590442951, -2.1686467743730868e-07, 0.0004426323177219068, -0.00021938719186484642, 1.1850075887021534e-07, -0.0004424083472680013, -0.0002196584048459293, 69.99999994456212, 0.00044215343970156415, 0.00021937846661606393, 1.7292141429613258e-07, -0.0004423492657166728, -0.056347468225787595, 0.00046320635396142465, 0.5738945591017215, 0.05553567508154611, -0.0005104688579914031, -0.5730905170808005, 0.05608624051132141, 0.0005212945706548647, 0.5741598496017357, -0.05564964755648685, -0.00047319040498779066, -0.5748746313663938, -0.3366015173116675, 0.0005011621224163137, -16.92260885050838, 0.33620666997448834, -0.0005509946052646938, 16.922008961743884, 0.3369035539404525, 0.00044215343970156415, 53.078679519242684, -0.3361335064413799, -0.0003931625905272582, 16.921831109259948, -0.9267463502613725, -4.6980331998796606e-05, -0.16627410270004683, 0.9270973030389623, -4.637051826073658e-05, 0.16593733820520545, 0.9267457544283995, -1.6240752240098683e-05, -0.16638477215099184, -0.9270504254231556, 5.861306433854705e-05, 0.16667917656422188, -16.0672710136353, -0.00024187322011673209, -0.3354833616105726, 16.067588119363634, 1.5762098772627964e-05, 0.3357662743093056, 16.06711740893392, 0.00021937846661606393, -0.3361335064413799, 53.9325192035852, 5.7711209350450106e-05, 0.3358929538034353, -0.0004685915573783277, 1.279336909992021e-07, -0.0005515854870705528, 0.0004683461801562538, -1.5507418919385837e-07, 0.0005518327762349029, 0.0004685270238487923, 1.1234480165770976e-07, -0.000551506602461495, -0.00046838072324128697, -1.300263506765429e-07, 0.0005512777079589006, 5.758163172627255e-05, 1.0114444914336208e-07, -0.00039347679890637164, -5.7700945415743433e-05, -1.8900696699732817e-07, 0.00039333052096339894, -5.749281904328832e-05, 1.7292141429613258e-07, -0.0003931625905272582, 5.7711209350450106e-05, 69.99999995976316, 0.0003932904738130385, 0.056733403378252334, -0.00046335898161213324, -0.5733635141661939, -0.05592130108308482, 0.0005106345241698243, 0.5725591783486867, -0.056472098583255276, -0.0005214386853888928, -0.573628919202227, 0.05603532316007262, 0.00047334018849868546, 0.5743439742205565, 0.33636113508048887, -0.0005013267955971696, 16.92311988687383, -0.33596613219764054, 0.0005512085138710458, -16.922519828286266, -0.3366632835307585, -0.0004423492657166728, 16.921831109259948, 0.3358929538034353, 0.0003932904738130385, 53.07765811295723]]}, {"__ndarray__": [[24], "float64", [9.777953581754106, 3.0864025559723425, 0.13375648592094838, 1.6029936772813442, 1.0288012372646018, 4.175453726766772, 7.293466991691408, 1.0288004845768512, 2.2883616506289775, 4.087479789238271, 3.0864030534725573, 2.0208491398217294, 1.3394927376251524, 3.086402539825972, 1.7687103812669767, 10.04145427838908, 1.0288013756723853, 2.5405003780695785, 4.350980591760957, 1.02880069582208, 3.9233151000135553, 7.029966073848895, 3.0864026879451543, 0.38589522237704127]]}, {"__ndarray__": [[24], "float64", [-0.0003966432714276914, 1.1595629670735493e-06, -0.0004519363529958056, 0.0003944528308324768, -1.0970051343708308e-06, 0.00045404161131016067, 0.0003962147003136768, 1.094682801904831e-06, -0.00045113288069088743, -0.0003948379241156531, -1.0476648204934956e-06, 0.00044923787253238327, 0.00017284364038117777, 1.2059053920986218e-06, -0.000503376844852501, -0.00017415713898516206, -1.133525586936868e-06, 0.0005019823416650467, -0.0001719870017713462, 8.585093675564908e-07, -0.0005003053476224933, 0.0001741141647725213, -1.040464986832299e-06, 0.0005014896006540963]]}, 0.2]