[{"__ndarray__": [[24, 24], "float64", [54.01758622141552, -2.9940090801937167e-15, -0.2401016978481009, 15.98241377871343, 2.3661018708082574e-14, 0.2401016978031659, 15.982413779091925, -2.384883246165681e-14, -0.24010169786008134, -15.982413778942735, -4.679115280627287e-14, 0.24010169789984756, -0.9166184631922734, -2.41307471996653e-14, -0.08106020872239336, 0.9166184629558205, 1.3573311876517346e-14, 0.08106020877819975, 0.9166184634838846, 5.130035468467363e-14, -0.08106020881387377, -0.9166184634729966, 8.515441842110449e-15, 0.0810602087687638, -2.9940090801937167e-15, 70.0, 1.054476846411072e-14, 2.9940090809480097e-15, 4.265675282299073e-28, -1.0544768464501466e-14, 2.9940090845738716e-15, -5.1511351608747415e-28, 1.054476846426778e-14, -2.9940090834080456e-15, -7.183111621368251e-28, -1.0544768464157333e-14, 4.6494858738183926e-15, -3.9786381776251494e-28, 8.995582018819716e-15, -4.649485875002615e-15, -1.1401348232587498e-28, -8.995582018626247e-15, -4.649485871474318e-15, 7.70679452753471e-28, 8.995582018296758e-15, 4.649485871728458e-15, 2.8079928444114553e-28, -8.995582018868868e-15, -0.2401016978481009, 1.054476846411072e-14, 53.327566554629406, 0.2401016979390601, 3.232932373541414e-14, 16.672433445315143, 0.24010169838930484, -3.504012783412777e-14, -16.672433445372402, -0.24010169823394764, -5.408163494552437e-14, 16.672433445402156, -0.15794666545169828, -2.9851061081510036e-14, 0.6112072383178657, 0.1579466652210645, 6.486689303171289e-16, -0.6112072382783604, 0.15794666576675603, 5.6576621204606316e-14, 0.6112072382441187, -0.15794666575609684, 1.8221432038008298e-14, -0.6112072382871275, 15.98241377871343, 2.9940090809480097e-15, 0.2401016979390601, 54.017586221157636, -2.3661018708322028e-14, -0.2401016978941258, -15.982413779220844, 2.384883246147345e-14, 0.24010169795104028, 15.982413779071658, 4.679115280800371e-14, -0.2401016979908082, 0.9166184632537768, 2.4130747200178574e-14, 0.0810602088171686, -0.9166184630173231, -1.3573311877451037e-14, -0.0810602088729726, -0.9166184635453878, -5.130035468672781e-14, 0.08106020890864632, 0.9166184635344989, -8.515441841665577e-15, -0.08106020886353837, 2.3661018708082574e-14, 4.265675282299073e-28, 3.232932373541414e-14, -2.3661018708322028e-14, 70.0, -3.2329323734493225e-14, -2.366101871476645e-14, -2.257991560595259e-27, 3.23293237349499e-14, 2.366101871347894e-14, -3.6135850531616885e-27, -3.2329323735239235e-14, -2.149832709890743e-14, -2.005071363070769e-27, 2.217929669595274e-14, 2.1498327100905784e-14, 3.5428458070541905e-28, -2.217929669642113e-14, 2.1498327094059876e-14, 3.837662740581807e-27, 2.217929669616502e-14, -2.1498327094199223e-14, 1.0830296883896274e-27, -2.2179296695945157e-14, 0.2401016978031659, -1.0544768464501466e-14, 16.672433445315143, -0.2401016978941258, -3.2329323734493225e-14, 53.3275665547403, -0.2401016983443696, 3.5040127833686346e-14, 16.672433445316965, 0.2401016981890136, 5.4081634943472636e-14, -16.672433445346712, 0.1579466654826321, 2.985106108036434e-14, -0.6112072383508896, -0.15794666525199708, -6.486689295668812e-16, 0.6112072383113858, -0.1579466657976884, -5.6576621202230816e-14, -0.6112072382771423, 0.15794666578703148, -1.8221432038054276e-14, 0.6112072383201494, 15.982413779091925, 2.9940090845738716e-15, 0.24010169838930484, -15.982413779220844, -2.366101871476645e-14, -0.2401016983443696, 54.01758622040068, 2.3848832465617686e-14, 0.24010169840128412, 15.982413779450146, 4.679115282607774e-14, -0.2401016984410519, 0.9166184629311571, 2.4130747207675145e-14, 0.08106020917627216, -0.9166184626947048, -1.3573311884206494e-14, -0.08106020923207519, -0.9166184632227667, -5.130035470727092e-14, 0.08106020926775107, 0.9166184632118799, -8.515441840843799e-15, -0.0810602092226396, -2.384883246165681e-14, -5.1511351608747415e-28, -3.504012783412777e-14, 2.384883246147345e-14, -2.257991560595259e-27, 3.5040127833686346e-14, 2.3848832465617686e-14, 70.0, -3.5040127833754276e-14, -2.3848832465051114e-14, 3.842793783418219e-27, 3.50401278336691e-14, 1.9762106037737934e-14, 2.1297060755407013e-27, -2.4912627605256582e-14, -1.9762106038879652e-14, -3.0857999438527585e-28, 2.4912627605451964e-14, -1.9762106034568322e-14, -4.0877372263385635e-27, -2.491262760525137e-14, 1.9762106034595532e-14, -1.1725208584358277e-27, 2.49126276052085e-14, -0.24010169786008134, 1.054476846426778e-14, -16.672433445372402, 0.24010169795104028, 3.23293237349499e-14, 16.672433445316965, 0.24010169840128412, -3.5040127833754276e-14, 53.327566554625804, -0.24010169824592828, -5.4081634944426526e-14, 16.67243344540398, -0.15794666547330488, -2.985106108114965e-14, 0.6112072383084236, 0.1579466652426682, 6.486689298894306e-16, -0.6112072382689187, 0.15794666578835964, 5.657662120347345e-14, 0.6112072382346763, -0.1579466657777039, 1.8221432038061842e-14, -0.6112072382776821, -15.982413778942735, -2.9940090834080456e-15, -0.24010169823394764, 15.982413779071658, 2.366101871347894e-14, 0.2401016981890136, 15.982413779450146, -2.3848832465051114e-14, -0.24010169824592828, 54.01758622069902, -4.67911528216924e-14, 0.24010169828569608, -0.9166184630124721, -2.4130747206092955e-14, -0.08106020903511124, 0.9166184627760184, 1.357331188215925e-14, 0.0810602090909148, 0.9166184633040821, 5.1300354702095576e-14, -0.08106020912658804, -0.9166184632931933, 8.515441841789376e-15, 0.0810602090814811, -4.679115280627287e-14, -7.183111621368251e-28, -5.408163494552437e-14, 4.679115280800371e-14, -3.6135850531616885e-27, 5.4081634943472636e-14, 4.679115282607774e-14, 3.842793783418219e-27, -5.4081634944426526e-14, -4.67911528216924e-14, 70.0, 5.408163494534405e-14, 4.644182019718491e-14, 3.428428588736024e-27, -4.1689795068636127e-14, -4.6441820203523415e-14, -6.277298872287364e-28, 4.1689795069923977e-14, -4.64418201834788e-14, -6.681019201567263e-27, -4.1689795069579263e-14, 4.6441820183799374e-14, -1.830926361889951e-27, 4.1689795068853865e-14, 0.24010169789984756, -1.0544768464157333e-14, 16.672433445402156, -0.2401016979908082, -3.2329323735239235e-14, -16.672433445346712, -0.2401016984410519, 3.50401278336691e-14, 16.67243344540398, 0.24010169828569608, 5.408163494534405e-14, 53.327566554566275, 0.15794666546836245, 2.985106108144771e-14, -0.6112072382702418, -0.15794666523772583, -6.486689301459761e-16, 0.6112072382307361, -0.15794666578341943, -5.6576621204499555e-14, -0.6112072381964941, 0.15794666577276067, -1.8221432037700008e-14, 0.611207238239502, -0.9166184631922734, 4.6494858738183926e-15, -0.15794666545169828, 0.9166184632537768, -2.149832709890743e-14, 0.1579466654826321, 0.9166184629311571, 1.9762106037737934e-14, -0.15794666547330488, -0.9166184630124721, 4.644182019718491e-14, 0.15794666546836245, 53.87058576969615, 2.1763928483057224e-14, -0.3306413452531771, 16.129414230326823, -1.471163052598223e-14, 0.3306413452262339, 16.129414230125192, -4.897202171621612e-14, -0.33064134524457134, -16.129414230094948, -7.161267121054887e-15, 0.33064134525017835, -2.41307471996653e-14, -3.9786381776251494e-28, -2.9851061081510036e-14, 2.4130747200178574e-14, -2.005071363070769e-27, 2.985106108036434e-14, 2.4130747207675145e-14, 2.1297060755407013e-27, -2.985106108114965e-14, -2.4130747206092955e-14, 3.428428588736024e-27, 2.985106108144771e-14, 2.1763928483057224e-14, 70.0, -2.1093068870910396e-14, -2.1763928485570008e-14, -3.4177004878365805e-28, 2.109306887140424e-14, -2.1763928477643218e-14, -3.643737477738718e-27, -2.1093068871291633e-14, 2.1763928477485938e-14, -1.0180242685323173e-27, 2.1093068870984504e-14, -0.08106020872239336, 8.995582018819716e-15, 0.6112072383178657, 0.0810602088171686, 2.217929669595274e-14, -0.6112072383508896, 0.08106020917627216, -2.4912627605256582e-14, 0.6112072383084236, -0.08106020903511124, -4.1689795068636127e-14, -0.6112072382702418, -0.3306413452531771, -2.1093068870910396e-14, 53.119607879761, 0.3306413450492085, -9.22672071540879e-16, 16.88039212029207, 0.3306413455084949, 4.390526995368296e-14, -16.8803921203146, -0.33064134549628105, 1.2976608232445935e-14, 16.88039212028685, 0.9166184629558205, -4.649485875002615e-15, 0.1579466652210645, -0.9166184630173231, 2.1498327100905784e-14, -0.15794666525199708, -0.9166184626947048, -1.9762106038879652e-14, 0.1579466652426682, 0.9166184627760184, -4.6441820203523415e-14, -0.15794666523772583, 16.129414230326823, -2.1763928485570008e-14, 0.3306413450492085, 53.87058576965018, 1.471163052817112e-14, -0.3306413450222649, -16.12941423014819, 4.897202172353604e-14, 0.33064134504060266, 16.12941423011795, 7.161267120564225e-15, -0.33064134504621107, 1.3573311876517346e-14, -1.1401348232587498e-28, 6.486689303171289e-16, -1.3573311877451037e-14, 3.5428458070541905e-28, -6.486689295668812e-16, -1.3573311884206494e-14, -3.0857999438527585e-28, 6.486689298894306e-16, 1.357331188215925e-14, -6.277298872287364e-28, -6.486689301459761e-16, -1.471163052598223e-14, -3.4177004878365805e-28, -9.22672071540879e-16, 1.471163052817112e-14, 70.0, 9.226720710606701e-16, 1.4711630521262207e-14, 6.595097347253392e-28, -9.226720709209968e-16, -1.4711630521722965e-14, 1.0882331951166446e-28, 9.226720715482217e-16, 0.08106020877819975, -8.995582018626247e-15, -0.6112072382783604, -0.0810602088729726, -2.217929669642113e-14, 0.6112072383113858, -0.08106020923207519, 2.4912627605451964e-14, -0.6112072382689187, 0.0810602090909148, 4.1689795069923977e-14, 0.6112072382307361, 0.3306413452262339, 2.109306887140424e-14, 16.88039212029207, -0.3306413450222649, 9.226720710606701e-16, 53.11960787965485, -0.33064134548155116, -4.3905269955234844e-14, 16.88039212036768, 0.33064134546933566, -1.2976608232061863e-14, -16.880392120339927, 0.9166184634838846, -4.649485871474318e-15, 0.15794666576675603, -0.9166184635453878, 2.1498327094059876e-14, -0.1579466657976884, -0.9166184632227667, -1.9762106034568322e-14, 0.15794666578835964, 0.9166184633040821, -4.64418201834788e-14, -0.15794666578341943, 16.129414230125192, -2.1763928477643218e-14, 0.3306413455084949, -16.12941423014819, 1.4711630521262207e-14, -0.33064134548155116, 53.87058577005346, 4.8972021700958205e-14, 0.33064134549988916, 16.12941422991631, 7.16126712154067e-15, -0.33064134550549634, 5.130035468467363e-14, 7.70679452753471e-28, 5.6576621204606316e-14, -5.130035468672781e-14, 3.837662740581807e-27, -5.6576621202230816e-14, -5.130035470727092e-14, -4.0877372263385635e-27, 5.657662120347345e-14, 5.1300354702095576e-14, -6.681019201567263e-27, -5.6576621204499555e-14, -4.897202171621612e-14, -3.643737477738718e-27, 4.390526995368296e-14, 4.897202172353604e-14, 6.595097347253392e-28, -4.3905269955234844e-14, 4.8972021700958205e-14, 70.0, 4.390526995492525e-14, -4.897202170110023e-14, 1.9463383402506385e-27, -4.3905269954063593e-14, -0.08106020881387377, 8.995582018296758e-15, 0.6112072382441187, 0.08106020890864632, 2.217929669616502e-14, -0.6112072382771423, 0.08106020926775107, -2.491262760525137e-14, 0.6112072382346763, -0.08106020912658804, -4.1689795069579263e-14, -0.6112072381964941, -0.33064134524457134, -2.1093068871291633e-14, -16.8803921203146, 0.33064134504060266, -9.226720709209968e-16, 16.88039212036768, 0.33064134549988916, 4.390526995492525e-14, 53.11960787960979, -0.3306413454876746, 1.2976608232160017e-14, 16.880392120362455, -0.9166184634729966, 4.649485871728458e-15, -0.15794666575609684, 0.9166184635344989, -2.1498327094199223e-14, 0.15794666578703148, 0.9166184632118799, 1.9762106034595532e-14, -0.1579466657777039, -0.9166184632931933, 4.6441820183799374e-14, 0.15794666577276067, -16.129414230094948, 2.1763928477485938e-14, -0.33064134549628105, 16.12941423011795, -1.4711630521722965e-14, 0.33064134546933566, 16.12941422991631, -4.897202170110023e-14, -0.3306413454876746, 53.87058577011395, -7.16126712121689e-15, 0.3306413454932806, 8.515441842110449e-15, 2.8079928444114553e-28, 1.8221432038008298e-14, -8.515441841665577e-15, 1.0830296883896274e-27, -1.8221432038054276e-14, -8.515441840843799e-15, -1.1725208584358277e-27, 1.8221432038061842e-14, 8.515441841789376e-15, -1.830926361889951e-27, -1.8221432037700008e-14, -7.161267121054887e-15, -1.0180242685323173e-27, 1.2976608232445935e-14, 7.161267120564225e-15, 1.0882331951166446e-28, -1.2976608232061863e-14, 7.16126712154067e-15, 1.9463383402506385e-27, 1.2976608232160017e-14, -7.16126712121689e-15, 70.0, -1.2976608232241994e-14, 0.0810602087687638, -8.995582018868868e-15, -0.6112072382871275, -0.08106020886353837, -2.2179296695945157e-14, 0.6112072383201494, -0.0810602092226396, 2.49126276052085e-14, -0.6112072382776821, 0.0810602090814811, 4.1689795068853865e-14, 0.611207238239502, 0.33064134525017835, 2.1093068870984504e-14, 16.88039212028685, -0.33064134504621107, 9.226720715482217e-16, -16.880392120339927, -0.33064134550549634, -4.3905269954063593e-14, 16.880392120362455, 0.3306413454932806, -1.2976608232241994e-14, 53.119607879665296]]}, {"__ndarray__": [[24], "float64", [9.833677485257763, 3.105222272150624, 0.13413986853205434, 1.6166654630077144, 1.035074090716875, 4.201346326594174, 7.341836937140422, 1.035074090716875, 2.3018829660951887, 4.10850601112507, 3.105222272150624, 2.0336032290310238, 1.3579856143288243, 3.105222272150624, 1.7683671438982682, 10.092357333936793, 1.035074090716875, 2.5671190512279325, 4.3671858598038975, 1.035074090716875, 3.9361102414614266, 7.083157088461634, 3.105222272150624, 0.39937595366481277]]}, {"__ndarray__": [[24], "float64", [-0.000294503206758533, 1.6900102775426071e-15, -0.0002922495675713872, 0.0002945032069511483, -1.5451492657841834e-15, 0.0002922495674694954, 0.0002945032079013877, -1.7288617440513805e-15, -0.00029224956757128366, -0.0002945032075381533, 1.6324362797061963e-15, 0.0002922495676381361, 5.375641773617472e-05, 1.1586309586581504e-15, -0.0002821345066701586, -5.3756418222418575e-05, -1.2455684432200905e-15, 0.00028213450677711644, -5.3756417150096006e-05, -1.2251689036594523e-15, -0.0002821345068195093, 5.375641708049695e-05, 1.2651336481981155e-15, 0.00028213450674757226]]}, 0.2]