[{"__ndarray__": [[24, 24], "float64", [53.91627076645826, -7.667388874790047e-15, -0.14909686547992768, 16.08372923343004, -4.258267029617526e-14, 0.1490968654284211, 16.083729233785427, 3.1118746751751616e-14, -0.1490968654438348, -16.08372923360134, -2.583268198423758e-14, 0.1490968654668029, -0.7273037109219856, 4.94908051121257e-14, 0.015360740817332713, 0.7273037107242223, -5.61587117774378e-15, -0.015360740789580832, 0.7273037110918135, 1.7979144306808484e-14, 0.015360740785199306, -0.7273037109404645, -1.8472209587336106e-14, -0.015360740796468618, -7.667388874790047e-15, 70.0, 6.866099396072941e-15, 7.667388876872262e-15, 1.860978374851344e-27, -6.866099396276969e-15, 7.667388875279394e-15, -8.775797904236916e-28, 6.866099396012564e-15, -7.667388875958803e-15, 6.354884508195823e-28, -6.866099396335099e-15, 1.478262074468389e-14, -2.0133020067503335e-27, 6.427962703866219e-15, -1.4782620745152277e-14, -7.018553543106492e-29, -6.4279627039103724e-15, -1.4782620745541624e-14, -4.28543903024241e-28, 6.427962703859874e-15, 1.4782620745166073e-14, 4.2416313199808325e-28, -6.4279627039001235e-15, -0.14909686547992768, 6.866099396072941e-15, 53.34183628564053, 0.14909686546548934, 5.291939629657038e-15, 16.65816371435732, 0.14909686549643658, 4.31467185369565e-15, -16.658163714351737, -0.1490968654782261, -2.452509062104562e-15, 16.658163714353375, -0.17305076157692237, -4.3820382138287396e-15, 0.6944357102217805, 0.17305076156170923, -7.343069958416413e-15, -0.6944357102217135, 0.17305076157237287, 1.135553079035851e-15, 0.6944357102164619, -0.17305076157579008, -3.422973798283439e-15, -0.6944357102227768, 16.08372923343004, 7.667388876872262e-15, 0.14909686546548934, 53.91627076668165, 4.25826702899879e-14, -0.1490968654139827, -16.083729233673736, -3.1118746750303753e-14, 0.1490968654293965, 16.083729233489642, 2.583268198252379e-14, -0.14909686545236395, 0.7273037110763635, -4.94908051061913e-14, -0.015360740815702628, -0.7273037108786007, 5.61587117501232e-15, 0.015360740787947861, -0.7273037112461919, -1.7979144305111187e-14, -0.015360740783567476, 0.7273037110948419, 1.8472209586745656e-14, 0.015360740794838505, -4.258267029617526e-14, 1.860978374851344e-27, 5.291939629657038e-15, 4.25826702899879e-14, 70.0, -5.291939631282898e-15, 4.258267030600277e-14, -3.510629798599183e-27, 5.291939630980895e-15, -4.2582670298347137e-14, 3.0610810213577434e-27, -5.2919396302996976e-15, 5.774855177712263e-14, -8.336336210095387e-27, 1.1970205625170348e-14, -5.774855178489904e-14, 1.9684598892950765e-29, -1.1970205623893339e-14, -5.774855176945713e-14, -2.1684479007012542e-27, 1.1970205624235233e-14, 5.774855177486237e-14, 1.6335907275089997e-27, -1.1970205624582478e-14, 0.1490968654284211, -6.866099396276969e-15, 16.65816371435732, -0.1490968654139827, -5.291939631282898e-15, 53.341836285644874, -0.14909686544493006, -4.314671853684354e-15, 16.65816371434956, 0.1490968654267193, 2.4525090612262995e-15, -16.65816371435121, 0.17305076163894836, 4.382038215439578e-15, -0.6944357102227832, -0.17305076162373664, 7.343069958357443e-15, 0.6944357102227177, -0.1730507616344, -1.1355530781874305e-15, -0.6944357102174659, 0.1730507616378148, 3.4229737985582433e-15, 0.6944357102237808, 16.083729233785427, 7.667388875279394e-15, 0.14909686549643658, -16.083729233673736, 4.258267030600277e-14, -0.14909686544493006, 53.916270765970864, -3.111874675260496e-14, 0.14909686546034415, 16.083729233845027, 2.5832681989905154e-14, -0.14909686548331114, 0.7273037105914999, -4.949080512236245e-14, -0.015360740795981816, -0.7273037103937372, 5.6158711792798166e-15, 0.015360740768227767, -0.7273037107613266, -1.7979144311842013e-14, -0.015360740763848604, 0.7273037106099799, 1.847220958613608e-14, 0.015360740775117638, 3.1118746751751616e-14, -8.775797904236916e-28, 4.31467185369565e-15, -3.1118746750303753e-14, -3.510629798599183e-27, -4.314671853684354e-15, -3.111874675260496e-14, 70.0, 4.314671853420429e-15, 3.1118746751813135e-14, -1.3708355978442067e-27, -4.314671853624395e-15, -4.534777313936667e-14, 3.908238898818975e-27, 7.595684435829172e-15, 4.534777313949505e-14, -1.1600582822448697e-28, -7.595684435898144e-15, 4.534777313799646e-14, 8.663070999367153e-28, 7.595684435693859e-15, -4.534777313812994e-14, -1.2079474642792469e-27, -7.595684435769357e-15, -0.1490968654438348, 6.866099396012564e-15, -16.658163714351737, 0.1490968654293965, 5.291939630980895e-15, 16.65816371434956, 0.14909686546034415, 4.314671853420429e-15, 53.34183628565601, -0.14909686544213271, -2.4525090613767037e-15, 16.658163714345626, -0.1730507616257879, -4.382038215183919e-15, 0.6944357102250086, 0.1730507616105734, -7.343069958082982e-15, -0.6944357102249431, 0.1730507616212379, 1.13555307838069e-15, 0.6944357102196909, -0.17305076162465366, -3.4229737982927798e-15, -0.6944357102260056, -16.08372923360134, -7.667388875958803e-15, -0.1490968654782261, 16.083729233489642, -4.2582670298347137e-14, 0.1490968654267193, 16.083729233845027, 3.1118746751813135e-14, -0.14909686544213271, 53.91627076633905, -2.5832681986058043e-14, 0.14909686546510206, -0.7273037108489719, 4.9490805114578026e-14, 0.015360740812539266, 0.7273037106512086, -5.6158711772540076e-15, -0.015360740784786216, 0.7273037110187984, 1.79791443083164e-14, 0.015360740780405585, -0.7273037108674505, -1.8472209586757867e-14, -0.015360740791677003, -2.583268198423758e-14, 6.354884508195823e-28, -2.452509062104562e-15, 2.583268198252379e-14, 3.0610810213577434e-27, 2.4525090612262995e-15, 2.5832681989905154e-14, -1.3708355978442067e-27, -2.4525090613767037e-15, -2.5832681986058043e-14, 70.0, 2.452509061630087e-15, 2.2394729044744787e-14, -3.333082442416172e-27, 1.9525314453764215e-15, -2.2394729049280053e-14, 1.1152497684098111e-28, -1.952531444682334e-15, -2.2394729041124616e-14, -1.0210510438183347e-27, 1.9525314448204363e-15, 2.2394729044215566e-14, 6.227449999809873e-28, -1.95253144505329e-15, 0.1490968654668029, -6.866099396335099e-15, 16.658163714353375, -0.14909686545236395, -5.2919396302996976e-15, -16.65816371435121, -0.14909686548331114, -4.314671853624395e-15, 16.658163714345626, 0.14909686546510206, 2.452509061630087e-15, 53.34183628565273, 0.17305076158675342, 4.382038214523178e-15, -0.6944357102300343, -0.17305076157154115, 7.343069958487641e-15, 0.694435710229968, -0.17305076158220495, -1.1355530786250532e-15, -0.6944357102247158, 0.17305076158561974, 3.422973798397582e-15, 0.6944357102310312, -0.7273037109219856, 1.478262074468389e-14, -0.17305076157692237, 0.7273037110763635, 5.774855177712263e-14, 0.17305076163894836, 0.7273037105914999, -4.534777313936667e-14, -0.1730507616257879, -0.7273037108489719, 2.2394729044744787e-14, 0.17305076158675342, 53.552651905815786, -6.59616345952427e-14, -0.33095809124730896, 16.447348094488127, 3.739223492558703e-15, 0.3309580912013343, 16.4473480939516, -1.2504053528021421e-14, -0.33095809119919306, -16.44734809416641, 2.7321219335897373e-14, 0.3309580912147815, 4.94908051121257e-14, -2.0133020067503335e-27, -4.3820382138287396e-15, -4.94908051061913e-14, -8.336336210095387e-27, 4.382038215439578e-15, -4.949080512236245e-14, 3.908238898818975e-27, -4.382038215183919e-15, 4.9490805114578026e-14, -3.333082442416172e-27, 4.382038214523178e-15, -6.59616345952427e-14, 70.0, -1.0577648966012114e-14, 6.596163460321837e-14, -4.991446604620554e-29, 1.0577648964733447e-14, 6.596163458748366e-14, 2.3461370254362355e-27, -1.057764896513026e-14, -6.596163459295625e-14, -1.851487264188457e-27, 1.0577648965468734e-14, 0.015360740817332713, 6.427962703866219e-15, 0.6944357102217805, -0.015360740815702628, 1.1970205625170348e-14, -0.6944357102227832, -0.015360740795981816, 7.595684435829172e-15, 0.6944357102250086, 0.015360740812539266, 1.9525314453764215e-15, -0.6944357102300343, -0.33095809124730896, -1.0577648966012114e-14, 53.18827763415435, 0.3309580912636252, -6.671877764491097e-15, 16.811722365842584, 0.3309580912442489, -3.305488132161023e-15, -16.81172236584523, -0.3309580912515734, -7.257173708653924e-15, 16.811722365838722, 0.7273037107242223, -1.4782620745152277e-14, 0.17305076156170923, -0.7273037108786007, -5.774855178489904e-14, -0.17305076162373664, -0.7273037103937372, 4.534777313949505e-14, 0.1730507616105734, 0.7273037106512086, -2.2394729049280053e-14, -0.17305076157154115, 16.447348094488127, 6.596163460321837e-14, 0.3309580912636252, 53.55265190520797, -3.7392234936496e-15, -0.3309580912176512, -16.44734809425551, 1.2504053532180308e-14, 0.3309580912155107, 16.447348094470325, -2.7321219334422604e-14, -0.33095809123109815, -5.61587117774378e-15, -7.018553543106492e-29, -7.343069958416413e-15, 5.61587117501232e-15, 1.9684598892950765e-29, 7.343069958357443e-15, 5.6158711792798166e-15, -1.1600582822448697e-28, -7.343069958082982e-15, -5.6158711772540076e-15, 1.1152497684098111e-28, 7.343069958487641e-15, 3.739223492558703e-15, -4.991446604620554e-29, -6.671877764491097e-15, -3.7392234936496e-15, 70.0, 6.671877764745078e-15, -3.7392234903494885e-15, -7.711630975719829e-29, -6.671877764599395e-15, 3.739223491693662e-15, 8.207488128735283e-29, 6.671877764588523e-15, -0.015360740789580832, -6.4279627039103724e-15, -0.6944357102217135, 0.015360740787947861, -1.1970205623893339e-14, 0.6944357102227177, 0.015360740768227767, -7.595684435898144e-15, -0.6944357102249431, -0.015360740784786216, -1.952531444682334e-15, 0.694435710229968, 0.3309580912013343, 1.0577648964733447e-14, 16.811722365842584, -0.3309580912176512, 6.671877764745078e-15, 53.1882776341605, -0.33095809119827324, 3.3054881315139613e-15, 16.811722365842158, 0.33095809120560304, 7.25717370848793e-15, -16.811722365835656, 0.7273037110918135, -1.4782620745541624e-14, 0.17305076157237287, -0.7273037112461919, -5.774855176945713e-14, -0.1730507616344, -0.7273037107613266, 4.534777313799646e-14, 0.1730507616212379, 0.7273037110187984, -2.2394729041124616e-14, -0.17305076158220495, 16.4473480939516, 6.596163458748366e-14, 0.3309580912442489, -16.44734809425551, -3.7392234903494885e-15, -0.33095809119827324, 53.552651906281, 1.2504053524764685e-14, 0.3309580911961337, 16.447348093933794, -2.7321219336005475e-14, -0.3309580912117207, 1.7979144306808484e-14, -4.28543903024241e-28, 1.135553079035851e-15, -1.7979144305111187e-14, -2.1684479007012542e-27, -1.1355530781874305e-15, -1.7979144311842013e-14, 8.663070999367153e-28, 1.13555307838069e-15, 1.79791443083164e-14, -1.0210510438183347e-27, -1.1355530786250532e-15, -1.2504053528021421e-14, 2.3461370254362355e-27, -3.305488132161023e-15, 1.2504053532180308e-14, -7.711630975719829e-29, 3.3054881315139613e-15, 1.2504053524764685e-14, 70.0, -3.3054881315749256e-15, -1.2504053527664705e-14, -3.5721472990215767e-28, 3.3054881318160915e-15, 0.015360740785199306, 6.427962703859874e-15, 0.6944357102164619, -0.015360740783567476, 1.1970205624235233e-14, -0.6944357102174659, -0.015360740763848604, 7.595684435693859e-15, 0.6944357102196909, 0.015360740780405585, 1.9525314448204363e-15, -0.6944357102247158, -0.33095809119919306, -1.057764896513026e-14, -16.81172236584523, 0.3309580912155107, -6.671877764599395e-15, 16.811722365842158, 0.3309580911961337, -3.3054881315749256e-15, 53.18827763415523, -0.33095809120345976, -7.257173708385708e-15, 16.8117223658383, -0.7273037109404645, 1.4782620745166073e-14, -0.17305076157579008, 0.7273037110948419, 5.774855177486237e-14, 0.1730507616378148, 0.7273037106099799, -4.534777313812994e-14, -0.17305076162465366, -0.7273037108674505, 2.2394729044215566e-14, 0.17305076158561974, -16.44734809416641, -6.596163459295625e-14, -0.3309580912515734, 16.447348094470325, 3.739223491693662e-15, 0.33095809120560304, 16.447348093933794, -1.2504053527664705e-14, -0.33095809120345976, 53.552651905851384, 2.732121933513204e-14, 0.33095809121904735, -1.8472209587336106e-14, 4.2416313199808325e-28, -3.422973798283439e-15, 1.8472209586745656e-14, 1.6335907275089997e-27, 3.4229737985582433e-15, 1.847220958613608e-14, -1.2079474642792469e-27, -3.4229737982927798e-15, -1.8472209586757867e-14, 6.227449999809873e-28, 3.422973798397582e-15, 2.7321219335897373e-14, -1.851487264188457e-27, -7.257173708653924e-15, -2.7321219334422604e-14, 8.207488128735283e-29, 7.25717370848793e-15, -2.7321219336005475e-14, -3.5721472990215767e-28, -7.257173708385708e-15, 2.732121933513204e-14, 70.0, 7.257173708511681e-15, -0.015360740796468618, -6.4279627039001235e-15, -0.6944357102227768, 0.015360740794838505, -1.1970205624582478e-14, 0.6944357102237808, 0.015360740775117638, -7.595684435769357e-15, -0.6944357102260056, -0.015360740791677003, -1.95253144505329e-15, 0.6944357102310312, 0.3309580912147815, 1.0577648965468734e-14, 16.811722365838722, -0.33095809123109815, 6.671877764588523e-15, -16.811722365835656, -0.3309580912117207, 3.3054881318160915e-15, 16.8117223658383, 0.33095809121904735, 7.257173708511681e-15, 53.188277634168195]]}, {"__ndarray__": [[24], "float64", [10.049060967833316, 3.1742272115317496, 0.17900019907889547, 1.6557340459492942, 1.05807573717725, 4.252830133716832, 7.508131552840498, 1.05807573717725, 2.3949153654767352, 4.196663460942033, 3.1742272115317496, 2.036914967318958, 1.4406904074213047, 3.1742272115317496, 1.699922405130887, 10.264104606361354, 1.05807573717725, 2.7319079276648215, 4.411707099469949, 1.05807573717725, 3.915837571528757, 7.293087914312575, 3.1742272115317496, 0.5159927612669565]]}, {"__ndarray__": [[24], "float64", [-2.3700990463994167e-05, -1.6810986806684577e-16, -4.036907961679228e-05, 2.3700990150944505e-05, 1.3875544037413978e-16, 4.0369079516416515e-05, 2.3700990985791237e-05, 3.962542564199806e-16, -4.0369079532129966e-05, -2.3700990528787715e-05, -1.5787044129870157e-16, 4.036907959308002e-05, 9.213892702274336e-05, -6.177183021601786e-17, 7.46987837229632e-05, -9.21389275331825e-05, 7.20235452643187e-17, -7.469878365209861e-05, -9.21389266348928e-05, 8.900476513673392e-17, 7.469878364521236e-05, 9.213892700137157e-05, -3.1007457878907193e-16, -7.469878367665021e-05]]}, 0.2]