[{"__ndarray__": [[24, 24], "float64", [53.91890157266266, -0.0021460967241516927, -0.22072191727959323, 16.063244550334563, -0.0021019180606747785, 0.21370794444353963, 16.069159296160496, 0.0007924412976353101, -0.21059998041480382, -16.08545332435896, -0.0007906161618850558, 0.2064578993472137, -0.8133188117099851, 0.0023361734250002633, -0.026806245316479238, 0.8277977267425018, 0.0007287672753383925, 0.03297818171553912, 0.8314134433768452, 0.0008496511079624644, -0.021103351045196672, -0.8117444528380878, 0.0003315979265787317, 0.026087468748430154, -0.0021460967241516927, 69.99999758093504, -0.001576931043349657, 0.002121497761042001, -2.601162124761016e-06, 0.001566739766709398, 0.0021283349848067352, 1.2099471911600674e-06, -0.001562704918898485, -0.0021510789299901173, -6.935139824101091e-07, 0.0015565812733834528, -0.00020735929722045263, 2.0027788083133754e-06, -0.0023961245918953855, 0.0002280468105420049, 1.3840286911713895e-06, 0.0024053200110034654, 0.0002364683561806724, 9.883834646897767e-07, -0.002386857289278981, -0.00020981296118096173, 1.286029703579504e-07, 0.002393976792385818, -0.22072191727959323, -0.001576931043349657, 53.29636895852349, 0.20726662794018086, -0.0011137504163135834, 16.698710842578176, 0.21181567857018574, 0.000571587203998478, -16.695346140225826, -0.22417889938122487, -0.0002903282407510531, 16.692463328374878, -0.16600948836564433, 0.0015077766647825983, 0.5856305895044717, 0.17655782991479724, 0.0005345278570107259, -0.5822651703408062, 0.1809952726129646, 0.0007654966754196382, 0.5912597989904222, -0.16572510395487183, -0.0003983787254780017, -0.5868222073535587, 16.063244550334563, 0.002121497761042001, 0.20726662794018086, 53.9543589071432, 0.0020750677228645992, -0.20035375261555288, -16.051486685103995, -0.0007809218821143845, 0.19729111998602678, 16.06755040066542, 0.0007836238597085298, -0.193207893647589, 0.8191250754628805, -0.0023157346785940155, 0.008553690313162055, -0.8333924444485337, -0.0007143690449511325, -0.014640387206508954, -0.8369205444336494, -0.0008378940509387308, 0.0029440133894923226, 0.81752074000999, -0.0003312697720249413, -0.007853418357360586, -0.0021019180606747785, -2.601162124761016e-06, -0.0011137504163135834, 0.0020750677228645992, 69.99999730097787, 0.001102545973087451, 0.0020824971011397277, 1.4187070555197825e-06, -0.0010980364888493823, -0.0021072835137844323, -6.402178632920415e-07, 0.0010914826937006021, -1.1120226035533703e-05, 2.2804838523779684e-06, -0.0024445045310157914, 3.374878563447024e-05, 1.2954022664425176e-06, 0.0024544827364435685, 4.283969462897763e-05, 1.0114638866201309e-06, -0.002434038544139366, -1.3831503755696618e-05, -6.565484427019814e-08, 0.002441818577150268, 0.21370794444353963, 0.001566739766709398, 16.698710842578176, -0.20035375261555288, 0.001102545973087451, 53.30617185045142, -0.20487477355321948, -0.0005675451971092265, 16.69048478034217, 0.21714574110654572, 0.0002872355952751672, -16.687622910708775, 0.16817311584901962, -0.00149840295954569, -0.5928228261441544, -0.17863670078196336, -0.0005289990811011699, 0.5894858722152089, -0.1830394466771107, -0.0007596495811466723, -0.598415869263476, 0.1678778721718625, 0.00039807550882780065, 0.5940082604783841, 16.069159296160496, 0.0021283349848067352, 0.21181567857018574, -16.051486685103995, 0.0020824971011397277, -0.20487477355321948, 53.94264909969577, -0.0007841205237571107, 0.20179998369950913, 16.073478548005248, 0.0007856017756755925, -0.19770052131048949, 0.8188985460649663, -0.0023217284650207943, 0.012604362375499306, -0.8332221493811448, -0.0007182752988595962, -0.018714406819364954, -0.8367761874679047, -0.0008407814669407932, 0.006968800558113608, 0.817299531656418, -0.0003315281922794274, -0.01189912371852725, 0.0007924412976353101, 1.2099471911600674e-06, 0.000571587203998478, -0.0007809218821143845, 1.4187070555197825e-06, -0.0005675451971092265, -0.0007841205237571107, 69.99999968279116, 0.000565025818524877, 0.000794610709041027, 4.693133217939101e-07, -0.0005627394155026149, -0.0002815573645879397, -9.743560655880845e-07, 0.0010297628089845489, 0.0002719796956114305, -8.226907379115984e-07, -0.0010325789847846815, 0.0002679330122813535, -8.923260140947486e-07, 0.0010261068076066135, -0.00028036494409972425, -9.138593107623353e-08, -0.0010296190417397174, -0.21059998041480382, -0.001562704918898485, -16.695346140225826, 0.19729111998602678, -0.0010980364888493823, 16.69048478034217, 0.20179998369950913, 0.000565025818524877, 53.31285325155366, -0.21402854024973222, -0.000286251304336735, 16.684297992942692, -0.17113498721517356, 0.001496107004814209, 0.5949677465115328, 0.1815606102610327, 0.0005259869586139599, -0.5916515818258061, 0.18594517456141607, 0.0007586080776234473, 0.6005427597579571, -0.17083338057134334, -0.0003987351726087456, -0.5961488090053952, -16.08545332435896, -0.0021510789299901173, -0.22417889938122487, 16.06755040066542, -0.0021072835137844323, 0.21714574110654572, 16.073478548005248, 0.000794610709041027, -0.21402854024973222, 53.91018227752413, -0.0007921075920208768, 0.20987541325742654, -0.8141327167274894, 0.002340801126719981, -0.029948330521104988, 0.8286515914196724, 0.0007314530858051856, 0.03613572845296842, 0.8322850651871776, 0.0008519547664488868, -0.024227374597103474, -0.8125618413450989, 0.0003316504337507904, 0.029226262130995717, -0.0007906161618850558, -6.935139824101091e-07, -0.0002903282407510531, 0.0007836238597085298, -6.402178632920415e-07, 0.0002872355952751672, 0.0007856017756755925, 4.693133217939101e-07, -0.000286251304336735, -0.0007921075920208768, 69.99999988621344, 0.0002843511098802675, -0.000577522866586221, 7.290303251561323e-07, -0.0011221342141699458, 0.0005835945046775296, 1.9116196007705058e-07, 0.001125219117347811, 0.0005854166088177716, 1.6157410048593696e-07, -0.0011191987468969855, -0.0005779901283482053, -1.0356126399492952e-07, 0.0011211066836787375, 0.2064578993472137, 0.0015565812733834528, 16.692463328374878, -0.193207893647589, 0.0010914826937006021, -16.687622910708775, -0.19770052131048949, -0.0005627394155026149, 16.684297992942692, 0.20987541325742654, 0.0002843511098802675, 53.318539429233205, 0.1703807722724387, -0.0014899056619632413, -0.5999601896276691, -0.18075829326362264, -0.0005230899801454115, 0.5966588030234553, -0.18512281626340227, -0.0007550436442708924, -0.6055143115443716, 0.17007543955110122, 0.00039836365023600685, 0.6011378582557403, -0.8133188117099851, -0.00020735929722045263, -0.16600948836564433, 0.8191250754628805, -1.1120226035533703e-05, 0.16817311584901962, 0.8188985460649663, -0.0002815573645879397, -0.17113498721517356, -0.8141327167274894, -0.000577522866586221, 0.1703807722724387, 53.76943317602546, 0.00023671832576940464, -0.32260059195466656, 16.226332782443713, 0.0003642256805980274, 0.3236234313324227, 16.220343358690954, -5.3651592620089766e-05, -0.3261446834187748, -16.22668140986451, 0.0005302674329212991, 0.32371243158672297, 0.0023361734250002633, 2.0027788083133754e-06, 0.0015077766647825983, -0.0023157346785940155, 2.2804838523779684e-06, -0.00149840295954569, -0.0023217284650207943, -9.743560655880845e-07, 0.001496107004814209, 0.002340801126719981, 7.290303251561323e-07, -0.0014899056619632413, 0.00023671832576940464, 69.99999938088904, 0.0023825224855747226, -0.00025561757615147817, -1.830313773150293e-06, -0.0023922450091114194, -0.0002615648638076627, -9.7448980175573e-07, 0.0023752544168205757, 0.0002409527060234487, -6.140224822523997e-07, -0.0023811069414214885, -0.026806245316479238, -0.0023961245918953855, 0.5856305895044717, 0.008553690313162055, -0.0024445045310157914, -0.5928228261441544, 0.012604362375499306, 0.0010297628089845489, 0.5949677465115328, -0.029948330521104988, -0.0011221342141699458, -0.5999601896276691, -0.32260059195466656, 0.0023825224855747226, 53.12971994416699, 0.3377150521200439, 0.0012139115494389618, 16.877160296794468, 0.34268215660993673, 0.0009532724779724405, -16.863537070400145, -0.3222000933679536, 0.00038329416206844526, 16.868841509324334, 0.8277977267425018, 0.0002280468105420049, 0.17655782991479724, -0.8333924444485337, 3.374878563447024e-05, -0.17863670078196336, -0.8332221493811448, 0.0002719796956114305, 0.1815606102610327, 0.8286515914196724, 0.0005835945046775296, -0.18075829326362264, 16.226332782443713, -0.00025561757615147817, 0.3377150521200439, 53.77773493470483, -0.0003757669596358773, -0.33880628390974254, -16.21636189974292, 4.4933313979034705e-05, 0.34117991374904005, 16.222459457876084, -0.0005309186675539345, -0.3388121281763357, 0.0007287672753383925, 1.3840286911713895e-06, 0.0005345278570107259, -0.0007143690449511325, 1.2954022664425176e-06, -0.0005289990811011699, -0.0007182752988595962, -8.226907379115984e-07, 0.0005259869586139599, 0.0007314530858051856, 1.9116196007705058e-07, -0.0005230899801454115, 0.0003642256805980274, -1.830313773150293e-06, 0.0012139115494389618, -0.0003757669596358773, 70.00000000928372, -0.0012184477847271633, -0.0003801393389927952, -5.723236194392678e-07, 0.0012079493312289653, 0.0003641046006877162, 3.4545144087829645e-07, -0.0012118388503633065, 0.03297818171553912, 0.0024053200110034654, -0.5822651703408062, -0.014640387206508954, 0.0024544827364435685, 0.5894858722152089, -0.018714406819364954, -0.0010325789847846815, -0.5916515818258061, 0.03613572845296842, 0.001125219117347811, 0.5966588030234553, 0.3236234313324227, -0.0023922450091114194, 16.877160296794468, -0.33880628390974254, -0.0012184477847271633, 53.11594280996878, -0.34380382120403524, -0.0009592487475356815, 16.87038821084457, 0.3232275573802845, -0.000382501485901978, -16.87571924080992, 0.8314134433768452, 0.0002364683561806724, 0.1809952726129646, -0.8369205444336494, 4.283969462897763e-05, -0.1830394466771107, -0.8367761874679047, 0.0002679330122813535, 0.18594517456141607, 0.8322850651871776, 0.0005854166088177716, -0.18512281626340227, 16.220343358690954, -0.0002615648638076627, 0.34268215660993673, -16.21636189974292, -0.0003801393389927952, -0.34380382120403524, 53.789524769944244, 3.908070556014019e-05, 0.34611490979787785, 16.216491994059485, -0.0005300342678261706, -0.3437714295245443, 0.0008496511079624644, 9.883834646897767e-07, 0.0007654966754196382, -0.0008378940509387308, 1.0114638866201309e-06, -0.0007596495811466723, -0.0008407814669407932, -8.923260140947486e-07, 0.0007586080776234473, 0.0008519547664488868, 1.6157410048593696e-07, -0.0007550436442708924, -5.3651592620089766e-05, -9.7448980175573e-07, 0.0009532724779724405, 4.4933313979034705e-05, -5.723236194392678e-07, -0.0009592487475356815, 3.908070556014019e-05, 70.00000044477521, 0.0009478573791643649, -5.329278344670088e-05, -1.6705730064535603e-07, -0.0009512926372440744, -0.021103351045196672, -0.002386857289278981, 0.5912597989904222, 0.0029440133894923226, -0.002434038544139366, -0.598415869263476, 0.006968800558113608, 0.0010261068076066135, 0.6005427597579571, -0.024227374597103474, -0.0011191987468969855, -0.6055143115443716, -0.3261446834187748, 0.0023752544168205757, -16.863537070400145, 0.34117991374904005, 0.0012079493312289653, 16.87038821084457, 0.34611490979787785, 0.0009478573791643649, 53.14317314843183, -0.3257322281749172, 0.00038292679217220805, 16.862103333312888, -0.8117444528380878, -0.00020981296118096173, -0.16572510395487183, 0.81752074000999, -1.3831503755696618e-05, 0.1678778721718625, 0.817299531656418, -0.00028036494409972425, -0.17083338057134334, -0.8125618413450989, -0.0005779901283482053, 0.17007543955110122, -16.22668140986451, 0.0002409527060234487, -0.3222000933679536, 16.222459457876084, 0.0003641046006877162, 0.3232275573802845, 16.216491994059485, -5.329278344670088e-05, -0.3257322281749172, 53.777215980831414, 0.000530235106405824, 0.3233099370521548, 0.0003315979265787317, 1.286029703579504e-07, -0.0003983787254780017, -0.0003312697720249413, -6.565484427019814e-08, 0.00039807550882780065, -0.0003315281922794274, -9.138593107623353e-08, -0.0003987351726087456, 0.0003316504337507904, -1.0356126399492952e-07, 0.00039836365023600685, 0.0005302674329212991, -6.140224822523997e-07, 0.00038329416206844526, -0.0005309186675539345, 3.4545144087829645e-07, -0.000382501485901978, -0.0005300342678261706, -1.6705730064535603e-07, 0.00038292679217220805, 0.000530235106405824, 70.00000056762738, -0.0003830447293330669, 0.026087468748430154, 0.002393976792385818, -0.5868222073535587, -0.007853418357360586, 0.002441818577150268, 0.5940082604783841, -0.01189912371852725, -0.0010296190417397174, -0.5961488090053952, 0.029226262130995717, 0.0011211066836787375, 0.6011378582557403, 0.32371243158672297, -0.0023811069414214885, 16.868841509324334, -0.3388121281763357, -0.0012118388503633065, -16.87571924080992, -0.3437714295245443, -0.0009512926372440744, 16.862103333312888, 0.3233099370521548, -0.0003830447293330669, 53.1325992956677]]}, {"__ndarray__": [[24], "float64", [9.880182974559606, 3.120905456590751, 0.14452733739213205, 1.627991798490302, 1.0403021081946628, 4.2128560443321765, 7.382078651648317, 1.0403015849165185, 2.323218030888339, 4.126096109365073, 3.1209054133133054, 2.034165187479684, 1.370519985329015, 3.12090498684936, 1.7461998694896639, 10.137651419901664, 1.040301536732129, 2.6111817689005523, 4.383563941844333, 1.0403016586176093, 3.924890463236715, 7.124606971484778, 3.1209050570206207, 0.43249165848522303]]}, {"__ndarray__": [[24], "float64", [-0.0001223086393559908, -1.0300799146318473e-06, -0.00010529260917841608, 0.00011172437379265384, -1.0637969060190376e-06, 0.00010088765117068924, 0.0001141352066990816, 5.714948184262762e-07, -9.895674672334053e-05, -0.00012399391253027883, -2.0518918789125388e-07, 9.67246843343329e-05, 6.160131946143195e-05, 1.250091862377786e-06, -0.00012155347265749602, -5.4175685122949905e-05, 2.9936434249580436e-07, 0.0001246042280469004, -4.921095330043354e-05, 2.687614047949979e-07, -0.00011716867724712633, 6.222829035648566e-05, -9.064641955272582e-08, 0.00012075494225445636]]}, 0.2]