[{"__ndarray__": [[24, 24], "float64", [54.11270269522269, 3.8791786333687353e-17, -0.21749349502050833, 15.887297305041981, 7.800900365538077e-15, 0.21749349503571494, 15.887297304869138, -8.22654742818761e-15, -0.21749349511736432, -15.887297304821887, -4.692930157906026e-15, 0.21749349504588317, -1.0719317737833474, -5.858136305841784e-15, -0.07458442897090897, 1.0719317736440648, -7.167808665888089e-16, 0.07458442897432152, 1.0719317736398195, 4.600413552432886e-15, -0.07458442899150677, -1.0719317738038787, 6.8184328347636124e-15, 0.07458442902882123, 3.8791786333687353e-17, 70.0, 6.484595055995532e-15, -3.8791788685807093e-17, 1.341771461990157e-28, -6.484595055946808e-15, -3.8791787079773065e-17, -2.3631235086816264e-28, 6.4845950570549186e-15, 3.879178714517279e-17, 9.530782772379925e-31, -6.484595056358699e-15, 3.5328610562887007e-15, -1.1264296217904458e-28, 4.266942767435423e-15, -3.532861055339499e-15, -1.2816423377369697e-28, -4.266942767723563e-15, -3.532861054740266e-15, 2.340319265736553e-29, 4.2669427678383004e-15, 3.5328610566247286e-15, 1.9301597182725493e-28, -4.266942768294331e-15, -0.21749349502050833, 6.484595055995532e-15, 53.32668394951888, 0.21749349531583992, 9.131865105799282e-15, 16.67331605050171, 0.21749349512043337, -1.7841445148104774e-14, -16.673316050594913, -0.2174934950904796, 3.784468065404034e-16, 16.673316050509424, -0.19491067488918387, -7.691849389279085e-15, 0.5833926119046318, 0.19491067472786835, -7.822618225634225e-15, -0.5833926118992534, 0.19491067467592385, 1.9645857468803437e-15, 0.5833926118863096, -0.19491067491488528, 1.551252883961229e-14, -0.583392611833675, 15.887297305041981, -3.8791788685807093e-17, 0.21749349531583992, 54.11270269469334, -7.80090036575073e-15, -0.21749349533104637, -15.887297305133806, 8.226547429926836e-15, 0.2174934954126945, 15.887297305086559, 4.6929301559734704e-15, -0.21749349534121407, 1.0719317736876242, 5.858136305973789e-15, 0.07458442922822589, -1.0719317735483416, 7.167808690371239e-16, -0.07458442923163902, -1.0719317735440967, -4.6004135506657926e-15, 0.07458442924882372, 1.0719317737081557, -6.818432836422531e-15, -0.07458442928613887, 7.800900365538077e-15, 1.341771461990157e-28, 9.131865105799282e-15, -7.80090036575073e-15, 70.0, -9.131865105742213e-15, -7.800900365626417e-15, -3.404771130285664e-28, 9.131865105870654e-15, 7.800900365665174e-15, -2.762457484664687e-29, -9.131865105868238e-15, -4.628285820892596e-15, -1.680566448871555e-28, 6.269907005147119e-15, 4.6282858209251785e-15, -1.4983926972823394e-28, -6.269907005163308e-15, 4.628285821053534e-15, 6.040040466929275e-29, 6.269907005212072e-15, -4.6282858210152885e-15, 2.8537204414624145e-28, -6.269907005223623e-15, 0.21749349503571494, -6.484595055946808e-15, 16.67331605050171, -0.21749349533104637, -9.131865105742213e-15, 53.32668394947771, -0.21749349513564106, 1.7841445148110324e-14, 16.673316050615504, 0.2174934951056875, -3.7844680663902444e-16, -16.673316050530016, 0.19491067486797295, 7.691849389241953e-15, -0.583392611889503, -0.1949106747066555, 7.822618225594645e-15, 0.5833926118841251, -0.1949106746547133, -1.9645857468090243e-15, -0.5833926118711787, 0.19491067489367353, -1.551252883962542e-14, 0.5833926118185455, 15.887297304869138, -3.8791787079773065e-17, 0.21749349512043337, -15.887297305133806, -7.800900365626417e-15, -0.21749349513564106, 54.11270269503905, 8.22654742855814e-15, 0.2174934952172898, 15.88729730491371, 4.692930157537864e-15, -0.21749349514580818, 1.0719317737154566, 5.858136305924226e-15, 0.07458442907079854, -1.0719317735761729, 7.167808673946066e-16, -0.07458442907420998, -1.0719317735719274, -4.600413552174363e-15, 0.07458442909139706, 1.0719317737359872, -6.818432835100983e-15, -0.07458442912870994, -8.22654742818761e-15, -2.3631235086816264e-28, -1.7841445148104774e-14, 8.226547429926836e-15, -3.404771130285664e-28, 1.7841445148110324e-14, 8.22654742855814e-15, 70.0, -1.7841445148864624e-14, -8.226547428396561e-15, 2.9198659604761384e-29, 1.7841445148378073e-14, 6.07409361116196e-15, 2.8118240514240165e-28, -1.2503602894322191e-14, -6.074093611657639e-15, 2.6416799931305974e-28, 1.2503602894461551e-14, -6.074093612597717e-15, -8.997226695394648e-29, -1.2503602894604177e-14, 6.074093610997164e-15, -4.928051994356702e-28, 1.2503602894884125e-14, -0.21749349511736432, 6.4845950570549186e-15, -16.673316050594913, 0.2174934954126945, 9.131865105870654e-15, 16.673316050615504, 0.2174934952172898, -1.7841445148864624e-14, 53.32668394929126, -0.21749349518733488, 3.784468074888343e-16, 16.67331605062322, -0.19491067485062738, -7.691849389302227e-15, 0.5833926118120822, 0.19491067468930998, -7.822618226730636e-15, -0.583392611806704, 0.1949106746373677, 1.9645857459761205e-15, 0.5833926117937575, -0.19491067487632757, 1.551252884033523e-14, -0.5833926117411258, -15.887297304821887, 3.879178714517279e-17, -0.2174934950904796, 15.887297305086559, 7.800900365665174e-15, 0.2174934951056875, 15.88729730491371, -8.226547428396561e-15, -0.21749349518733488, 54.11270269513353, -4.692930157546036e-15, 0.21749349511585453, -1.0719317737599146, -5.858136305915214e-15, -0.07458442902570411, 1.0719317736206315, -7.167808674230372e-16, 0.0745844290291161, 1.0719317736163845, 4.600413552108775e-15, -0.07458442904630327, -1.071931773780447, 6.81843283492523e-15, 0.07458442908361851, -4.692930157906026e-15, 9.530782772379925e-31, 3.784468065404034e-16, 4.6929301559734704e-15, -2.762457484664687e-29, -3.7844680663902444e-16, 4.692930157537864e-15, 2.9198659604761384e-29, 3.784468074888343e-16, -4.692930157546036e-15, 70.0, -3.7844680678449276e-16, 1.932861982748715e-15, 2.0281550562551164e-29, 1.543936102608981e-15, -1.932861981791694e-15, 2.537047564865428e-30, -1.5439361028844742e-15, -1.9328619813259616e-15, -2.7269424957085764e-29, 1.543936102923776e-15, 1.9328619828598228e-15, -2.518603576985339e-29, -1.5439361033310444e-15, 0.21749349504588317, -6.484595056358699e-15, 16.673316050509424, -0.21749349534121407, -9.131865105868238e-15, -16.673316050530016, -0.21749349514580818, 1.7841445148378073e-14, 16.67331605062322, 0.21749349511585453, -3.7844680678449276e-16, 53.326683949462264, 0.19491067486799923, 7.691849389323642e-15, -0.5833926118855683, -0.1949106747066851, 7.82261822601795e-15, 0.5833926118801903, -0.19491067465474218, -1.9645857466529348e-15, -0.5833926118672454, 0.19491067489370148, -1.5512528839872085e-14, 0.5833926118146113, -1.0719317737833474, 3.5328610562887007e-15, -0.19491067488918387, 1.0719317736876242, -4.628285820892596e-15, 0.19491067486797295, 1.0719317737154566, 6.07409361116196e-15, -0.19491067485062738, -1.0719317737599146, 1.932861982748715e-15, 0.19491067486799923, 54.08023241958463, 3.4404717229106216e-15, -0.3949051371721513, 15.919767580440425, -1.7986320765506168e-15, 0.39490513716198794, 15.919767580510934, -2.534919922015806e-15, -0.3949051371623866, -15.919767580407063, -6.067826763420357e-15, 0.3949051371379976, -5.858136305841784e-15, -1.1264296217904458e-28, -7.691849389279085e-15, 5.858136305973789e-15, -1.680566448871555e-28, 7.691849389241953e-15, 5.858136305924226e-15, 2.8118240514240165e-28, -7.691849389302227e-15, -5.858136305915214e-15, 2.0281550562551164e-29, 7.691849389323642e-15, 3.4404717229106216e-15, 70.0, -5.333892712009443e-15, -3.440471722955388e-15, 1.2527202420995976e-28, 5.333892712004572e-15, -3.4404717230037644e-15, -4.7759142771694864e-29, -5.333892712031635e-15, 3.4404717230438555e-15, -2.3556520185658025e-28, 5.333892712034789e-15, -0.07458442897090897, 4.266942767435423e-15, 0.5833926119046318, 0.07458442922822589, 6.269907005147119e-15, -0.583392611889503, 0.07458442907079854, -1.2503602894322191e-14, 0.5833926118120822, -0.07458442902570411, 1.543936102608981e-15, -0.5833926118855683, -0.3949051371721513, -5.333892712009443e-15, 53.07903576900917, 0.39490513705740393, -5.237902778297e-15, 16.920964230996514, 0.39490513702603214, 2.4545170679804767e-16, -16.920964231008764, -0.39490513719492243, 1.0893351620666102e-14, 16.92096423104792, 1.0719317736440648, -3.532861055339499e-15, 0.19491067472786835, -1.0719317735483416, 4.6282858209251785e-15, -0.1949106747066555, -1.0719317735761729, -6.074093611657639e-15, 0.19491067468930998, 1.0719317736206315, -1.932861981791694e-15, -0.1949106747066851, 15.919767580440425, -3.440471722955388e-15, 0.39490513705740393, 54.08023241953449, 1.7986320754873135e-15, -0.39490513704723873, -15.919767580536014, 2.5349199211537846e-15, 0.39490513704763813, 15.919767580432156, 6.067826763971045e-15, -0.3949051370232477, -7.167808665888089e-16, -1.2816423377369697e-28, -7.822618225634225e-15, 7.167808690371239e-16, -1.4983926972823394e-28, 7.822618225594645e-15, 7.167808673946066e-16, 2.6416799931305974e-28, -7.822618226730636e-15, -7.167808674230372e-16, 2.537047564865428e-30, 7.82261822601795e-15, -1.7986320765506168e-15, 1.2527202420995976e-28, -5.237902778297e-15, 1.7986320754873135e-15, 70.0, 5.237902778584001e-15, 1.7986320749184683e-15, -3.033067799172492e-29, -5.237902778708355e-15, -1.7986320768660815e-15, -2.1845855575999326e-28, 5.2379027791737554e-15, 0.07458442897432152, -4.266942767723563e-15, -0.5833926118992534, -0.07458442923163902, -6.269907005163308e-15, 0.5833926118841251, -0.07458442907420998, 1.2503602894461551e-14, -0.583392611806704, 0.0745844290291161, -1.5439361028844742e-15, 0.5833926118801903, 0.39490513716198794, 5.333892712004572e-15, 16.920964230996514, -0.39490513704723873, 5.237902778584001e-15, 53.079035768997784, -0.3949051370158658, -2.454517065139954e-16, 16.92096423101445, 0.3949051371847566, -1.0893351620793923e-14, -16.920964231053606, 1.0719317736398195, -3.532861054740266e-15, 0.19491067467592385, -1.0719317735440967, 4.628285821053534e-15, -0.1949106746547133, -1.0719317735719274, -6.074093612597717e-15, 0.1949106746373677, 1.0719317736163845, -1.9328619813259616e-15, -0.19491067465474218, 15.919767580510934, -3.4404717230037644e-15, 0.39490513702603214, -15.919767580536014, 1.7986320749184683e-15, -0.3949051370158658, 54.08023241939348, 2.5349199207071734e-15, 0.39490513701626506, 15.91976758050266, 6.0678267648038754e-15, -0.3949051369918767, 4.600413552432886e-15, 2.340319265736553e-29, 1.9645857468803437e-15, -4.6004135506657926e-15, 6.040040466929275e-29, -1.9645857468090243e-15, -4.600413552174363e-15, -8.997226695394648e-29, 1.9645857459761205e-15, 4.600413552108775e-15, -2.7269424957085764e-29, -1.9645857466529348e-15, -2.534919922015806e-15, -4.7759142771694864e-29, 2.4545170679804767e-16, 2.5349199211537846e-15, -3.033067799172492e-29, -2.454517065139954e-16, 2.5349199207071734e-15, 70.0, 2.4545170647797367e-16, -2.534919922099205e-15, 7.698960557808593e-29, -2.4545170609681264e-16, -0.07458442899150677, 4.2669427678383004e-15, 0.5833926118863096, 0.07458442924882372, 6.269907005212072e-15, -0.5833926118711787, 0.07458442909139706, -1.2503602894604177e-14, 0.5833926117937575, -0.07458442904630327, 1.543936102923776e-15, -0.5833926118672454, -0.3949051371623866, -5.333892712031635e-15, -16.920964231008764, 0.39490513704763813, -5.237902778708355e-15, 16.92096423101445, 0.39490513701626506, 2.4545170647797367e-16, 53.0790357689733, -0.39490513718515624, 1.0893351620919753e-14, 16.92096423106585, -1.0719317738038787, 3.5328610566247286e-15, -0.19491067491488528, 1.0719317737081557, -4.6282858210152885e-15, 0.19491067489367353, 1.0719317737359872, 6.074093610997164e-15, -0.19491067487632757, -1.071931773780447, 1.9328619828598228e-15, 0.19491067489370148, -15.919767580407063, 3.4404717230438555e-15, -0.39490513719492243, 15.919767580432156, -1.7986320768660815e-15, 0.3949051371847566, 15.91976758050266, -2.534919922099205e-15, -0.39490513718515624, 54.08023241960121, -6.067826763313504e-15, 0.3949051371607678, 6.8184328347636124e-15, 1.9301597182725493e-28, 1.551252883961229e-14, -6.818432836422531e-15, 2.8537204414624145e-28, -1.551252883962542e-14, -6.818432835100983e-15, -4.928051994356702e-28, 1.551252884033523e-14, 6.81843283492523e-15, -2.518603576985339e-29, -1.5512528839872085e-14, -6.067826763420357e-15, -2.3556520185658025e-28, 1.0893351620666102e-14, 6.067826763971045e-15, -2.1845855575999326e-28, -1.0893351620793923e-14, 6.0678267648038754e-15, 7.698960557808593e-29, 1.0893351620919753e-14, -6.067826763313504e-15, 70.0, -1.0893351621184172e-14, 0.07458442902882123, -4.266942768294331e-15, -0.583392611833675, -0.07458442928613887, -6.269907005223623e-15, 0.5833926118185455, -0.07458442912870994, 1.2503602894884125e-14, -0.5833926117411258, 0.07458442908361851, -1.5439361033310444e-15, 0.5833926118146113, 0.3949051371379976, 5.333892712034789e-15, 16.92096423104792, -0.3949051370232477, 5.2379027791737554e-15, -16.920964231053606, -0.3949051369918767, -2.4545170609681264e-16, 16.92096423106585, 0.3949051371607678, -1.0893351621184172e-14, 53.079035768895004]]}, {"__ndarray__": [[24], "float64", [9.742330804524483, 3.0738563906137495, 0.12848480413431904, 1.592352113960435, 1.02461879687125, 4.163208601142166, 7.259693573203062, 1.02461879687125, 2.274331506772602, 4.074989345281962, 3.0738563906137495, 2.017361898503928, 1.3326425259195114, 3.0738563906137495, 1.7922214363018223, 10.002040392565593, 1.02461879687125, 2.499471968974658, 4.33469893332302, 1.02461879687125, 3.938068138940078, 6.999983985162064, 3.0738563906137495, 0.3536252663363994]]}, {"__ndarray__": [[24], "float64", [-0.00016022650812458827, 1.0160612666459591e-16, -0.00014977965686812874, 0.00016022650877968686, 1.0362705428549578e-16, 0.00014977965689987212, 0.00016022650837146956, 2.865283644344228e-17, -0.00014977965711560428, -0.0001602265082401844, 4.621695836093137e-17, 0.00014977965693300046, -2.7342991629241472e-05, -1.15115416168773e-16, -0.00018809646501022576, 2.7342991339486923e-05, -9.75306572743366e-17, 0.00018809646503530866, 2.734299119156033e-05, -2.0241529722463646e-17, -0.00018809646505463153, -2.734299168819388e-05, -4.569214237292811e-17, 0.00018809646518041265]]}, 0.2]