[{"__ndarray__": [[24, 24], "float64", [54.11073604947513, 9.594251628235064e-14, 0.004674315845674043, 15.889263949753055, 1.368776092132686e-14, -0.0046743164879022026, 15.889263950683155, 7.589392416140454e-14, 0.00467431604068988, -15.889263950009234, -2.3171844378467757e-14, -0.004674316172693926, -1.048332973338533, 4.933179796419669e-15, 0.11960037360849911, 1.048332972150099, -9.983802421780365e-14, -0.11960037301369605, 1.048332973395567, 6.8912965174273254e-15, 0.11960037332931621, -1.0483329724504578, -6.976055278150926e-14, -0.11960037316033904, 9.594251628235064e-14, 70.0, -1.942731998377458e-13, -9.59425163631581e-14, 6.625981370183594e-27, 1.9427319983199158e-13, -9.594251633005826e-14, 6.069969539649732e-26, -1.9427319985628021e-13, 9.59425162840947e-14, -2.8080864637800703e-26, 1.9427319983066225e-13, 4.986514885019072e-14, -9.975566405917458e-27, -1.6419464436087178e-13, -4.986514880898007e-14, -5.635138385787947e-26, 1.6419464435019384e-13, -4.986514875167101e-14, 2.688467722413055e-26, -1.6419464435376264e-13, 4.98651488019971e-14, -5.213220924809139e-26, 1.641946443530612e-13, 0.004674315845674043, -1.942731998377458e-13, 53.336036495542224, -0.004674316071533902, -2.846944261359603e-14, 16.663963504398463, -0.00467431581584235, -2.405940540368924e-13, -16.663963504420636, 0.004674315879242497, 1.2460794676923754e-13, 16.6639635043743, -0.3379100365425526, 4.095694822440739e-14, 0.6995456398772735, 0.33791003628372746, 2.057906270671142e-13, -0.6995456398636777, 0.3379100365090517, -1.1634730675308226e-13, 0.6995456398386437, -0.33791003631695815, 2.059075580149064e-13, -0.6995456398585993, 15.889263949753055, -9.59425163631581e-14, -0.004674316071533902, 54.110736051018755, -1.3687760952915286e-14, 0.004674316713760951, -15.889263949911339, -7.589392413665236e-14, -0.004674316266550432, 15.88926394923742, 2.317184445565848e-14, 0.004674316398550621, 1.0483329739789828, -4.933179779479512e-15, -0.11960037394339941, -1.0483329727905477, 9.983802431402131e-14, 0.11960037334859702, -1.048332974036018, -6.8912965968718916e-15, -0.11960037366421765, 1.048332973090909, 6.976055275879617e-14, 0.11960037349524248, 1.368776092132686e-14, 6.625981370183594e-27, -2.846944261359603e-14, -1.3687760952915286e-14, 70.0, 2.8469442622903204e-14, -1.3687760932189493e-14, 6.942048145636284e-27, -2.846944261700795e-14, 1.3687760948719196e-14, -5.093666971574469e-27, 2.846944261383812e-14, -1.7625995522905707e-14, -2.8925449635405826e-27, -3.1945035638025635e-14, 1.7625995520893064e-14, -6.891360128325983e-27, 3.194503562445602e-14, 1.7625995539055975e-14, 3.9122528483183695e-27, -3.194503563360428e-14, -1.762599550568101e-14, -5.707612371842821e-27, 3.194503562966553e-14, -0.0046743164879022026, 1.9427319983199158e-13, 16.663963504398463, 0.004674316713760951, 2.8469442622903204e-14, 53.33603649566083, 0.004674316458069733, 2.405940539772062e-13, 16.663963504361334, -0.00467431652146949, -1.2460794675367735e-13, -16.663963504315, 0.3379100371751681, -4.095694822120502e-14, -0.6995456399126857, -0.3379100369163417, -2.0579062706678804e-13, 0.6995456398990895, -0.3379100371416673, 1.1634730673489067e-13, -0.6995456398740554, 0.3379100369495721, -2.0590755795918752e-13, 0.6995456398940106, 15.889263950683155, -9.594251633005826e-14, -0.00467431581584235, -15.889263949911339, -1.3687760932189493e-14, 0.004674316458069733, 54.110736049158554, -7.58939241918119e-14, -0.004674316010858354, 15.88926395016752, 2.317184441151073e-14, 0.00467431614286104, 1.048332973141185, -4.933179791520174e-15, -0.11960037359062002, -1.0483329719527508, 9.983802427540348e-14, 0.11960037299581651, -1.0483329731982218, -6.891296554896098e-15, -0.11960037331143675, 1.0483329722531114, 6.976055281235455e-14, 0.11960037314245907, 7.589392416140454e-14, 6.069969539649732e-26, -2.405940540368924e-13, -7.589392413665236e-14, 6.942048145636284e-27, 2.405940539772062e-13, -7.58939241918119e-14, 70.0, -2.4059405405355053e-13, 7.589392409729938e-14, -3.70948159681725e-26, 2.405940540076684e-13, 5.639375865162048e-14, -9.76457364059816e-27, -1.8376402578778787e-13, -5.639375861055862e-14, -6.427469868646923e-26, 1.8376402581342807e-13, -5.6393758602234974e-14, 3.4154890366436593e-26, -1.8376402579691205e-13, 5.6393758630006425e-14, -6.459028686145145e-26, 1.8376402580216932e-13, 0.00467431604068988, -1.9427319985628021e-13, -16.663963504420636, -0.004674316266550432, -2.846944261700795e-14, 16.663963504361334, -0.004674316010858354, -2.4059405405355053e-13, 53.33603649561651, 0.00467431607425875, 1.2460794678313843e-13, 16.66396350433716, -0.33791003673504155, 4.0956948229393636e-14, 0.699545639935969, 0.33791003647621554, 2.057906270873706e-13, -0.6995456399223752, 0.33791003670154046, -1.163473067687076e-13, 0.6995456398973392, -0.337910036509447, 2.0590755803000845e-13, -0.6995456399172955, -15.889263950009234, 9.59425162840947e-14, 0.004674315879242497, 15.88926394923742, 1.3687760948719196e-14, -0.00467431652146949, 15.88926395016752, 7.589392409729938e-14, 0.00467431607425875, 54.1107360505064, -2.3171844423834858e-14, -0.00467431620626127, -1.0483329738240479, 4.933179791308059e-15, 0.11960037386683493, 1.0483329726356145, -9.983802423019596e-14, -0.11960037327203223, 1.0483329738810858, 6.891296560961189e-15, 0.11960037358765145, -1.048332972935972, -6.976055272727327e-14, -0.1196003734186759, -2.3171844378467757e-14, -2.8080864637800703e-26, 1.2460794676923754e-13, 2.317184445565848e-14, -5.093666971574469e-27, -1.2460794675367735e-13, 2.317184441151073e-14, -3.70948159681725e-26, 1.2460794678313843e-13, -2.3171844423834858e-14, 70.0, -1.2460794675626998e-13, 1.0379994756726262e-15, 5.006809396668877e-27, 9.174274508915079e-14, -1.037999497612451e-15, 2.955582801114802e-26, -9.174274509924802e-14, -1.0379995375125054e-15, -1.814563323523663e-26, 9.174274508693218e-14, 1.0379994954105571e-15, 3.197216155292053e-26, -9.174274510210557e-14, -0.004674316172693926, 1.9427319983066225e-13, 16.6639635043743, 0.004674316398550621, 2.846944261383812e-14, -16.663963504315, 0.00467431614286104, 2.405940540076684e-13, 16.66396350433716, -0.00467431620626127, -1.2460794675626998e-13, 53.33603649570915, 0.3379100368662436, -4.095694821871714e-14, -0.6995456398696311, -0.33791003660741664, -2.0579062706300358e-13, 0.6995456398560359, -0.33791003683274207, 1.1634730673905672e-13, -0.6995456398310012, 0.3379100366406481, -2.0590755798721573e-13, 0.6995456398509584, -1.048332973338533, 4.986514885019072e-14, -0.3379100365425526, 1.0483329739789828, -1.7625995522905707e-14, 0.3379100371751681, 1.048332973141185, 5.639375865162048e-14, -0.33791003673504155, -1.0483329738240479, 1.0379994756726262e-15, 0.3379100368662436, 53.890389321615686, -2.4448542911932165e-14, -0.44746026913995746, 16.109610679463046, -5.670826164241699e-14, 0.447460268632191, 16.109610678240017, 3.3807822640837945e-14, -0.4474602689170112, -16.109610679210505, -4.4657935803961964e-14, 0.447460268737079, 4.933179796419669e-15, -9.975566405917458e-27, 4.095694822440739e-14, -4.933179779479512e-15, -2.8925449635405826e-27, -4.095694822120502e-14, -4.933179791520174e-15, -9.76457364059816e-27, 4.0956948229393636e-14, 4.933179791308059e-15, 5.006809396668877e-27, -4.095694821871714e-14, -2.4448542911932165e-14, 70.0, 4.9843853419826466e-14, 2.4448542913358728e-14, 1.0575636304605312e-26, -4.984385341231169e-14, 2.4448542887290788e-14, -5.1276777889902246e-27, 4.98438534169545e-14, -2.444854292031359e-14, 7.994015056242587e-27, -4.9843853413836437e-14, 0.11960037360849911, -1.6419464436087178e-13, 0.6995456398772735, -0.11960037394339941, -3.1945035638025635e-14, -0.6995456399126857, -0.11960037359062002, -1.8376402578778787e-13, 0.699545639935969, 0.11960037386683493, 9.174274508915079e-14, -0.6995456398696311, -0.44746026913995746, 4.9843853419826466e-14, 53.21156201829773, 0.44746026890431345, 1.7434233694597415e-13, 16.788437981726425, 0.4474602693549992, -9.206782778519105e-14, -16.7884379816869, -0.4474602690527206, 1.5437603792713128e-13, 16.788437981754413, 1.048332972150099, -4.986514880898007e-14, 0.33791003628372746, -1.0483329727905477, 1.7625995520893064e-14, -0.3379100369163417, -1.0483329719527508, -5.639375861055862e-14, 0.33791003647621554, 1.0483329726356145, -1.037999497612451e-15, -0.33791003660741664, 16.109610679463046, 2.4448542913358728e-14, 0.44746026890431345, 53.8903893194582, 5.6708261597730406e-14, -0.4474602683965482, -16.10961067931877, -3.380782261614844e-14, 0.44746026868136923, 16.10961068028926, 4.465793576444505e-14, -0.4474602685014363, -9.983802421780365e-14, -5.635138385787947e-26, 2.057906270671142e-13, 9.983802431402131e-14, -6.891360128325983e-27, -2.0579062706678804e-13, 9.983802427540348e-14, -6.427469868646923e-26, 2.057906270873706e-13, -9.983802423019596e-14, 2.955582801114802e-26, -2.0579062706300358e-13, -5.670826164241699e-14, 1.0575636304605312e-26, 1.7434233694597415e-13, 5.6708261597730406e-14, 70.0, -1.7434233693075962e-13, 5.670826154068983e-14, -2.8435324158570405e-26, 1.743423369381076e-13, -5.67082615999896e-14, 5.519838676425106e-26, -1.7434233693584644e-13, -0.11960037301369605, 1.6419464435019384e-13, -0.6995456398636777, 0.11960037334859702, 3.194503562445602e-14, 0.6995456398990895, 0.11960037299581651, 1.8376402581342807e-13, -0.6995456399223752, -0.11960037327203223, -9.174274509924802e-14, 0.6995456398560359, 0.447460268632191, -4.984385341231169e-14, 16.788437981726425, -0.4474602683965482, -1.7434233693075962e-13, 53.21156201824942, -0.44746026884723084, 9.206782779517254e-14, 16.78843798171105, 0.447460268544953, -1.543760379513726e-13, -16.78843798177857, 1.048332973395567, -4.986514875167101e-14, 0.3379100365090517, -1.048332974036018, 1.7625995539055975e-14, -0.3379100371416673, -1.0483329731982218, -5.6393758602234974e-14, 0.33791003670154046, 1.0483329738810858, -1.0379995375125054e-15, -0.33791003683274207, 16.109610678240017, 2.4448542887290788e-14, 0.4474602693549992, -16.10961067931877, 5.670826154068983e-14, -0.44746026884723084, 53.89038932190427, -3.3807822576487935e-14, 0.4474602691320533, 16.10961067906623, 4.465793576326274e-14, -0.4474602689521216, 6.8912965174273254e-15, 2.688467722413055e-26, -1.1634730675308226e-13, -6.8912965968718916e-15, 3.9122528483183695e-27, 1.1634730673489067e-13, -6.891296554896098e-15, 3.4154890366436593e-26, -1.163473067687076e-13, 6.891296560961189e-15, -1.814563323523663e-26, 1.1634730673905672e-13, 3.3807822640837945e-14, -5.1276777889902246e-27, -9.206782778519105e-14, -3.380782261614844e-14, -2.8435324158570405e-26, 9.206782779517254e-14, -3.3807822576487935e-14, 70.0, -9.206782778329962e-14, 3.380782262291114e-14, -2.9342274159762304e-26, 9.206782779775922e-14, 0.11960037332931621, -1.6419464435376264e-13, 0.6995456398386437, -0.11960037366421765, -3.194503563360428e-14, -0.6995456398740554, -0.11960037331143675, -1.8376402579691205e-13, 0.6995456398973392, 0.11960037358765145, 9.174274508693218e-14, -0.6995456398310012, -0.4474602689170112, 4.98438534169545e-14, -16.7884379816869, 0.44746026868136923, 1.743423369381076e-13, 16.78843798171105, 0.4474602691320533, -9.206782778329962e-14, 53.21156201832847, -0.44746026882977363, 1.5437603793587978e-13, 16.788437981739033, -1.0483329724504578, 4.98651488019971e-14, -0.33791003631695815, 1.048332973090909, -1.762599550568101e-14, 0.3379100369495721, 1.0483329722531114, 5.6393758630006425e-14, -0.337910036509447, -1.048332972935972, 1.0379994954105571e-15, 0.3379100366406481, -16.109610679210505, -2.444854292031359e-14, -0.4474602690527206, 16.10961068028926, -5.67082615999896e-14, 0.447460268544953, 16.10961067906623, 3.380782262291114e-14, -0.44746026882977363, 53.89038931996329, -4.465793578736204e-14, 0.44746026864984006, -6.976055278150926e-14, -5.213220924809139e-26, 2.059075580149064e-13, 6.976055275879617e-14, -5.707612371842821e-27, -2.0590755795918752e-13, 6.976055281235455e-14, -6.459028686145145e-26, 2.0590755803000845e-13, -6.976055272727327e-14, 3.197216155292053e-26, -2.0590755798721573e-13, -4.4657935803961964e-14, 7.994015056242587e-27, 1.5437603792713128e-13, 4.465793576444505e-14, 5.519838676425106e-26, -1.543760379513726e-13, 4.465793576326274e-14, -2.9342274159762304e-26, 1.5437603793587978e-13, -4.465793578736204e-14, 70.0, -1.543760379412197e-13, -0.11960037316033904, 1.641946443530612e-13, -0.6995456398585993, 0.11960037349524248, 3.194503562966553e-14, 0.6995456398940106, 0.11960037314245907, 1.8376402580216932e-13, -0.6995456399172955, -0.1196003734186759, -9.174274510210557e-14, 0.6995456398509584, 0.447460268737079, -4.9843853413836437e-14, 16.788437981754413, -0.4474602685014363, -1.7434233693584644e-13, -16.78843798177857, -0.4474602689521216, 9.206782779775922e-14, 16.788437981739033, 0.44746026864984006, -1.543760379412197e-13, 53.21156201819345]]}, {"__ndarray__": [[24], "float64", [9.931012058445488, 3.1365881536874998, 0.1419948422562811, 1.634990919600547, 1.0455293845625, 4.237284142719674, 7.41799240862353, 1.0455293845625, 2.3316343347442823, 4.148010569422445, 3.1365881536874998, 2.047644650231675, 1.3934819488778032, 3.1365881536874998, 1.751615524823477, 10.172521029168173, 1.0455293845625, 2.6276634601525326, 4.389519540145149, 1.0455293845625, 3.941255017311455, 7.176483437900863, 3.1365881536874998, 0.4380239676645244]]}, {"__ndarray__": [[24], "float64", [0.00012930732850965497, -1.4656280805724518e-15, -0.0004208275487932636, -0.00012930732865686122, 1.4646848906293969e-15, 0.00042082754895173425, -0.00012930732843098754, 1.073017136829979e-15, -0.0004208275488047032, 0.00012930732851013202, -1.3185971039263052e-15, 0.00042082754887307603, -0.00016699273338500044, -1.1800185030009023e-15, -0.00039204616094845764, 0.00016699273344718724, 1.178058931264719e-15, 0.00039204616078802065, 0.00016699273359360354, 1.0556848722483176e-15, -0.000392046160874768, -0.0001669927335877224, -8.059021696474805e-16, 0.000392046160808364]]}, 0.2]