[{"__ndarray__": [[24, 24], "float64", [53.87068260803998, -8.346536389020438e-14, -0.16055816443604587, 16.129317391640097, 6.502865442596614e-15, 0.16055816445135296, 16.129317392503, 2.185102361735703e-14, -0.16055816432091577, -16.129317392278764, 4.672243759993657e-14, 0.16055816428434244, -0.7423928488041363, -1.5092292677502134e-14, -0.021290667332155344, 0.7423928485381643, 6.540845886029245e-14, 0.02129066737535168, 0.7423928494265615, -4.076400278577367e-14, -0.021290667254700024, -0.7423928490983935, -2.6472144090001487e-15, 0.021290667241329414, -8.346536389020438e-14, 70.0, 3.361787316447616e-14, 8.346536398767054e-14, -1.032704577845271e-28, -3.3617873168009006e-14, 8.346536378874348e-14, -2.1059166209973583e-27, 3.361787312893567e-14, -8.346536386522615e-14, -5.634604945347938e-27, -3.3617873126284745e-14, 3.95522220939699e-14, 1.3761497623571246e-27, -8.775825357733516e-15, -3.9552222030397685e-14, -1.0053489859095331e-26, 8.775825365612255e-15, -3.9552222218158003e-14, 4.787627990507808e-27, -8.77582539616966e-15, 3.955222212904276e-14, 4.80173916478388e-28, 8.775825391077897e-15, -0.16055816443604587, 3.361787316447616e-14, 53.31433066821846, 0.16055816423214936, -6.478485358444921e-15, 16.68566933180881, 0.16055816467402903, -2.6989271744286925e-14, -16.68566933173904, -0.16055816459606248, 1.1523759253464779e-14, 16.685669331706134, -0.19151541159157742, -5.123729392945471e-15, 0.6224450791024377, 0.1915154114199992, -2.231007309538558e-14, -0.6224450790731544, 0.19151541181686715, -8.922689811755018e-15, 0.6224450791503982, -0.19151541171504677, 2.3978801885016686e-14, -0.6224450791480234, 16.129317391640097, 8.346536398767054e-14, 0.16055816423214936, 53.8706826086798, -6.502865512448947e-15, -0.1605581642474564, -16.129317392183093, -2.1851023720144546e-14, 0.16055816411702012, 16.129317391958853, -4.67224375891151e-14, -0.1605581640804467, 0.7423928504040986, 1.5092292719115213e-14, 0.021290667089036985, -0.7423928501381242, -6.540845891882933e-14, -0.021290667132232433, -0.7423928510265221, 4.076400278914518e-14, 0.021290667011583136, 0.7423928506983554, 2.647214485562621e-15, -0.02129066699821333, 6.502865442596614e-15, -1.032704577845271e-28, -6.478485358444921e-15, -6.502865512448947e-15, 70.0, 6.478485359995919e-15, -6.502865356340682e-15, 6.537791917864853e-27, -6.478485334828587e-15, 6.502865399333462e-15, -6.040555416107052e-27, 6.478485330312866e-15, 5.867759766671063e-14, -2.271923529344048e-27, -1.3812619271699973e-14, -5.86775977169948e-14, -3.879213751264362e-27, 1.3812619263790671e-14, -5.86775975591996e-14, 4.217946885778025e-27, -1.3812619243924181e-14, 5.867759763003077e-14, -4.1392201417564085e-27, 1.3812619248411992e-14, 0.16055816445135296, -3.3617873168009006e-14, 16.68566933180881, -0.1605581642474564, 6.478485359995919e-15, 53.31433066816391, -0.16055816468933648, 2.698927174743833e-14, 16.68566933176631, 0.16055816461136943, -1.1523759252146066e-14, -16.685669331733404, 0.19151541156125207, 5.1237293922871115e-15, -0.6224450791002423, -0.19151541138967124, 2.2310073098364784e-14, 0.6224450790709597, -0.19151541178654116, 8.922689810229385e-15, -0.6224450791482012, 0.19151541168471975, -2.3978801888213115e-14, 0.622445079145828, 16.129317392503, 8.346536378874348e-14, 0.16055816467402903, -16.129317392183093, -6.502865356340682e-15, -0.16055816468933648, 53.87068260695403, -2.1851023483839356e-14, 0.16055816455890054, 16.12931739282176, -4.672243762137095e-14, -0.16055816452232677, 0.7423928470545624, 1.5092292631242867e-14, 0.021290667864889756, -0.7423928467885872, -6.540845881166543e-14, -0.021290667908086147, -0.7423928476769872, 4.076400278592784e-14, 0.02129066778743599, 0.7423928473488175, 2.6472143117011106e-15, -0.02129066777406624, 2.185102361735703e-14, -2.1059166209973583e-27, -2.6989271744286925e-14, -2.1851023720144546e-14, 6.537791917864853e-27, 2.698927174743833e-14, -2.1851023483839356e-14, 70.0, -2.698927170088179e-14, 2.1851023569117366e-14, -6.1260897215023784e-27, 2.6989271698083726e-14, 6.185443009948748e-14, -2.537919634050826e-27, -2.6640264446994454e-14, -6.185443017188883e-14, -2.6242483376234416e-27, 2.664026444001612e-14, -6.185442994631059e-14, 4.191563349020846e-27, -2.664026440277914e-14, 6.185443004306384e-14, -5.029432288936676e-27, 2.6640264407171784e-14, -0.16055816432091577, 3.361787312893567e-14, -16.68566933173904, 0.16055816411702012, -6.478485334828587e-15, 16.68566933176631, 0.16055816455890054, -2.698927170088179e-14, 53.314330668303455, -0.16055816448093346, 1.1523759250319233e-14, 16.685669331663636, -0.19151541227081775, -5.1237294046929606e-15, 0.6224450791898647, 0.19151541209923692, -2.231007307726338e-14, -0.6224450791605809, 0.19151541249610765, -8.92268981440601e-15, 0.6224450792378244, -0.19151541239428665, 2.397880185361716e-14, -0.6224450792354492, -16.129317392278764, -8.346536386522615e-14, -0.16055816459606248, 16.129317391958853, 6.502865399333462e-15, 0.16055816461136943, 16.12931739282176, 2.1851023569117366e-14, -0.16055816448093346, 53.870682607402486, 4.672243763415176e-14, 0.16055816444435939, -0.7423928482802165, -1.5092292652594252e-14, -0.021290667615793513, 0.742392848014241, 6.540845885156826e-14, 0.02129066765899057, 0.7423928489026373, -4.076400280951536e-14, -0.021290667538340302, -0.7423928485744692, -2.647214370039533e-15, 0.02129066752497194, 4.672243759993657e-14, -5.634604945347938e-27, 1.1523759253464779e-14, -4.67224375891151e-14, -6.040555416107052e-27, -1.1523759252146066e-14, -4.672243762137095e-14, -6.1260897215023784e-27, 1.1523759250319233e-14, 4.672243763415176e-14, 70.0, -1.1523759244224419e-14, -9.388808727056849e-14, 1.29430579234888e-27, 3.636877357468595e-14, 9.388808727038565e-14, 9.123958891669002e-27, -3.636877357175782e-14, 9.38880872378457e-14, -7.439870224034953e-27, 3.6368773566475103e-14, -9.38880872449746e-14, 4.639483604286898e-27, -3.636877356861536e-14, 0.16055816428434244, -3.3617873126284745e-14, 16.685669331706134, -0.1605581640804467, 6.478485330312866e-15, -16.685669331733404, -0.16055816452232677, 2.6989271698083726e-14, 16.685669331663636, 0.16055816444435939, -1.1523759244224419e-14, 53.314330668369266, 0.19151541227360147, 5.123729408051277e-15, -0.6224450792606175, -0.19151541210202258, 2.231007307500196e-14, 0.6224450792313322, -0.19151541249889123, 8.922689809140138e-15, -0.6224450793085763, 0.19151541239707087, -2.397880185088773e-14, 0.6224450793062016, -0.7423928488041363, 3.95522220939699e-14, -0.19151541159157742, 0.7423928504040986, 5.867759766671063e-14, 0.19151541156125207, 0.7423928470545624, 6.185443009948748e-14, -0.19151541227081775, -0.7423928482802165, -9.388808727056849e-14, 0.19151541227360147, 53.62492829637917, -1.3075841938239118e-14, -0.29089320582847483, 16.37507170473928, -7.284283377801569e-14, 0.2908932060915222, 16.375071701432894, 7.071604728354439e-14, -0.290893206567803, -16.375071702980147, -4.7871633656114173e-14, 0.2908932064531609, -1.5092292677502134e-14, 1.3761497623571246e-27, -5.123729392945471e-15, 1.5092292719115213e-14, -2.271923529344048e-27, 5.1237293922871115e-15, 1.5092292631242867e-14, -2.537919634050826e-27, -5.1237294046929606e-15, -1.5092292652594252e-14, 1.29430579234888e-27, 5.123729408051277e-15, -1.3075841938239118e-14, 70.0, -5.769365666192767e-15, 1.3075841967562857e-14, 2.7200412428549753e-28, 5.769365671796097e-15, 1.3075841876685652e-14, -7.461149379699632e-28, -5.769365681458324e-15, -1.3075841919738474e-14, 1.3470488036425578e-27, 5.7693656786654155e-15, -0.021290667332155344, -8.775825357733516e-15, 0.6224450791024377, 0.021290667089036985, -1.3812619271699973e-14, -0.6224450791002423, 0.021290667864889756, -2.6640264446994454e-14, 0.6224450791898647, -0.021290667615793513, 3.636877357468595e-14, -0.6224450792606175, -0.29089320582847483, -5.769365666192767e-15, 53.137926045703196, 0.2908932056391803, 2.088784795035238e-14, 16.862073954317875, 0.29089320640414584, -2.878881535172104e-14, -16.862073954214857, -0.2908932061104852, 2.5168045509912047e-14, 16.862073954194475, 0.7423928485381643, -3.9552222030397685e-14, 0.1915154114199992, -0.7423928501381242, -5.86775977169948e-14, -0.19151541138967124, -0.7423928467885872, -6.185443017188883e-14, 0.19151541209923692, 0.742392848014241, 9.388808727038565e-14, -0.19151541210202258, 16.37507170473928, 1.3075841967562857e-14, 0.2908932056391803, 53.62492829414228, 7.284283374377378e-14, -0.2908932059022253, -16.375071702551345, -7.071604727209273e-14, 0.29089320637850485, 16.375071704098602, 4.787163370793633e-14, -0.29089320626386395, 6.540845886029245e-14, -1.0053489859095331e-26, -2.231007309538558e-14, -6.540845891882933e-14, -3.879213751264362e-27, 2.2310073098364784e-14, -6.540845881166543e-14, -2.6242483376234416e-27, -2.231007307726338e-14, 6.540845885156826e-14, 9.123958891669002e-27, 2.231007307500196e-14, -7.284283377801569e-14, 2.7200412428549753e-28, 2.088784795035238e-14, 7.284283374377378e-14, 70.0, -2.0887847955576417e-14, 7.284283384504515e-14, -7.13365591975158e-27, 2.088784797184608e-14, -7.284283379435024e-14, 2.4364996468921202e-27, -2.088784796842647e-14, 0.02129066737535168, 8.775825365612255e-15, -0.6224450790731544, -0.021290667132232433, 1.3812619263790671e-14, 0.6224450790709597, -0.021290667908086147, 2.664026444001612e-14, -0.6224450791605809, 0.02129066765899057, -3.636877357175782e-14, 0.6224450792313322, 0.2908932060915222, 5.769365671796097e-15, 16.862073954317875, -0.2908932059022253, -2.0887847955576417e-14, 53.137926045661054, -0.2908932066671912, 2.8788815350177554e-14, 16.862073954235942, 0.290893206373533, -2.5168045504745336e-14, -16.86207395421556, 0.7423928494265615, -3.9552222218158003e-14, 0.19151541181686715, -0.7423928510265221, -5.86775975591996e-14, -0.19151541178654116, -0.7423928476769872, -6.185442994631059e-14, 0.19151541249610765, 0.7423928489026373, 9.38880872378457e-14, -0.19151541249889123, 16.375071701432894, 1.3075841876685652e-14, 0.29089320640414584, -16.375071702551345, 7.284283384504515e-14, -0.2908932066671912, 53.62492830075503, -7.071604727451136e-14, 0.29089320714347, 16.375071700792212, 4.7871633540190294e-14, -0.2908932070288294, -4.076400278577367e-14, 4.787627990507808e-27, -8.922689811755018e-15, 4.076400278914518e-14, 4.217946885778025e-27, 8.922689810229385e-15, 4.076400278592784e-14, 4.191563349020846e-27, -8.92268981440601e-15, -4.076400280951536e-14, -7.439870224034953e-27, 8.922689809140138e-15, 7.071604728354439e-14, -7.461149379699632e-28, -2.878881535172104e-14, -7.071604727209273e-14, -7.13365591975158e-27, 2.8788815350177554e-14, -7.071604727451136e-14, 70.0, -2.878881535003426e-14, 7.071604726697316e-14, -3.301133367188703e-27, 2.878881535111851e-14, -0.021290667254700024, -8.77582539616966e-15, 0.6224450791503982, 0.021290667011583136, -1.3812619243924181e-14, -0.6224450791482012, 0.02129066778743599, -2.664026440277914e-14, 0.6224450792378244, -0.021290667538340302, 3.6368773566475103e-14, -0.6224450793085763, -0.290893206567803, -5.769365681458324e-15, -16.862073954214857, 0.29089320637850485, 2.088784797184608e-14, 16.862073954235942, 0.29089320714347, -2.878881535003426e-14, 53.13792604586706, -0.2908932068498106, 2.5168045477259485e-14, 16.862073954112546, -0.7423928490983935, 3.955222212904276e-14, -0.19151541171504677, 0.7423928506983554, 5.867759763003077e-14, 0.19151541168471975, 0.7423928473488175, 6.185443004306384e-14, -0.19151541239428665, -0.7423928485744692, -9.38880872449746e-14, 0.19151541239707087, -16.375071702980147, -1.3075841919738474e-14, -0.2908932061104852, 16.375071704098602, -7.284283379435024e-14, 0.290893206373533, 16.375071700792212, 7.071604726697316e-14, -0.2908932068498106, 53.624928297660524, -4.7871633610354006e-14, 0.2908932067351706, -2.6472144090001487e-15, 4.80173916478388e-28, 2.3978801885016686e-14, 2.647214485562621e-15, -4.1392201417564085e-27, -2.3978801888213115e-14, 2.6472143117011106e-15, -5.029432288936676e-27, 2.397880185361716e-14, -2.647214370039533e-15, 4.639483604286898e-27, -2.397880185088773e-14, -4.7871633656114173e-14, 1.3470488036425578e-27, 2.5168045509912047e-14, 4.787163370793633e-14, 2.4364996468921202e-27, -2.5168045504745336e-14, 4.7871633540190294e-14, -3.301133367188703e-27, 2.5168045477259485e-14, -4.7871633610354006e-14, 70.0, -2.5168045480568087e-14, 0.021290667241329414, 8.775825391077897e-15, -0.6224450791480234, -0.02129066699821333, 1.3812619248411992e-14, 0.622445079145828, -0.02129066777406624, 2.6640264407171784e-14, -0.6224450792354492, 0.02129066752497194, -3.636877356861536e-14, 0.6224450793062016, 0.2908932064531609, 5.7693656786654155e-15, 16.862073954194475, -0.29089320626386395, -2.088784796842647e-14, -16.86207395421556, -0.2908932070288294, 2.878881535111851e-14, 16.862073954112546, 0.2908932067351706, -2.5168045480568087e-14, 53.13792604590785]]}, {"__ndarray__": [[24], "float64", [9.974214378091672, 3.1522710944559362, 0.1462053651830653, 1.649618614844705, 1.050757031485312, 4.254970014717794, 7.461535111312637, 1.050757031485312, 2.346793055133461, 4.162297881623567, 3.1522710944559362, 2.0543823247674027, 1.403704997299895, 3.1522710944559362, 1.7332275433549593, 10.220127995636458, 1.050757031485312, 2.6679478365459346, 4.40821149916816, 1.050757031485312, 3.9338152333053475, 7.215621493768009, 3.1522710944559362, 0.4673601465955139]]}, {"__ndarray__": [[24], "float64", [-3.47570478338293e-05, 1.5145972036143566e-16, -1.9739334132805363e-05, 3.4757047056843075e-05, -3.3549821176750607e-16, 1.9739334193998167e-05, 3.475704880508785e-05, -2.982359279549931e-16, -1.9739333809512538e-05, -3.475704820751389e-05, 4.441326888721554e-16, 1.9739333779208437e-05, 0.00023100293240377432, 2.2847846585421675e-16, -2.7499747249360535e-05, -0.00023100293300162898, -8.945778439914088e-17, 2.7499747176847468e-05, -0.0002310029312456417, -3.507382913765003e-16, -2.7499746910228276e-05, 0.00023100293202290732, 2.483659972635331e-16, 2.7499746951856327e-05]]}, 0.2]