[{"__ndarray__": [[24, 24], "float64", [53.94450414387613, -2.805710989421716e-15, -0.15228091577029396, 16.05549585623937, 2.0278607533447013e-16, 0.15228091593076262, 16.055495856069932, -4.874959060913287e-15, -0.1522809157825666, -16.055495856449443, -1.8707820431451557e-15, 0.15228091576847227, -0.7536416788607414, -7.164882464175888e-16, 0.0021184240125098758, 0.7536416793195896, 2.934815525249712e-15, -0.0021184241498813233, 0.7536416790145521, 1.648792555299823e-15, 0.002118424130132593, -0.7536416792218681, 3.8475936867459795e-15, -0.0021184241459786396, -2.805710989421716e-15, 70.0, 4.657364438760864e-16, 2.8057109897455807e-15, 1.1040838610125656e-29, -4.657364436172349e-16, 2.8057109896616664e-15, 5.998708604309809e-29, 4.657364439022054e-16, -2.805710990221111e-15, 3.318742779439544e-29, -4.657364439090693e-16, 5.089892508000195e-15, -1.0302155367393266e-29, -1.1010369813083252e-16, -5.089892507458292e-15, -3.2918153836043304e-29, 1.101036979092478e-16, -5.0898925077331616e-15, -2.622300953646749e-29, -1.101036979291481e-16, 5.089892507122623e-15, -5.330540563010648e-29, 1.1010369791883937e-16, -0.15228091577029396, 4.657364438760864e-16, 53.338333905568426, 0.15228091577206496, 1.9053442167549688e-17, 16.661666094461445, 0.15228091575465347, 8.990615214970744e-16, -16.661666094433425, -0.15228091577713804, -5.213121238507131e-16, 16.661666094431826, -0.1838252276251766, -2.670334890467814e-16, 0.6844207278035702, 0.18382522766355308, -5.191404646641463e-16, -0.684420727807681, 0.18382522764273646, 5.6824184913188e-16, 0.6844207278079858, -0.1838252276575556, -7.102099494915036e-16, -0.6844207278167423, 16.05549585623937, 2.8057109897455807e-15, 0.15228091577206496, 53.94450414364511, -2.0278607510267005e-16, -0.15228091593253365, -16.055495856185434, 4.87495906169591e-15, 0.15228091578433708, 16.055495856564942, 1.8707820432729922e-15, -0.15228091577024352, 0.7536416786902115, 7.164882461969365e-16, -0.002118424011569711, -0.7536416791490591, -2.934815525609697e-15, 0.0021184241489412003, -0.7536416788440222, -1.648792555272199e-15, -0.0021184241291928446, 0.7536416790513364, -3.8475936874482385e-15, 0.00211842414503767, 2.0278607533447013e-16, 1.1040838610125656e-29, 1.9053442167549688e-17, -2.0278607510267005e-16, 70.0, -1.9053442138185783e-17, -2.0278607514753e-16, 2.259255238292762e-29, 1.905344217035642e-17, 2.027860749972662e-16, 1.3010422735789484e-29, -1.9053442179302754e-17, 1.5037989303569188e-15, -5.4507755563256186e-30, -2.099319080877633e-17, -1.5037989301850099e-15, -1.1863707960997541e-29, 2.099319076890005e-17, -1.5037989303036127e-15, -9.933078355736436e-30, -2.0993190736915045e-17, 1.5037989300997855e-15, -2.0565455827912324e-29, 2.0993190759201056e-17, 0.15228091593076262, -4.657364436172349e-16, 16.661666094461445, -0.15228091593253365, -1.9053442138185783e-17, 53.33833390550868, -0.15228091591512163, -8.990615205967557e-16, 16.661666094463303, 0.1522809159376076, 5.213121236158605e-16, -16.661666094461705, 0.18382522734129092, 2.670334888852818e-16, -0.6844207278247748, -0.18382522737966586, 5.191404643558139e-16, 0.6844207278288862, -0.18382522735884999, -5.682418486414584e-16, -0.6844207278291903, 0.18382522737366883, 7.102099487133324e-16, 0.684420727837947, 16.055495856069932, 2.8057109896616664e-15, 0.15228091575465347, -16.055495856185434, -2.0278607514753e-16, -0.15228091591512163, 53.944504143984, 4.8749590609995775e-15, 0.15228091576692604, 16.055495856395506, 1.8707820436209043e-15, -0.1522809157528321, 0.7536416789695314, 7.164882463735148e-16, -0.002118424041986866, -0.753641679428378, -2.9348155254548144e-15, 0.002118424179357037, -0.7536416791233417, -1.6487925558971723e-15, -0.002118424159609264, 0.7536416793306576, -3.847593686895424e-15, 0.002118424175456768, -4.874959060913287e-15, 5.998708604309809e-29, 8.990615214970744e-16, 4.87495906169591e-15, 2.259255238292762e-29, -8.990615205967557e-16, 4.8749590609995775e-15, 70.0, 8.990615214720146e-16, -4.874959062920396e-15, 6.368253358537108e-29, -8.990615215435474e-16, 9.13833750730466e-15, -2.2368679564576396e-29, 7.439110277196298e-16, -9.138337505178177e-15, -6.425739603204567e-29, -7.439110284497658e-16, -9.138337506400925e-15, -4.7270253228765426e-29, 7.439110283285727e-16, 9.138337504876013e-15, -1.1154990370305118e-28, -7.439110284069123e-16, -0.1522809157825666, 4.657364439022054e-16, -16.661666094433425, 0.15228091578433708, 1.905344217035642e-17, 16.661666094463303, 0.15228091576692604, 8.990615214720146e-16, 53.33833390556472, -0.15228091578941222, -5.21312123798908e-16, 16.661666094433677, -0.18382522759185146, -2.6703348904230036e-16, 0.6844207278115788, 0.1838252276302272, -5.191404646803393e-16, -0.6844207278156899, 0.1838252276094119, 5.682418490539911e-16, 0.6844207278159937, -0.18382522762422873, -7.102099494863107e-16, -0.6844207278247503, -16.055495856449443, -2.805710990221111e-15, -0.15228091577713804, 16.055495856564942, 2.027860749972662e-16, 0.1522809159376076, 16.055495856395506, -4.874959062920396e-15, -0.15228091578941222, 53.94450414322499, -1.8707820432709633e-15, 0.1522809157753172, -0.7536416784022235, -7.164882459508056e-16, 0.002118424000727176, 0.7536416788610719, 2.934815526141619e-15, -0.0021184241380975966, 0.7536416785560357, 1.6487925549999367e-15, 0.0021184241183506425, -0.7536416787633506, 3.847593688569529e-15, -0.0021184241341972304, -1.8707820431451557e-15, 3.318742779439544e-29, -5.213121238507131e-16, 1.8707820432729922e-15, 1.3010422735789484e-29, 5.213121236158605e-16, 1.8707820436209043e-15, 6.368253358537108e-29, -5.21312123798908e-16, -1.8707820432709633e-15, 70.0, 5.213121237929933e-16, 5.625789869796766e-15, -1.2143662566035872e-29, -1.0499365835373356e-15, -5.625789870317782e-15, -3.5449837042259973e-29, 1.0499365836315788e-15, -5.625789869913905e-15, -3.0654569906598765e-29, -1.0499365835706145e-15, 5.625789869787616e-15, -5.711977398519899e-29, 1.0499365836507265e-15, 0.15228091576847227, -4.657364439090693e-16, 16.661666094431826, -0.15228091577024352, -1.9053442179302754e-17, -16.661666094461705, -0.1522809157528321, -8.990615215435474e-16, 16.661666094433677, 0.1522809157753172, 5.213121237929933e-16, 53.33833390556791, 0.18382522761214248, 2.670334890584869e-16, -0.6844207278145988, -0.1838252276505166, 5.191404646925276e-16, 0.6844207278187104, -0.18382522762970155, -5.682418490719081e-16, -0.6844207278190156, 0.18382522764451922, 7.102099495509468e-16, 0.6844207278277724, -0.7536416788607414, 5.089892508000195e-15, -0.1838252276251766, 0.7536416786902115, 1.5037989303569188e-15, 0.18382522734129092, 0.7536416789695314, 9.13833750730466e-15, -0.18382522759185146, -0.7536416784022235, 5.625789869796766e-15, 0.18382522761214248, 53.55686110042524, -1.0959442459591096e-15, -0.3240024851798212, 16.443138898860393, -5.400423342615818e-15, 0.32400248535548465, 16.44313889931797, -4.7639213363447965e-15, -0.3240024853393541, -16.443138898990963, -8.023090080847442e-15, 0.3240024853685878, -7.164882464175888e-16, -1.0302155367393266e-29, -2.670334890467814e-16, 7.164882461969365e-16, -5.4507755563256186e-30, 2.670334888852818e-16, 7.164882463735148e-16, -2.2368679564576396e-29, -2.6703348904230036e-16, -7.164882459508056e-16, -1.2143662566035872e-29, 2.670334890584869e-16, -1.0959442459591096e-15, 70.0, -3.3802029842037355e-16, 1.0959442454835037e-15, 1.112612923260281e-29, 3.3802029855545454e-16, 1.095944245794176e-15, 8.773552292829733e-30, -3.380202985581565e-16, -1.0959442454777163e-15, 2.0523512977524273e-29, 3.3802029856497846e-16, 0.0021184240125098758, -1.1010369813083252e-16, 0.6844207278035702, -0.002118424011569711, -2.099319080877633e-17, -0.6844207278247748, -0.002118424041986866, 7.439110277196298e-16, 0.6844207278115788, 0.002118424000727176, -1.0499365835373356e-15, -0.6844207278145988, -0.3240024851798212, -3.3802029842037355e-16, 53.17511994248326, 0.3240024851460349, 7.80058018685997e-17, 16.824880057484677, 0.32400248517464614, 1.30066063332583e-15, -16.824880057499012, -0.32400248517628866, -6.128419244672631e-16, 16.82488005749093, 0.7536416793195896, -5.089892507458292e-15, 0.18382522766355308, -0.7536416791490591, -1.5037989301850099e-15, -0.18382522737966586, -0.753641679428378, -9.138337505178177e-15, 0.1838252276302272, 0.7536416788610719, -5.625789870317782e-15, -0.1838252276505166, 16.443138898860393, 1.0959442454835037e-15, 0.3240024851460349, 53.556861101854004, 5.400423341930551e-15, -0.324002485321698, -16.443138898603586, 4.763921337519228e-15, 0.32400248530556935, 16.443138898276583, 8.023090079028025e-15, -0.3240024853347997, 2.934815525249712e-15, -3.2918153836043304e-29, -5.191404646641463e-16, -2.934815525609697e-15, -1.1863707960997541e-29, 5.191404643558139e-16, -2.9348155254548144e-15, -6.425739603204567e-29, -5.191404646803393e-16, 2.934815526141619e-15, -3.5449837042259973e-29, 5.191404646925276e-16, -5.400423342615818e-15, 1.112612923260281e-29, 7.80058018685997e-17, 5.400423341930551e-15, 70.0, -7.800580160924097e-17, 5.4004233422972305e-15, 2.794121457932779e-29, 7.80058016378643e-17, -5.400423341636502e-15, 5.712243705764334e-29, -7.8005801620343e-17, -0.0021184241498813233, 1.101036979092478e-16, -0.684420727807681, 0.0021184241489412003, 2.099319076890005e-17, 0.6844207278288862, 0.002118424179357037, -7.439110284497658e-16, -0.6844207278156899, -0.0021184241380975966, 1.0499365836315788e-15, 0.6844207278187104, 0.32400248535548465, 3.3802029855545454e-16, 16.824880057484677, -0.324002485321698, -7.800580160924097e-17, 53.17511994254736, -0.3240024853503103, -1.3006606336105765e-15, 16.824880057466952, 0.3240024853519534, 6.128419251082141e-16, -16.82488005745887, 0.7536416790145521, -5.0898925077331616e-15, 0.18382522764273646, -0.7536416788440222, -1.5037989303036127e-15, -0.18382522735884999, -0.7536416791233417, -9.138337506400925e-15, 0.1838252276094119, 0.7536416785560357, -5.625789869913905e-15, -0.18382522762970155, 16.44313889931797, 1.095944245794176e-15, 0.32400248517464614, -16.443138898603586, 5.4004233422972305e-15, -0.3240024853503103, 53.55686110093884, 4.763921336698902e-15, 0.32400248533418075, 16.44313889873417, 8.023090080056912e-15, -0.3240024853634115, 1.648792555299823e-15, -2.622300953646749e-29, 5.6824184913188e-16, -1.648792555272199e-15, -9.933078355736436e-30, -5.682418486414584e-16, -1.6487925558971723e-15, -4.7270253228765426e-29, 5.682418490539911e-16, 1.6487925549999367e-15, -3.0654569906598765e-29, -5.682418490719081e-16, -4.7639213363447965e-15, 8.773552292829733e-30, 1.30066063332583e-15, 4.763921337519228e-15, 2.794121457932779e-29, -1.3006606336105765e-15, 4.763921336698902e-15, 70.0, 1.3006606335093676e-15, -4.763921336890143e-15, 4.239055174773344e-29, -1.3006606336268748e-15, 0.002118424130132593, -1.101036979291481e-16, 0.6844207278079858, -0.0021184241291928446, -2.0993190736915045e-17, -0.6844207278291903, -0.002118424159609264, 7.439110283285727e-16, 0.6844207278159937, 0.0021184241183506425, -1.0499365835706145e-15, -0.6844207278190156, -0.3240024853393541, -3.380202985581565e-16, -16.824880057499012, 0.32400248530556935, 7.80058016378643e-17, 16.824880057466952, 0.32400248533418075, 1.3006606335093676e-15, 53.17511994251869, -0.32400248533582254, -6.128419250129079e-16, 16.824880057473205, -0.7536416792218681, 5.089892507122623e-15, -0.1838252276575556, 0.7536416790513364, 1.5037989300997855e-15, 0.18382522737366883, 0.7536416793306576, 9.138337504876013e-15, -0.18382522762422873, -0.7536416787633506, 5.625789869787616e-15, 0.18382522764451922, -16.443138898990963, -1.0959442454777163e-15, -0.32400248517628866, 16.443138898276583, -5.400423341636502e-15, 0.3240024853519534, 16.44313889873417, -4.763921336890143e-15, -0.32400248533582254, 53.55686110159284, -8.023090078653893e-15, 0.3240024853650561, 3.8475936867459795e-15, -5.330540563010648e-29, -7.102099494915036e-16, -3.8475936874482385e-15, -2.0565455827912324e-29, 7.102099487133324e-16, -3.847593686895424e-15, -1.1154990370305118e-28, -7.102099494863107e-16, 3.847593688569529e-15, -5.711977398519899e-29, 7.102099495509468e-16, -8.023090080847442e-15, 2.0523512977524273e-29, -6.128419244672631e-16, 8.023090079028025e-15, 5.712243705764334e-29, 6.128419251082141e-16, 8.023090080056912e-15, 4.239055174773344e-29, -6.128419250129079e-16, -8.023090078653893e-15, 70.0, 6.128419250741261e-16, -0.0021184241459786396, 1.1010369791883937e-16, -0.6844207278167423, 0.00211842414503767, 2.0993190759201056e-17, 0.684420727837947, 0.002118424175456768, -7.439110284069123e-16, -0.6844207278247503, -0.0021184241341972304, 1.0499365836507265e-15, 0.6844207278277724, 0.3240024853685878, 3.3802029856497846e-16, 16.82488005749093, -0.3240024853347997, -7.8005801620343e-17, -16.82488005745887, -0.3240024853634115, -1.3006606336268748e-15, 16.824880057473205, 0.3240024853650561, 6.128419250741261e-16, 53.17511994253488]]}, {"__ndarray__": [[24], "float64", [10.009824810657056, 3.161680858917, 0.16810346801283704, 1.64870619121328, 1.053893619639, 4.246209748842866, 7.477971692148478, 1.053893619639, 2.375260076440756, 4.18055930972195, 3.161680858917, 2.039053140415052, 1.424346296174718, 3.161680858917, 1.7150181091291559, 10.234184705695444, 1.053893619639, 2.699295107726647, 4.404919204760404, 1.053893619639, 3.9221747175570494, 7.253611797110026, 3.161680858917, 0.4921384992987624]]}, {"__ndarray__": [[24], "float64", [-0.00017570128150755262, -1.4592444430087474e-17, -4.838198873317293e-05, 0.00017570128179882592, -5.17565538433121e-18, 4.8381989145621e-05, 0.00017570128135429317, -8.558377276241566e-18, -4.838198877822261e-05, -0.00017570128223154153, -1.1384683762638603e-17, 4.838198874187647e-05, 0.000315311679493005, 2.032165521007251e-18, 6.58125292572261e-05, -0.0003153116783989169, 1.659566760807208e-17, -6.581252956821122e-05, -0.00031531167909332257, 1.3409987104594546e-17, 6.581252949822169e-05, 0.0003153116785852136, 6.9217092646078054e-18, -6.581252956333491e-05]]}, 0.2]