[{"__ndarray__": [[24, 24], "float64", [53.816950203726165, 1.2563889671364018e-13, -0.16814492809378806, 16.183049796084525, 5.591201749442865e-14, 0.16814492819255172, 16.183049797264673, -6.40890166706293e-14, -0.1681449283828924, -16.183049795965825, -3.935251451353e-14, 0.1681449283800023, -0.6835333444509809, -4.1502988635359016e-14, -0.02088534573424311, 0.6835333435119076, -9.117056279523598e-14, 0.02088534583702216, 0.6835333439889159, 2.189399138789723e-14, -0.02088534602360187, -0.6835333441410372, 3.286373236513814e-14, 0.020885345954556003, 1.2563889671364018e-13, 70.0, 1.7732798323557651e-13, -1.2563889661132285e-13, 5.50522479585052e-26, -1.7732798327815226e-13, -1.2563889681375312e-13, -8.107068900127037e-26, 1.7732798333505182e-13, 1.2563889682030208e-13, 9.080965655169479e-26, -1.7732798333497157e-13, -1.585574608713185e-14, -4.984505831538997e-26, 6.144705699862963e-14, 1.585574620262669e-14, -8.501054823900426e-26, -6.144705697556807e-14, 1.5855745860822382e-14, -8.811144939016204e-26, 6.144705703188216e-14, -1.5855746078796243e-14, 4.7227614595992846e-26, -6.144705701486699e-14, -0.16814492809378806, 1.7732798323557651e-13, 53.30864803683488, 0.1681449282978713, 1.2481631112283105e-13, 16.691351963213062, 0.1681449278044298, -1.9000564370382697e-14, -16.69135196310431, -0.16814492829788746, 1.506658603195469e-13, 16.6913519630819, -0.25504245086628397, -9.15289222661269e-14, 0.5941839440194592, 0.25504245148123905, -1.4036509695695539e-13, -0.5941839439934729, 0.2550424509007533, -1.612085590893323e-13, 0.5941839440699939, -0.25504245086059774, -4.1829985854223073e-14, -0.5941839440560163, 16.183049796084525, -1.2563889661132285e-13, 0.1681449282978713, 53.81695020410478, -5.5912017465062106e-14, -0.16814492839663436, -16.18304979707537, 6.408901658168323e-14, 0.16814492858697572, 16.183049795776522, 3.9352514546820816e-14, -0.16814492858408597, 0.6835333440612817, 4.150298860287313e-14, 0.020885345805048902, -0.6835333431222075, 9.117056270597165e-14, -0.020885345907828784, -0.6835333435992166, -2.1893991408724205e-14, 0.02088534609441102, 0.6835333437513376, -3.2863732298215576e-14, -0.020885346025362184, 5.591201749442865e-14, 5.50522479585052e-26, 1.2481631112283105e-13, -5.5912017465062106e-14, 70.0, -1.2481631114756223e-13, -5.5912017546526345e-14, -3.1936467100260796e-26, 1.248163111699414e-13, 5.591201754608691e-14, 4.423749760773824e-26, -1.2481631116901607e-13, -2.1974886166996506e-14, -2.623231697519661e-26, 7.494261467023279e-14, 2.197488620705184e-14, -4.2144064016923055e-26, -7.494261465963085e-14, 2.197488608374847e-14, -4.436015112068206e-26, 7.494261469033969e-14, -2.1974886167901702e-14, 1.3941240622211436e-26, -7.494261468244284e-14, 0.16814492819255172, -1.7732798327815226e-13, 16.691351963213062, -0.16814492839663436, -1.2481631114756223e-13, 53.308648036739, -0.1681449279031928, 1.9000564398429707e-14, 16.69135196315226, 0.16814492839665157, -1.5066586037898707e-13, -16.691351963129847, 0.2550424509185179, 9.152892229116544e-14, -0.5941839440003545, -0.255042451533473, 1.403650969878913e-13, 0.5941839439743706, -0.2550424509529875, 1.6120855914518937e-13, -0.5941839440508927, 0.25504245091283345, 4.182998584120721e-14, 0.5941839440369152, 16.183049797264673, -1.2563889681375312e-13, 0.1681449278044298, -16.18304979707537, -5.5912017546526345e-14, -0.1681449279031928, 53.81695020174449, 6.40890167416915e-14, 0.1681449280935341, 16.183049796956666, 3.935251472250265e-14, -0.1681449280906438, 0.6835333459670304, 4.150298867853625e-14, 0.02088534566585483, -0.6835333450279548, 9.117056290963659e-14, -0.020885345768633462, -0.6835333455049634, -2.1893991597937668e-14, 0.020885345955214393, 0.6835333456570877, -3.2863732442620724e-14, -0.02088534588616857, -6.40890166706293e-14, -8.107068900127037e-26, -1.9000564370382697e-14, 6.408901658168323e-14, -3.1936467100260796e-26, 1.9000564398429707e-14, 6.40890167416915e-14, 70.0, -1.900056444604077e-14, -6.408901671385068e-14, -8.442181339696251e-26, 1.9000564448129812e-14, -1.666912439473574e-13, 3.6205522794851377e-26, 8.23198675618565e-14, 1.6669124386069996e-13, 6.105276299423184e-26, -8.231986758617028e-14, 1.666912440948416e-13, 7.530846952777617e-26, 8.231986753186541e-14, -1.6669124391378576e-13, -7.294304771974155e-26, -8.231986754715127e-14, -0.1681449283828924, 1.7732798333505182e-13, -16.69135196310431, 0.16814492858697572, 1.248163111699414e-13, 16.69135196315226, 0.1681449280935341, -1.900056444604077e-14, 53.30864803695649, -0.16814492858699281, 1.5066586035006746e-13, 16.6913519630211, -0.25504245135563364, -9.152892231168737e-14, 0.5941839439652301, 0.25504245197058795, -1.403650970411825e-13, -0.5941839439392459, 0.2550424513901031, -1.6120855911270045e-13, 0.5941839440157668, -0.2550424513499483, -4.1829985802220214e-14, -0.5941839440017891, -16.183049795965825, 1.2563889682030208e-13, -0.16814492829788746, 16.183049795776522, 5.591201754608691e-14, 0.16814492839665157, 16.183049796956666, -6.408901671385068e-14, -0.16814492858699281, 53.81695020434217, -3.9352514427007044e-14, 0.168144928584102, -0.6835333438205821, -4.1502988677505936e-14, -0.020885345725313392, 0.6835333428815087, -9.117056287195504e-14, 0.02088534582809029, 0.6835333433585188, 2.1893991294885638e-14, -0.020885346014672068, -0.6835333435106397, 3.2863732374542034e-14, 0.02088534594562798, -3.935251451353e-14, 9.080965655169479e-26, 1.506658603195469e-13, 3.9352514546820816e-14, 4.423749760773824e-26, -1.5066586037898707e-13, 3.935251472250265e-14, -8.442181339696251e-26, 1.5066586035006746e-13, -3.9352514427007044e-14, 70.0, -1.506658603433135e-13, 1.4515327871825775e-13, -4.345431160509945e-26, 2.3782492212525363e-14, -1.451532789301671e-13, -6.950572669102798e-26, -2.378249215358933e-14, -1.4515327883205516e-13, -9.141813007714235e-26, 2.3782492182073414e-14, 1.4515327870824149e-13, 5.483688460017868e-26, -2.3782492194614106e-14, 0.1681449283800023, -1.7732798333497157e-13, 16.6913519630819, -0.16814492858408597, -1.2481631116901607e-13, -16.691351963129847, -0.1681449280906438, 1.9000564448129812e-14, 16.6913519630211, 0.168144928584102, -1.506658603433135e-13, 53.30864803700131, 0.255042451360225, 9.152892231143414e-14, -0.5941839439991061, -0.2550424519751785, 1.4036509704176265e-13, 0.5941839439731216, -0.2550424513946935, 1.612085591052267e-13, -0.5941839440496411, 0.2550424513545385, 4.182998579945035e-14, 0.5941839440356633, -0.6835333444509809, -1.585574608713185e-14, -0.25504245086628397, 0.6835333440612817, -2.1974886166996506e-14, 0.2550424509185179, 0.6835333459670304, -1.666912439473574e-13, -0.25504245135563364, -0.6835333438205821, 1.4515327871825775e-13, 0.255042451360225, 53.7703682707993, -1.049772670785528e-14, -0.36471013251331447, 16.22963172764917, 2.041189042459819e-14, 0.36471013265974805, 16.229631728558463, -1.0617508647843819e-13, -0.3647101330540713, -16.22963172856868, 1.5587329759673872e-13, 0.3647101329026739, -4.1502988635359016e-14, -4.984505831538997e-26, -9.15289222661269e-14, 4.150298860287313e-14, -2.623231697519661e-26, 9.152892229116544e-14, 4.150298867853625e-14, 3.6205522794851377e-26, -9.152892231168737e-14, -4.1502988677505936e-14, -4.345431160509945e-26, 9.152892231143414e-14, -1.049772670785528e-14, 70.0, -4.045233886570111e-14, 1.049772667096438e-14, 3.807969183808785e-26, 4.045233885280046e-14, 1.0497726781479233e-14, 4.214408003524862e-26, -4.045233888504638e-14, -1.049772669803044e-14, -2.0150678480553654e-26, 4.0452338878207067e-14, -0.02088534573424311, 6.144705699862963e-14, 0.5941839440194592, 0.020885345805048902, 7.494261467023279e-14, -0.5941839440003545, 0.02088534566585483, 8.23198675618565e-14, 0.5941839439652301, -0.020885345725313392, 2.3782492212525363e-14, -0.5941839439991061, -0.36471013251331447, -4.045233886570111e-14, 53.09772766274417, 0.36471013263339846, -4.835241911493379e-14, 16.902272337225817, 0.364710132319604, -4.402861019129232e-14, -16.902272337309125, -0.364710132438285, -1.1029165779658961e-13, 16.902272337257696, 0.6835333435119076, 1.585574620262669e-14, 0.25504245148123905, -0.6835333431222075, 2.197488620705184e-14, -0.255042451533473, -0.6835333450279548, 1.6669124386069996e-13, 0.25504245197058795, 0.6835333428815087, -1.451532789301671e-13, -0.2550424519751785, 16.22963172764917, 1.049772667096438e-14, 0.36471013263339846, 53.770368273902356, -2.0411890564133276e-14, -0.36471013277983166, -16.229631727006932, 1.0617508670181202e-13, 0.36471013317415585, 16.22963172701715, -1.5587329749788632e-13, -0.36471013302275757, -9.117056279523598e-14, -8.501054823900426e-26, -1.4036509695695539e-13, 9.117056270597165e-14, -4.2144064016923055e-26, 1.403650969878913e-13, 9.117056290963659e-14, 6.105276299423184e-26, -1.403650970411825e-13, -9.117056287195504e-14, -6.950572669102798e-26, 1.4036509704176265e-13, 2.041189042459819e-14, 3.807969183808785e-26, -4.835241911493379e-14, -2.0411890564133276e-14, 70.0, 4.8352419100803326e-14, -2.041189024349931e-14, 6.756038339010045e-26, -4.835241914686759e-14, 2.041189041870006e-14, -3.531934607550173e-26, 4.835241913139016e-14, 0.02088534583702216, -6.144705697556807e-14, -0.5941839439934729, -0.020885345907828784, -7.494261465963085e-14, 0.5941839439743706, -0.020885345768633462, -8.231986758617028e-14, -0.5941839439392459, 0.02088534582809029, -2.378249215358933e-14, 0.5941839439731216, 0.36471013265974805, 4.045233885280046e-14, 16.902272337225817, -0.36471013277983166, 4.8352419100803326e-14, 53.09772766280419, -0.36471013246603856, 4.402861013700526e-14, 16.90227233727913, 0.3647101325847179, 1.1029165780934866e-13, -16.902272337227696, 0.6835333439889159, 1.5855745860822382e-14, 0.2550424509007533, -0.6835333435992166, 2.197488608374847e-14, -0.2550424509529875, -0.6835333455049634, 1.666912440948416e-13, 0.2550424513901031, 0.6835333433585188, -1.4515327883205516e-13, -0.2550424513946935, 16.229631728558463, 1.0497726781479233e-14, 0.364710132319604, -16.229631727006932, -2.041189024349931e-14, -0.36471013246603856, 53.77036827208376, 1.0617508658872097e-13, 0.36471013286036225, 16.229631727926446, -1.5587329768511033e-13, -0.36471013270896524, 2.189399138789723e-14, -8.811144939016204e-26, -1.612085590893323e-13, -2.1893991408724205e-14, -4.436015112068206e-26, 1.6120855914518937e-13, -2.1893991597937668e-14, 7.530846952777617e-26, -1.6120855911270045e-13, 2.1893991294885638e-14, -9.141813007714235e-26, 1.612085591052267e-13, -1.0617508647843819e-13, 4.214408003524862e-26, -4.402861019129232e-14, 1.0617508670181202e-13, 6.756038339010045e-26, 4.402861013700526e-14, 1.0617508658872097e-13, 70.0, -4.4028610157958706e-14, -1.0617508648114666e-13, -4.663597933535932e-26, 4.402861017079881e-14, -0.02088534602360187, 6.144705703188216e-14, 0.5941839440699939, 0.02088534609441102, 7.494261469033969e-14, -0.5941839440508927, 0.020885345955214393, 8.231986753186541e-14, 0.5941839440157668, -0.020885346014672068, 2.3782492182073414e-14, -0.5941839440496411, -0.3647101330540713, -4.045233888504638e-14, -16.902272337309125, 0.36471013317415585, -4.835241914686759e-14, 16.90227233727913, 0.36471013286036225, -4.4028610157958706e-14, 53.097727662637574, -0.36471013297904253, -1.1029165777107299e-13, 16.902272337311008, -0.6835333441410372, -1.5855746078796243e-14, -0.25504245086059774, 0.6835333437513376, -2.1974886167901702e-14, 0.25504245091283345, 0.6835333456570877, -1.6669124391378576e-13, -0.2550424513499483, -0.6835333435106397, 1.4515327870824149e-13, 0.2550424513545385, -16.22963172856868, -1.049772669803044e-14, -0.364710132438285, 16.22963172701715, 2.041189041870006e-14, 0.3647101325847179, 16.229631727926446, -1.0617508648114666e-13, -0.36471013297904253, 53.77036827206333, 1.558732975640765e-13, 0.3647101328276433, 3.286373236513814e-14, 4.7227614595992846e-26, -4.1829985854223073e-14, -3.2863732298215576e-14, 1.3941240622211436e-26, 4.182998584120721e-14, -3.2863732442620724e-14, -7.294304771974155e-26, -4.1829985802220214e-14, 3.2863732374542034e-14, 5.483688460017868e-26, 4.182998579945035e-14, 1.5587329759673872e-13, -2.0150678480553654e-26, -1.1029165779658961e-13, -1.5587329749788632e-13, -3.531934607550173e-26, 1.1029165780934866e-13, -1.5587329768511033e-13, -4.663597933535932e-26, -1.1029165777107299e-13, 1.558732975640765e-13, 70.0, 1.1029165778355638e-13, 0.020885345954556003, -6.144705701486699e-14, -0.5941839440560163, -0.020885346025362184, -7.494261468244284e-14, 0.5941839440369152, -0.02088534588616857, -8.231986754715127e-14, -0.5941839440017891, 0.02088534594562798, -2.3782492194614106e-14, 0.5941839440356633, 0.3647101329026739, 4.0452338878207067e-14, 16.902272337257696, -0.36471013302275757, 4.835241913139016e-14, -16.902272337227696, -0.36471013270896524, 4.402861017079881e-14, 16.902272337311008, 0.3647101328276433, 1.1029165778355638e-13, 53.09772766274042]]}, {"__ndarray__": [[24], "float64", [9.94645566712726, 3.142861329994875, 0.14571502482032256, 1.642679316874777, 1.047620443331625, 4.242322518125619, 7.437246808876011, 1.047620443331625, 2.339733796293249, 4.151888175126297, 3.142861329994875, 2.0483037466527017, 1.3936552992072453, 3.142861329994875, 1.7373703291871787, 10.195479684794638, 1.047620443331625, 2.650667213758764, 4.400912192793728, 1.047620443331625, 3.9313891006601036, 7.188222791208346, 3.142861329994875, 0.45664844228582685]]}, {"__ndarray__": [[24], "float64", [0.00014000074599460207, -2.548575760110687e-15, -0.00035726039613069756, -0.00014000074565357614, 2.592145068963729e-15, 0.00035726039616095374, -0.0001400007470829305, 2.411349984820465e-15, -0.0003572603958466561, 0.0001400007455882534, -2.5758427765792632e-15, 0.0003572603958056724, 0.00034955041943831255, -1.86368738694614e-15, -0.0003691197145351403, -0.00034955041803580705, 1.852657396028043e-15, 0.0003691197144589243, -0.00034955041930399876, 1.8758219332506972e-15, -0.0003691197142064584, 0.00034955041905514704, -1.7427291170014115e-15, 0.0003691197142934065]]}, 0.2]