[{"__ndarray__": [[24, 24], "float64", [53.81717328280278, 0.0011503676285781624, -0.14747479950411252, 16.193243862339894, -0.0009104401303470391, 0.15399472711123197, 16.140538292755227, -0.0005842704337264493, -0.16215136502966276, -16.143343269648234, 0.0006778622310345217, 0.16085168222684454, -0.7451472041092866, -0.001290516754716475, -0.008211485027191018, 0.7468714255735116, 0.0003079908720685794, 0.004778788387286764, 0.7029743411076771, 6.274996890179448e-05, -0.015113204264706664, -0.7123107304739097, 0.0005862566322646064, 0.01332565619895476, 0.0011503676285781624, 69.99996481818894, 0.004649310822692472, -0.0012711714545332402, 3.744820899144445e-06, -0.004726337264618541, -0.0007836319004734475, -8.936472168990656e-06, 0.004800236238850807, 0.0007817524903990509, -2.08496241155147e-06, -0.004789497910145216, -0.011775603796800035, 4.7231007749378e-07, -0.005067876308729775, 0.011754753045212212, 2.2353513294911452e-05, 0.005121881365465929, 0.012252139690511043, 8.510644744194467e-06, -0.00499345108719228, -0.01210860570222905, 1.1121956368625973e-05, 0.0050057341438270175, -0.14747479950411252, 0.004649310822692472, 53.33936864474102, 0.15256798989872733, -0.000579868465664151, 16.665020002018657, 0.13481813557695807, 0.0015680558797225306, -16.667156399527673, -0.13376831047699683, -0.0001763238664569782, 16.66645874717883, -0.25147417945992734, -0.0019026297835963235, 0.6242622381517056, 0.25241420630662925, -0.00040126150450504606, -0.6267635746504233, 0.2404213096414699, -0.0015019096381114821, 0.6222673834239039, -0.24750435189124698, -0.0016553734266118046, -0.6234570414407954, 16.193243862339894, -0.0012711714545332402, 0.15256798989872733, 53.79591612902471, 0.0009225262783429957, -0.1593626920832222, -16.14961871455066, 0.0005556372830558382, 0.1677852051060179, 16.152431356079035, -0.0006885161244296703, -0.16644825567901764, 0.7109160314126894, 0.0012897753518078306, 0.006524397974165569, -0.7127065060795437, -0.0002274891224325064, -0.0028964636179655556, -0.6670357604697734, -3.467228189461195e-05, 0.013686699230664373, 0.6768536018972853, -0.0005460899446484779, -0.011856880927727326, -0.0009104401303470391, 3.744820899144445e-06, -0.000579868465664151, 0.0009225262783429957, 70.0000020094504, 0.0005844834335029083, 0.0008923780964818437, 2.3588975015037793e-06, -0.0005895067926374822, -0.0008885772733042956, 2.1439673755903744e-06, 0.0005883879470572277, 0.001102303746609099, -2.1323918931201817e-08, 0.0002626169054650777, -0.0010974524728679697, -1.0006010024662832e-05, -0.000264811275313578, -0.0011260142203997898, -1.3207075794398256e-06, 0.0002625793696445465, 0.0011052759755960804, 1.0909053154774216e-06, -0.00026388112205910554, 0.15399472711123197, -0.004726337264618541, 16.665020002018657, -0.1593626920832222, 0.0005844834335029083, 53.33042396943763, -0.14052064189391072, -0.001588738977220107, 16.671881099898783, 0.13946421048116267, 0.00016744520263386185, -16.671156878584448, 0.22717368951934494, 0.0019055619168303517, -0.6276172522361642, -0.22816631708768026, 0.0004580600025278182, 0.6302292049814381, -0.2150650384037665, 0.0015203007420871058, -0.6254541218470336, 0.22248206226615583, 0.001679224926402137, 0.6266739764360824, 16.140538292755227, -0.0007836319004734475, 0.13481813557695807, -16.14961871455066, 0.0008923780964818437, -0.14052064189391072, 53.897852759157956, 0.0006802058611262888, 0.14788036358843612, 16.10497895974236, -0.0006285693155919533, -0.14670073458893973, 0.8287752198996167, 0.0012821694857506087, -0.003783236576931054, -0.8302491095276334, -0.0006139046578062528, 0.006660300885449749, -0.7916474149896287, -0.00014993025154882327, 0.0023665299923758265, 0.7993700071630584, -0.0006787173305661492, -0.0007207170826455667, -0.0005842704337264493, -8.936472168990656e-06, 0.0015680558797225306, 0.0005556372830558382, 2.3588975015037793e-06, -0.001588738977220107, 0.0006802058611262888, 69.99999832929642, 0.0016069698362791293, -0.0006792285338398166, 8.556354954859803e-07, -0.00160475629273325, -0.0037209747751271883, -1.8022432861541823e-07, -0.003156226451681068, 0.0037177936117952564, 1.574233651299656e-06, 0.0031721549158147825, 0.0038474011522798574, 1.9628394746054222e-06, -0.0031354184966549247, -0.0038165641652003436, 4.035793888954792e-06, 0.003137959586541907, -0.16215136502966276, 0.004800236238850807, -16.667156399527673, 0.1677852051060179, -0.0005895067926374822, 16.671881099898783, 0.14788036358843612, 0.0016069698362791293, 53.32565493969074, -0.14682387485069356, -0.00015866423861956281, 16.673599341114283, -0.21137801180681257, -0.0019037190466439972, 0.6247385151228894, 0.212415335480244, -0.0005202160277585778, -0.6274718830847342, 0.19824199475559504, -0.0015378798518332335, 0.6224308766760002, -0.20596964715296073, -0.001697220099475697, -0.6236764899953277, -16.143343269648234, 0.0007817524903990509, -0.13376831047699683, 16.152431356079035, -0.0008885772733042956, 0.13946421048116267, 16.10497895974236, -0.0006792285338398166, -0.14682387485069356, 53.89219762939663, 0.0006321554467187732, 0.14564186918791286, -0.8330118689078718, -0.0012843161621872495, -0.002083205762115653, 0.834495121450123, 0.0006046646714384287, -0.0007814565377884664, 0.7959119991217578, 0.00015034582883101302, -0.00822961255158211, -0.8036599268835889, 0.0006832035444553911, 0.006580380609408354, 0.0006778622310345217, -2.08496241155147e-06, -0.0001763238664569782, -0.0006885161244296703, 2.1439673755903744e-06, 0.00016744520263386185, -0.0006285693155919533, 8.556354954859803e-07, -0.00015866423861956281, 0.0006321554467187732, 70.00000119072807, 0.000159496468781386, 0.00013913862780428146, -1.3842181631806772e-07, 0.0007408943703939576, -0.0001386738893919264, -3.848298103251059e-06, -0.0007339033774184957, -7.786664705019771e-05, 2.5731967727168653e-07, 0.0007524209706436503, 8.446967101226766e-05, 1.6240316490445467e-06, -0.0007513655299556646, 0.16085168222684454, -0.004789497910145216, 16.66645874717883, -0.16644825567901764, 0.0005883879470572277, -16.671156878584448, -0.14670073458893973, -0.00160475629273325, 16.673599341114283, 0.14564186918791286, 0.000159496468781386, 53.32714539619946, 0.21282334342007692, 0.0019068435955566663, -0.6252455287561578, -0.21385673346713435, 0.0005080934953937077, 0.627954930544755, -0.19983909162758573, 0.0015348688536823917, -0.6229513476006839, 0.20752792043752322, 0.0016965638242897301, 0.6241953400089915, -0.7451472041092866, -0.011775603796800035, -0.25147417945992734, 0.7109160314126894, 0.001102303746609099, 0.22717368951934494, 0.8287752198996167, -0.0037209747751271883, -0.21137801180681257, -0.8330118689078718, 0.00013913862780428146, 0.21282334342007692, 53.75264081452666, -0.0007593107908465363, -0.3059202574794862, 16.24129911274441, 0.009820366240252374, 0.3270974144379263, 16.377413425543132, 0.0022322098423502427, -0.29104682578094593, -16.332885530529577, 0.002961870795732492, 0.2927248271503421, -0.001290516754716475, 4.7231007749378e-07, -0.0019026297835963235, 0.0012897753518078306, -2.1323918931201817e-08, 0.0019055619168303517, 0.0012821694857506087, -1.8022432861541823e-07, -0.0019037190466439972, -0.0012843161621872495, -1.3842181631806772e-07, 0.0019068435955566663, -0.0007593107908465363, 70.00000758331811, -0.00044056976678932564, 0.0007547237409386361, -8.709816189804545e-06, 0.0004315953679573314, 0.0007515113271141276, -9.91682346446734e-07, -0.0004268565190301265, -0.0007440361978547224, 1.9858404803463467e-06, 0.0004297742357426354, -0.008211485027191018, -0.005067876308729775, 0.6242622381517056, 0.006524397974165569, 0.0002626169054650777, -0.6276172522361642, -0.003783236576931054, -0.003156226451681068, 0.6247385151228894, -0.002083205762115653, 0.0007408943703939576, -0.6252455287561578, -0.3059202574794862, -0.00044056976678932564, 53.165734295552475, 0.3053952986500807, 0.0030346517905951893, 16.838968011183393, 0.2996141583673789, 0.0016926286942586027, -16.836447884666804, -0.2915356696253703, 0.0029338806818046356, 16.835607605816392, 0.7468714255735116, 0.011754753045212212, 0.25241420630662925, -0.7127065060795437, -0.0010974524728679697, -0.22816631708768026, -0.8302491095276334, 0.0037177936117952564, 0.212415335480244, 0.834495121450123, -0.0001386738893919264, -0.21385673346713435, 16.24129911274441, 0.0007547237409386361, 0.3053952986500807, 53.76475973679627, -0.009810732781570818, -0.326528442310183, -16.371037303235774, -0.0022278823738105763, 0.29056362580508965, 16.326567521699168, -0.0029525287704578124, -0.2922369733775125, 0.0003079908720685794, 2.2353513294911452e-05, -0.00040126150450504606, -0.0002274891224325064, -1.0006010024662832e-05, 0.0004580600025278182, -0.0006139046578062528, 1.574233651299656e-06, -0.0005202160277585778, 0.0006046646714384287, -3.848298103251059e-06, 0.0005080934953937077, 0.009820366240252374, -8.709816189804545e-06, 0.0030346517905951893, -0.009810732781570818, 70.0000253497559, -0.0030669636358948275, -0.010212325513023375, -3.539018535767343e-06, 0.0029356632832270714, 0.010131430290352201, -2.3174359766321266e-05, -0.002948027403663879, 0.004778788387286764, 0.005121881365465929, -0.6267635746504233, -0.0028964636179655556, -0.000264811275313578, 0.6302292049814381, 0.006660300885449749, 0.0031721549158147825, -0.6274718830847342, -0.0007814565377884664, -0.0007339033774184957, 0.627954930544755, 0.3270974144379263, 0.0004315953679573314, 16.838968011183393, -0.326528442310183, -0.0030669636358948275, 53.15626977411534, -0.3215207525965023, -0.0017045300197417149, 16.84101330210703, 0.31319061083068134, -0.0029554232559163424, -16.840199765364634, 0.7029743411076771, 0.012252139690511043, 0.2404213096414699, -0.6670357604697734, -0.0011260142203997898, -0.2150650384037665, -0.7916474149896287, 0.0038474011522798574, 0.19824199475559504, 0.7959119991217578, -7.786664705019771e-05, -0.19983909162758573, 16.377413425543132, 0.0007515113271141276, 0.2996141583673789, -16.371037303235774, -0.010212325513023375, -0.3215207525965023, 53.486022740214786, -0.00234704452830009, 0.28376987525385805, 16.467397972124342, -0.0030878011490131025, -0.2856224553917432, 6.274996890179448e-05, 8.510644744194467e-06, -0.0015019096381114821, -3.467228189461195e-05, -1.3207075794398256e-06, 0.0015203007420871058, -0.00014993025154882327, 1.9628394746054222e-06, -0.0015378798518332335, 0.00015034582883101302, 2.5731967727168653e-07, 0.0015348688536823917, 0.0022322098423502427, -9.91682346446734e-07, 0.0016926286942586027, -0.0022278823738105763, -3.539018535767343e-06, -0.0017045300197417149, -0.00234704452830009, 69.99999969051808, 0.0016721776749840398, 0.002314223795276773, -4.569913450226574e-06, -0.0016756564553950203, -0.015113204264706664, -0.00499345108719228, 0.6222673834239039, 0.013686699230664373, 0.0002625793696445465, -0.6254541218470336, 0.0023665299923758265, -0.0031354184966549247, 0.6224308766760002, -0.00822961255158211, 0.0007524209706436503, -0.6229513476006839, -0.29104682578094593, -0.0004268565190301265, -16.836447884666804, 0.29056362580508965, 0.0029356632832270714, 16.84101330210703, 0.28376987525385805, 0.0016721776749840398, 53.161281321283866, -0.27599708716479393, 0.0029328847199553507, 16.83786047079129, -0.7123107304739097, -0.01210860570222905, -0.24750435189124698, 0.6768536018972853, 0.0011052759755960804, 0.22248206226615583, 0.7993700071630584, -0.0038165641652003436, -0.20596964715296073, -0.8036599268835889, 8.446967101226766e-05, 0.20752792043752322, -16.332885530529577, -0.0007440361978547224, -0.2915356696253703, 16.326567521699168, 0.010131430290352201, 0.31319061083068134, 16.467397972124342, 0.002314223795276773, -0.27599708716479393, 53.57866708558457, 0.0030338062218973256, 0.2778061623008625, 0.0005862566322646064, 1.1121956368625973e-05, -0.0016553734266118046, -0.0005460899446484779, 1.0909053154774216e-06, 0.001679224926402137, -0.0006787173305661492, 4.035793888954792e-06, -0.001697220099475697, 0.0006832035444553911, 1.6240316490445467e-06, 0.0016965638242897301, 0.002961870795732492, 1.9858404803463467e-06, 0.0029338806818046356, -0.0029525287704578124, -2.3174359766321266e-05, -0.0029554232559163424, -0.0030878011490131025, -4.569913450226574e-06, 0.0029328847199553507, 0.0030338062218973256, 70.00000788574549, -0.00293453737054437, 0.01332565619895476, 0.0050057341438270175, -0.6234570414407954, -0.011856880927727326, -0.00026388112205910554, 0.6266739764360824, -0.0007207170826455667, 0.003137959586541907, -0.6236764899953277, 0.006580380609408354, -0.0007513655299556646, 0.6241953400089915, 0.2927248271503421, 0.0004297742357426354, 16.835607605816392, -0.2922369733775125, -0.002948027403663879, -16.840199765364634, -0.2856224553917432, -0.0016756564553950203, 16.83786047079129, 0.2778061623008625, -0.00293453737054437, 53.16299590358043]]}, {"__ndarray__": [[24], "float64", [9.97404068575677, 3.1522695175151516, 0.14175584193997515, 1.6497903570204913, 1.0507572928251072, 4.259417784792197, 7.46171335998113, 1.0507563622059173, 2.342346036142542, 4.1621188800679025, 3.152271136873346, 2.058829587185866, 1.404737530731596, 3.1522716247650884, 1.741470772155257, 10.219095142305065, 1.0507574354845697, 2.659705803441729, 4.407182153805713, 1.0507573927503582, 3.942059097195259, 7.216653862076278, 3.1522717413454355, 0.4591165967507389]]}, {"__ndarray__": [[24], "float64", [-0.00010526414828781767, 4.43676390976023e-06, -1.4552961519443993e-05, 0.00012002052737510706, -1.7028566058028317e-07, 2.4285425832209696e-05, 6.65724284283258e-05, 1.2153480279569874e-06, -3.188789810269056e-05, -6.601550704287348e-05, 6.173523089625974e-07, 3.0808585957156115e-05, 0.0002319726026055472, -1.4872336331512743e-07, -2.080249101517174e-05, -0.00022966350570350673, -4.058204836619676e-06, 1.355096333287522e-05, -0.00028460541870744014, -9.133175207145798e-07, -2.730205591578516e-05, 0.0002669830213326579, -9.789328654501476e-07, 2.590043143085043e-05]]}, 0.2]