[{"__ndarray__": [[24, 24], "float64", [53.867490666009736, -2.571544377511001e-15, -0.19422448821561428, 16.13250933405992, -8.471019423487605e-15, 0.19422448827375277, 16.13250933361002, 3.036506123577114e-14, -0.1942244882585066, -16.132509333804236, -3.056400917506561e-14, 0.1942244882296938, -0.7047381733338727, 1.2638331147096455e-14, -0.05583849257980825, 0.7047381735230764, 3.2976200483287237e-15, 0.055838492536803036, 0.7047381730707871, 3.045590091929345e-14, -0.055838492538241385, -0.7047381732003812, -3.534822648924007e-14, 0.055838492563469844, -2.571544377511001e-15, 70.0, -3.3291143189325586e-15, 2.571544373119014e-15, -2.0239971386803832e-29, 3.329114318568458e-15, 2.5715443852477047e-15, -2.0452565694532214e-28, -3.329114318120364e-15, -2.5715443806673092e-15, 3.12552503594809e-29, 3.329114318289198e-15, 2.8186784640035785e-15, -2.5460371969368523e-30, -2.428848057252439e-15, -2.81867847140096e-15, -2.1431298970123256e-29, 2.4288480580126972e-15, -2.8186784576261067e-15, -3.190796579446426e-29, -2.42884805782564e-15, 2.8186784614683468e-15, 2.261571693201781e-28, 2.428848057728823e-15, -0.19422448821561428, -3.3291143189325586e-15, 53.30392214046102, 0.1942244882749811, 3.0841824334716324e-15, 16.696077859564106, 0.19422448807517723, 2.033210279239867e-14, -16.696077859559658, -0.19422448815257476, 1.3806543573364638e-14, 16.69607785954316, -0.18513934562582954, -2.729343691526512e-15, 0.6501758811181194, 0.18513934571381863, 1.043515268246242e-15, -0.6501758811538559, 0.1851393454925079, -1.2489502194121825e-14, 0.65017588117205, -0.18513934555493822, -2.005597449546499e-14, -0.6501758811445503, 16.13250933405992, 2.571544373119014e-15, 0.1942244882749811, 53.86749066587041, 8.471019426139695e-15, -0.19422448833311862, -16.13250933367969, -3.0365061237042e-14, 0.19422448831787315, 16.1325093338739, 3.056400917819911e-14, -0.19422448828906047, 0.7047381731133374, -1.2638331151909412e-14, 0.05583849263556717, -0.7047381733025406, -3.2976200437500587e-15, -0.05583849259256453, -0.70473817285025, -3.045590091999897e-14, 0.05583849259400049, 0.7047381729798452, 3.5348226490367386e-14, -0.055838492619229574, -8.471019423487605e-15, -2.0239971386803832e-29, 3.0841824334716324e-15, 8.471019426139695e-15, 70.0, -3.0841824336924255e-15, 8.471019424111128e-15, -8.070425898324353e-29, 3.084182433718363e-15, -8.471019424373041e-15, 2.448818268199355e-28, -3.0841824332023366e-15, 7.675224542499632e-15, -4.341104868791503e-28, -5.158468088837456e-15, -7.675224541463025e-15, 5.42733119479123e-29, 5.1584680891458805e-15, -7.67522454362269e-15, -2.7847583874305276e-28, -5.158468089620116e-15, 7.675224542299664e-15, 9.767448800250158e-29, 5.158468089093967e-15, 0.19422448827375277, 3.329114318568458e-15, 16.696077859564106, -0.19422448833311862, -3.0841824336924255e-15, 53.30392214041078, -0.19422448813331517, -2.033210279438829e-14, 16.696077859584793, 0.1942244882107126, -1.380654357145753e-14, -16.696077859568287, 0.18513934547800845, 2.7293436906690716e-15, -0.65017588109236, -0.18513934556600006, -1.0435152678427712e-15, 0.6501758811280964, -0.18513934534468993, 1.2489502193207599e-14, -0.6501758811462913, 0.18513934540712002, 2.005597449755638e-14, 0.6501758811187914, 16.13250933361002, 2.5715443852477047e-15, 0.19422448807517723, -16.13250933367969, 8.471019424111128e-15, -0.19422448813331517, 53.86749066677022, -3.0365061221471734e-14, 0.19422448811806847, 16.132509333424, 3.056400916370574e-14, -0.19422448808925596, 0.7047381741990484, -1.2638331139354154e-14, 0.055838492424892056, -0.7047381743882507, -3.297620055830304e-15, -0.055838492381886734, -0.7047381739359635, -3.045590091503241e-14, 0.055838492383323474, 0.7047381740655576, 3.534822647302247e-14, -0.055838492408554555, 3.036506123577114e-14, -2.0452565694532214e-28, 2.033210279239867e-14, -3.0365061237042e-14, -8.070425898324353e-29, -2.033210279438829e-14, -3.0365061221471734e-14, 70.0, 2.033210279408812e-14, 3.036506122706469e-14, -1.8781772925393585e-27, -2.033210279294773e-14, -5.470316535092778e-14, 8.61000880144718e-28, 1.804758127999251e-14, 5.470316534541237e-14, 3.2928601350306142e-28, -1.80475812781862e-14, 5.470316536120135e-14, 1.7291409619917006e-27, 1.804758127793573e-14, -5.470316535864013e-14, -4.1328888373338284e-27, -1.8047581279140542e-14, -0.1942244882585066, -3.329114318120364e-15, -16.696077859559658, 0.19422448831787315, 3.084182433718363e-15, 16.696077859584793, 0.19422448811806847, 2.033210279408812e-14, 53.30392214041964, -0.19422448819546645, 1.380654357218627e-14, 16.696077859563847, -0.18513934552850828, -2.7293436907669444e-15, 0.6501758810939866, 0.18513934561649678, 1.043515267561168e-15, -0.6501758811297242, 0.1851393453951865, -1.2489502193723731e-14, 0.6501758811479172, -0.18513934545761598, -2.0055974497519936e-14, -0.650175881120418, -16.132509333804236, -2.5715443806673092e-15, -0.19422448815257476, 16.1325093338739, -8.471019424373041e-15, 0.1942244882107126, 16.132509333424, 3.036506122706469e-14, -0.19422448819546645, 53.867490666381784, -3.0564009166858346e-14, 0.19422448816665344, -0.7047381737362695, 1.2638331143416542e-14, -0.0558384924933473, 0.7047381739254732, 3.297620051137047e-15, 0.055838492450341656, 0.7047381734731837, 3.045590091464118e-14, -0.05583849245178149, -0.704738173602778, -3.534822647906393e-14, 0.05583849247700973, -3.056400917506561e-14, 3.12552503594809e-29, 1.3806543573364638e-14, 3.056400917819911e-14, 2.448818268199355e-28, -1.380654357145753e-14, 3.056400916370574e-14, -1.8781772925393585e-27, 1.380654357218627e-14, -3.0564009166858346e-14, 70.0, -1.3806543573438155e-14, 3.6940972301868606e-14, -8.474406138026506e-28, 8.6074145794381e-15, -3.6940972296482416e-14, -2.074917950986719e-28, -8.607414580709218e-15, -3.6940972313241507e-14, -1.8390295641848268e-27, 8.60741458133178e-15, 3.694097230773323e-14, 2.5060982965650713e-27, -8.60741458046785e-15, 0.1942244882296938, 3.329114318289198e-15, 16.69607785954316, -0.19422448828906047, -3.0841824332023366e-15, -16.696077859568287, -0.19422448808925596, -2.033210279294773e-14, 16.696077859563847, 0.19422448816665344, -1.3806543573438155e-14, 53.30392214045268, 0.18513934561221537, 2.7293436908754443e-15, -0.6501758811042517, -0.18513934570020524, -1.043515267621592e-15, 0.6501758811399888, -0.18513934547889407, 1.2489502194442202e-14, -0.6501758811581838, 0.18513934554132525, 2.0055974496187916e-14, 0.6501758811306847, -0.7047381733338727, 2.8186784640035785e-15, -0.18513934562582954, 0.7047381731133374, 7.675224542499632e-15, 0.18513934547800845, 0.7047381741990484, -5.470316535092778e-14, -0.18513934552850828, -0.7047381737362695, 3.6940972301868606e-14, 0.18513934561221537, 53.50454306905066, -2.0593026768218234e-14, -0.2805080740912319, 16.495456930385274, -4.70156116166834e-15, 0.28050807424124985, 16.49545693162096, -3.4808097853112516e-14, -0.28050807430262387, -16.495456931277506, 6.789969439030163e-14, 0.280508074181847, 1.2638331147096455e-14, -2.5460371969368523e-30, -2.729343691526512e-15, -1.2638331151909412e-14, -4.341104868791503e-28, 2.7293436906690716e-15, -1.2638331139354154e-14, 8.61000880144718e-28, -2.7293436907669444e-15, 1.2638331143416542e-14, -8.474406138026506e-28, 2.7293436908754443e-15, -2.0593026768218234e-14, 70.0, 5.395889447215593e-15, 2.059302676260637e-14, 2.9812687973776727e-29, -5.395889446387175e-15, 2.0593026775981544e-14, 8.17051908872912e-28, 5.3958894467362895e-15, -2.0593026771627054e-14, -1.1221756813761852e-27, -5.395889446878554e-15, -0.05583849257980825, -2.428848057252439e-15, 0.6501758811181194, 0.05583849263556717, -5.158468088837456e-15, -0.65017588109236, 0.055838492424892056, 1.804758127999251e-14, 0.6501758810939866, -0.0558384924933473, 8.6074145794381e-15, -0.6501758811042517, -0.2805080740912319, 5.395889447215593e-15, 53.168429508891194, 0.28050807408380285, -2.6036594410641334e-16, 16.831570491101242, 0.2805080739903246, -6.7932272460592215e-15, -16.831570491139583, -0.28050807401244265, -1.788964328408704e-14, 16.83157049111482, 0.7047381735230764, -2.81867847140096e-15, 0.18513934571381863, -0.7047381733025406, -7.675224541463025e-15, -0.18513934556600006, -0.7047381743882507, 5.470316534541237e-14, 0.18513934561649678, 0.7047381739254732, -3.6940972296482416e-14, -0.18513934570020524, 16.495456930385274, 2.059302676260637e-14, 0.28050807408380285, 53.50454307017879, 4.701561169161492e-15, -0.2805080742338187, -16.495456931056896, 3.480809785233114e-14, 0.28050807429519303, 16.49545693071344, -6.789969438449284e-14, -0.2805080741744174, 3.2976200483287237e-15, -2.1431298970123256e-29, 1.043515268246242e-15, -3.2976200437500587e-15, 5.42733119479123e-29, -1.0435152678427712e-15, -3.297620055830304e-15, 3.2928601350306142e-28, 1.043515267561168e-15, 3.297620051137047e-15, -2.074917950986719e-28, -1.043515267621592e-15, -4.70156116166834e-15, 2.9812687973776727e-29, -2.6036594410641334e-16, 4.701561169161492e-15, 70.0, 2.603659433236722e-16, 4.701561155628698e-15, 1.8328200951392617e-28, -2.603659435445929e-16, -4.701561159357109e-15, -4.137637311144178e-28, 2.603659435829927e-16, 0.055838492536803036, 2.4288480580126972e-15, -0.6501758811538559, -0.05583849259256453, 5.1584680891458805e-15, 0.6501758811280964, -0.055838492381886734, -1.80475812781862e-14, -0.6501758811297242, 0.055838492450341656, -8.607414580709218e-15, 0.6501758811399888, 0.28050807424124985, -5.395889446387175e-15, 16.831570491101242, -0.2805080742338187, 2.603659433236722e-16, 53.16842950890635, -0.28050807414034157, 6.793227246315997e-15, 16.831570491132005, 0.2805080741624606, 1.7889643282128427e-14, -16.831570491107247, 0.7047381730707871, -2.8186784576261067e-15, 0.1851393454925079, -0.70473817285025, -7.67522454362269e-15, -0.18513934534468993, -0.7047381739359635, 5.470316536120135e-14, 0.1851393453951865, 0.7047381734731837, -3.6940972313241507e-14, -0.18513934547889407, 16.49545693162096, 2.0593026775981544e-14, 0.2805080739903246, -16.495456931056896, 4.701561155628698e-15, -0.28050807414034157, 53.50454306770742, 3.4808097858625486e-14, 0.28050807420171997, 16.495456931949125, -6.789969440203131e-14, -0.2805080740809412, 3.045590091929345e-14, -3.190796579446426e-29, -1.2489502194121825e-14, -3.045590091999897e-14, -2.7847583874305276e-28, 1.2489502193207599e-14, -3.045590091503241e-14, 1.7291409619917006e-27, -1.2489502193723731e-14, 3.045590091464118e-14, -1.8390295641848268e-27, 1.2489502194442202e-14, -3.4808097853112516e-14, 8.17051908872912e-28, -6.7932272460592215e-15, 3.480809785233114e-14, 1.8328200951392617e-28, 6.793227246315997e-15, 3.4808097858625486e-14, 70.0, -6.793227246734542e-15, -3.4808097856088793e-14, -2.292423974126331e-27, 6.793227246451423e-15, -0.055838492538241385, -2.42884805782564e-15, 0.65017588117205, 0.05583849259400049, -5.158468089620116e-15, -0.6501758811462913, 0.055838492383323474, 1.804758127793573e-14, 0.6501758811479172, -0.05583849245178149, 8.60741458133178e-15, -0.6501758811581838, -0.28050807430262387, 5.3958894467362895e-15, -16.831570491139583, 0.28050807429519303, -2.603659435445929e-16, 16.831570491132005, 0.28050807420171997, -6.793227246734542e-15, 53.16842950882967, -0.28050807422383434, -1.7889643281946777e-14, 16.831570491145587, -0.7047381732003812, 2.8186784614683468e-15, -0.18513934555493822, 0.7047381729798452, 7.675224542299664e-15, 0.18513934540712002, 0.7047381740655576, -5.470316535864013e-14, -0.18513934545761598, -0.704738173602778, 3.694097230773323e-14, 0.18513934554132525, -16.495456931277506, -2.0593026771627054e-14, -0.28050807401244265, 16.49545693071344, -4.701561159357109e-15, 0.2805080741624606, 16.495456931949125, -3.4808097856088793e-14, -0.28050807422383434, 53.50454306839431, 6.789969439908932e-14, 0.2805080741030596, -3.534822648924007e-14, 2.261571693201781e-28, -2.005597449546499e-14, 3.5348226490367386e-14, 9.767448800250158e-29, 2.005597449755638e-14, 3.534822647302247e-14, -4.1328888373338284e-27, -2.0055974497519936e-14, -3.534822647906393e-14, 2.5060982965650713e-27, 2.0055974496187916e-14, 6.789969439030163e-14, -1.1221756813761852e-27, -1.788964328408704e-14, -6.789969438449284e-14, -4.137637311144178e-28, 1.7889643282128427e-14, -6.789969440203131e-14, -2.292423974126331e-27, -1.7889643281946777e-14, 6.789969439908932e-14, 70.0, 1.7889643283290555e-14, 0.055838492563469844, 2.428848057728823e-15, -0.6501758811445503, -0.055838492619229574, 5.158468089093967e-15, 0.6501758811187914, -0.055838492408554555, -1.8047581279140542e-14, -0.650175881120418, 0.05583849247700973, -8.60741458046785e-15, 0.6501758811306847, 0.280508074181847, -5.395889446878554e-15, 16.83157049111482, -0.2805080741744174, 2.603659435829927e-16, -16.831570491107247, -0.2805080740809412, 6.793227246451423e-15, 16.831570491145587, 0.2805080741030596, 1.7889643283290555e-14, 53.168429508879186]]}, {"__ndarray__": [[24], "float64", [10.07973595938547, 3.1867735641465, 0.1525803407975097, 1.6713230663092409, 1.0622578547155, 4.2967671079380905, 7.546852579156736, 1.0622578547155, 2.377254065165327, 4.204206446538071, 3.1867735641465, 2.072093383570304, 1.447604344556265, 3.1867735641465, 1.725971504730347, 10.303454681138312, 1.0622578547155, 2.7233759440053102, 4.427925168291218, 1.0622578547155, 3.95064522909805, 7.3231338574036045, 3.1867735641465, 0.4987022196375016]]}, {"__ndarray__": [[24], "float64", [-0.00015335092885719766, 1.9629225810922105e-15, -0.00010152312153781709, 0.00015335092920781975, -1.9002318419543845e-15, 0.00010152312174843659, 0.00015335092738649747, -1.812096446324946e-15, -0.000101523121713344, -0.00015335092815328862, 1.9501298482122673e-15, 0.00010152312155158277, 0.0005150480585273836, 1.3609921879138097e-15, 2.1461184658964948e-05, -0.0005150480576012746, -1.4372770645716078e-15, -2.1461184882868418e-05, -0.0005150480595834217, -1.3951809162525685e-15, 2.1461184971027173e-05, 0.000515048059073475, 1.2662622866416402e-15, -2.1461184795969722e-05]]}, 0.2]