[{"__ndarray__": [[24, 24], "float64", [53.97808408089986, -2.389201934981928e-14, -0.20290484116521468, 16.02191591723737, 3.549815890436558e-14, 0.20290484171089673, 16.021915917531896, -1.304481160613171e-13, -0.20290484059138808, -16.02191591436071, 5.2394023620867213e-14, 0.20290483921106747, -0.863593967496457, -7.268359087674195e-14, -0.028562848450963945, 0.8635939662085163, 1.3166240860823598e-13, 0.028562848401341996, 0.863593966155649, -1.1774606511723947e-14, -0.02856284683643636, -0.8635939665540636, 1.9769502719374883e-14, 0.02856284756912756, -2.389201934981928e-14, 70.0, 1.7825829260154284e-14, 2.3892019697732156e-14, 4.121406932121444e-27, -1.782582933332488e-14, 2.3892019748419032e-14, -4.2409401848227874e-26, 1.782582912700375e-14, -2.389202052679369e-14, 9.675668199774989e-26, -1.782582889558276e-14, 1.4262416835934516e-13, -1.3952446520535433e-26, -7.528486329378079e-14, -1.4262416778403072e-13, -3.075006618927329e-26, 7.528486330658583e-14, -1.4262416776527262e-13, -9.115381932341165e-26, -7.528486355394685e-14, 1.4262416749398252e-13, 2.3577134339260685e-26, 7.528486340528833e-14, -0.20290484116521468, 1.7825829260154284e-14, 53.344579567622, 0.20290484009701926, 6.61618020250692e-14, 16.655420432654427, 0.20290484029844608, -2.355779300040888e-13, -16.65542043204992, -0.20290483840990997, 2.758995207599498e-13, 16.655420431224275, -0.2426960026986658, -1.3928433534338794e-13, 0.5777428199316982, 0.24269600194571223, 3.8517384559063566e-14, -0.577742819971545, 0.2426960019551907, -2.1186431165241572e-13, 0.5777428208960722, -0.24269600216777798, 1.854140173427588e-13, -0.5777428204745072, 16.02191591723737, 2.3892019697732156e-14, 0.20290484009701926, 53.97808408462542, -3.549815853655021e-14, -0.2029048406427023, -16.021915915669116, 1.3044811571766875e-13, 0.2029048395231926, 16.02191591249793, -5.239402401606421e-14, -0.20290483814287244, 0.8635939653661012, 7.268359039525023e-14, 0.0285628480618571, -0.8635939640781654, -1.3166240877037085e-13, -0.028562848012237088, -0.8635939640252938, 1.1774607004972645e-14, 0.028562846447329288, 0.8635939644237106, -1.9769502529370653e-14, -0.02856284718002282, 3.549815890436558e-14, 4.121406932121444e-27, 6.61618020250692e-14, -3.549815853655021e-14, 70.0, -6.616180216048042e-14, -3.549815839654275e-14, -2.799228361665229e-26, 6.616180193623079e-14, 3.5498157876252e-14, 3.674204667837375e-26, -6.616180178379732e-14, -5.275292857239094e-14, -1.6567708520559503e-26, 3.953014102410689e-14, 5.275292902335687e-14, 3.65912865424597e-27, -3.953014100198176e-14, 5.275292916930202e-14, -2.9049988082296865e-26, 3.953014083014717e-14, -5.275292932210969e-14, 2.1114592459048963e-26, -3.953014091777079e-14, 0.20290484171089673, -1.782582933332488e-14, 16.655420432654427, -0.2029048406427023, -6.616180216048042e-14, 53.34457956706915, -0.20290484084413052, 2.3557793014119545e-13, 16.65542043232634, 0.20290483895559253, -2.758995206422018e-13, -16.655420431500705, 0.24269600332826044, 1.3928433552370743e-13, -0.5777428198361932, -0.24269600257530494, -3.8517384571961706e-14, 0.577742819876039, -0.24269600258478616, 2.1186431148815082e-13, -0.5777428208005654, 0.24269600279737158, -1.8541401739890782e-13, 0.5777428203789996, 16.021915917531896, 2.3892019748419032e-14, 0.20290484029844608, -16.021915915669116, -3.549815839654275e-14, -0.20290484084413052, 53.978084084036354, 1.3044811561598764e-13, 0.20290483972462006, 16.021915912792462, -5.2394024283202705e-14, -0.20290483834429973, 0.863593965600156, 7.268359022171553e-14, 0.028562848163741834, -0.8635939643122204, -1.316624087174268e-13, -0.028562848114123095, -0.8635939642593459, 1.1774607313418824e-14, 0.02856284654921548, 0.8635939646577635, -1.976950252989698e-14, -0.02856284728190573, -1.304481160613171e-13, -4.2409401848227874e-26, -2.355779300040888e-13, 1.3044811571766875e-13, -2.799228361665229e-26, 2.3557793014119545e-13, 1.3044811561598764e-13, 70.0, -2.3557792977454385e-13, -1.3044811495723425e-13, -1.6704601781647065e-25, 2.355779295774578e-13, 8.83680404738917e-14, 6.298756588839655e-26, -1.0654117167213642e-13, -8.836804118988129e-14, -4.8064348624764586e-27, 1.0654117165502231e-13, -8.836804113535104e-14, 1.3777335547398744e-25, -1.0654117140076091e-13, 8.836804133594249e-14, -7.768864236432124e-26, 1.06541171524322e-13, -0.20290484059138808, 1.782582912700375e-14, -16.65542043204992, 0.2029048395231926, 6.616180193623079e-14, 16.65542043232634, 0.20290483972462006, -2.3557792977454385e-13, 53.34457956827815, -0.20290483783608437, 2.758995208271749e-13, 16.655420430896196, -0.24269600199347585, -1.3928433521435716e-13, 0.577742820023501, 0.24269600124052484, 3.851738463917331e-14, -0.5777428200633454, 0.242696001250004, -2.1186431174178644e-13, 0.5777428209878727, -0.24269600146258977, 1.854140171443876e-13, -0.5777428205663061, -16.02191591436071, -2.389202052679369e-14, -0.20290483840990997, 16.02191591249793, 3.5498157876252e-14, 0.20290483895559253, 16.021915912792462, -1.3044811495723425e-13, -0.20290483783608437, 53.97808409037872, 5.239402488237308e-14, 0.20290483645576352, -0.8635939619010591, -7.268358954248246e-14, -0.028562847598211177, 0.863593960613118, 1.3166240925955862e-13, 0.028562847548591314, 0.8635939605602474, -1.177460800677889e-14, -0.028562845983684276, -0.8635939609586655, 1.9769502021405042e-14, 0.02856284671637417, 5.2394023620867213e-14, 9.675668199774989e-26, 2.758995207599498e-13, -5.239402401606421e-14, 3.674204667837375e-26, -2.758995206422018e-13, -5.2394024283202705e-14, -1.6704601781647065e-25, 2.758995208271749e-13, 5.239402488237308e-14, 70.0, -2.7589952102990257e-13, -8.203418233684257e-14, -9.454712641634798e-26, -2.6694196106624655e-14, 8.203418187834727e-14, -7.225083379414586e-26, 2.6694196057629716e-14, 8.203418157750546e-14, -3.0892846832158305e-25, -2.669419585141964e-14, -8.203418127678673e-14, 1.5417392131925284e-25, 2.6694195987382542e-14, 0.20290483921106747, -1.782582889558276e-14, 16.655420431224275, -0.20290483814287244, -6.616180178379732e-14, -16.655420431500705, -0.20290483834429973, 2.355779295774578e-13, 16.655420430896196, 0.20290483645576352, -2.7589952102990257e-13, 53.34457956992944, 0.24269600035539407, 1.3928433501500077e-13, -0.5777428202771765, -0.24269599960244237, -3.851738479167449e-14, 0.5777428203170208, -0.24269599961191912, 2.1186431197106304e-13, -0.5777428212415493, 0.2426959998245076, -1.8541401699961599e-13, 0.5777428208199815, -0.863593967496457, 1.4262416835934516e-13, -0.2426960026986658, 0.8635939653661012, -5.275292857239094e-14, 0.24269600332826044, 0.863593965600156, 8.83680404738917e-14, -0.24269600199347585, -0.8635939619010591, -8.203418233684257e-14, 0.24269600035539407, 53.86703178302298, 1.1217917726068485e-13, -0.31996968731575187, 16.13296821536939, -9.128217626409261e-14, 0.3199696872258227, 16.13296821523409, 2.8871236104722723e-14, -0.31996968537425785, -16.132968215551923, -1.4589959084339889e-13, 0.31996968626418204, -7.268359087674195e-14, -1.3952446520535433e-26, -1.3928433534338794e-13, 7.268359039525023e-14, -1.6567708520559503e-26, 1.3928433552370743e-13, 7.268359022171553e-14, 6.298756588839655e-26, -1.3928433521435716e-13, -7.268358954248246e-14, -9.454712641634798e-26, 1.3928433501500077e-13, 1.1217917726068485e-13, 70.0, -6.759997786893103e-14, -1.1217917786677103e-13, -3.3985174036414793e-28, 6.759997784268344e-14, -1.1217917803604457e-13, 7.736868842961036e-26, -6.75999776139737e-14, 1.1217917822654067e-13, -5.1367477220313246e-26, 6.759997772825576e-14, -0.028562848450963945, -7.528486329378079e-14, 0.5777428199316982, 0.0285628480618571, 3.953014102410689e-14, -0.5777428198361932, 0.028562848163741834, -1.0654117167213642e-13, 0.577742820023501, -0.028562847598211177, -2.6694196106624655e-14, -0.5777428202771765, -0.31996968731575187, -6.759997786893103e-14, 53.10639594172709, 0.3199696871002812, 1.2322444891831902e-13, 16.893604058278772, 0.31996968712059015, 6.155052030663649e-14, -16.893604057992793, -0.3199696872669285, 5.4149085323282604e-14, 16.89360405812012, 0.8635939662085163, -1.4262416778403072e-13, 0.24269600194571223, -0.8635939640781654, 5.275292902335687e-14, -0.24269600257530494, -0.8635939643122204, -8.836804118988129e-14, 0.24269600124052484, 0.863593960613118, 8.203418187834727e-14, -0.24269599960244237, 16.13296821536939, -1.1217917786677103e-13, 0.3199696871002812, 53.867031786238265, 9.128217590303514e-14, -0.31996968701035305, -16.13296821362643, -2.88712355464887e-14, 0.31996968515878726, 16.132968213944274, 1.4589959142034454e-13, -0.31996968604871284, 1.3166240860823598e-13, -3.075006618927329e-26, 3.8517384559063566e-14, -1.3166240877037085e-13, 3.65912865424597e-27, -3.8517384571961706e-14, -1.316624087174268e-13, -4.8064348624764586e-27, 3.851738463917331e-14, 1.3166240925955862e-13, -7.225083379414586e-26, -3.851738479167449e-14, -9.128217626409261e-14, -3.3985174036414793e-28, 1.2322444891831902e-13, 9.128217590303514e-14, 70.0, -1.2322444891052182e-13, 9.128217600091311e-14, 7.478427022213992e-26, 1.2322444905318465e-13, -9.128217579640808e-14, -2.3831453046896502e-26, -1.232244489526254e-13, 0.028562848401341996, 7.528486330658583e-14, -0.577742819971545, -0.028562848012237088, -3.953014100198176e-14, 0.577742819876039, -0.028562848114123095, 1.0654117165502231e-13, -0.5777428200633454, 0.028562847548591314, 2.6694196057629716e-14, 0.5777428203170208, 0.3199696872258227, 6.759997784268344e-14, 16.893604058278772, -0.31996968701035305, -1.2322444891052182e-13, 53.10639594171539, -0.3199696870306617, -6.155052025290377e-14, 16.893604057998637, 0.319969687176999, -5.414908532598751e-14, -16.89360405812597, 0.863593966155649, -1.4262416776527262e-13, 0.2426960019551907, -0.8635939640252938, 5.275292916930202e-14, -0.24269600258478616, -0.8635939642593459, -8.836804113535104e-14, 0.242696001250004, 0.8635939605602474, 8.203418157750546e-14, -0.24269599961191912, 16.13296821523409, -1.1217917803604457e-13, 0.31996968712059015, -16.13296821362643, 9.128217600091311e-14, -0.3199696870306617, 53.867031786508875, -2.8871235199291855e-14, 0.31996968517909696, 16.132968213808972, 1.458995912353693e-13, -0.31996968606902126, -1.1774606511723947e-14, -9.115381932341165e-26, -2.1186431165241572e-13, 1.1774607004972645e-14, -2.9049988082296865e-26, 2.1186431148815082e-13, 1.1774607313418824e-14, 1.3777335547398744e-25, -2.1186431174178644e-13, -1.177460800677889e-14, -3.0892846832158305e-25, 2.1186431197106304e-13, 2.8871236104722723e-14, 7.736868842961036e-26, 6.155052030663649e-14, -2.88712355464887e-14, 7.478427022213992e-26, -6.155052025290377e-14, -2.8871235199291855e-14, 70.0, 6.155052001061054e-14, 2.887123488569554e-14, -1.3201021340237004e-25, -6.155052015893671e-14, -0.02856284683643636, -7.528486355394685e-14, 0.5777428208960722, 0.028562846447329288, 3.953014083014717e-14, -0.5777428208005654, 0.02856284654921548, -1.0654117140076091e-13, 0.5777428209878727, -0.028562845983684276, -2.669419585141964e-14, -0.5777428212415493, -0.31996968537425785, -6.75999776139737e-14, -16.893604057992793, 0.31996968515878726, 1.2322444905318465e-13, 16.893604057998637, 0.31996968517909696, 6.155052001061054e-14, 53.10639594228734, -0.3199696853254338, 5.4149085148289116e-14, 16.89360405783999, -0.8635939665540636, 1.4262416749398252e-13, -0.24269600216777798, 0.8635939644237106, -5.275292932210969e-14, 0.24269600279737158, 0.8635939646577635, 8.836804133594249e-14, -0.24269600146258977, -0.8635939609586655, -8.203418127678673e-14, 0.2426959998245076, -16.132968215551923, 1.1217917822654067e-13, -0.3199696872669285, 16.132968213944274, -9.128217579640808e-14, 0.319969687176999, 16.132968213808972, 2.887123488569554e-14, -0.3199696853254338, 53.867031785873195, -1.45899591401694e-13, 0.3199696862153591, 1.9769502719374883e-14, 2.3577134339260685e-26, 1.854140173427588e-13, -1.9769502529370653e-14, 2.1114592459048963e-26, -1.8541401739890782e-13, -1.976950252989698e-14, -7.768864236432124e-26, 1.854140171443876e-13, 1.9769502021405042e-14, 1.5417392131925284e-25, -1.8541401699961599e-13, -1.4589959084339889e-13, -5.1367477220313246e-26, 5.4149085323282604e-14, 1.4589959142034454e-13, -2.3831453046896502e-26, -5.414908532598751e-14, 1.458995912353693e-13, -1.3201021340237004e-25, 5.4149085148289116e-14, -1.45899591401694e-13, 70.0, -5.414908524172981e-14, 0.02856284756912756, 7.528486340528833e-14, -0.5777428204745072, -0.02856284718002282, -3.953014091777079e-14, 0.5777428203789996, -0.02856284728190573, 1.06541171524322e-13, -0.5777428205663061, 0.02856284671637417, 2.6694195987382542e-14, 0.5777428208199815, 0.31996968626418204, 6.759997772825576e-14, 16.89360405812012, -0.31996968604871284, -1.232244489526254e-13, -16.89360405812597, -0.31996968606902126, -6.155052015893671e-14, 16.89360405783999, 0.3199696862153591, -5.414908524172981e-14, 53.10639594203269]]}, {"__ndarray__": [[24], "float64", [9.855342756176306, 3.1114954484579993, 0.14164432638218558, 1.6181321980453, 1.037165149486, 4.20260042671402, 7.354869675156121, 1.037165149486, 2.3137667029303035, 4.118605279065622, 3.1114954484579993, 2.0304780501658466, 1.3649396932646316, 3.1114954484579993, 1.75720992379821, 10.108535260956968, 1.037165149486, 2.5870348292979712, 4.371797783846134, 1.037165149486, 3.9293323003463523, 7.101677170375533, 3.1114954484579993, 0.41491245274985417]]}, {"__ndarray__": [[24], "float64", [-4.673457141249346e-05, 2.996365540049929e-15, -0.00014160459948392196, 4.6734571727308715e-05, -2.6369141519292332e-15, 0.000141604599373324, 4.67345719382638e-05, -2.7834620682696092e-15, -0.0001416045996125541, -4.673457250115295e-05, 2.6829161765057593e-15, 0.00014160459980768576, 6.409124731125899e-06, 1.935702896803043e-15, 1.4676683854457226e-05, -6.409124232045196e-06, -2.1921361893904263e-15, -1.4676683808518157e-05, -6.409124024246249e-06, -1.9959990430731164e-15, 1.4676683576498648e-05, 6.409123773243037e-06, 1.9978633916299514e-15, -1.4676683706977433e-05]]}, 0.2]