[{"__ndarray__": [[24, 24], "float64", [54.14176469686249, 3.0744617740885844e-15, -0.15102109385511825, 15.858235303072156, -1.5805080065179211e-15, 0.15102109388593887, 15.85823530312579, -7.285084012461445e-15, -0.1510210938670945, -15.858235303054048, -4.3743424304214414e-15, 0.15102109385925033, -0.986123948955258, 2.110641798207994e-15, -0.018200454640557293, 0.9861239490155019, -1.468767541863601e-16, 0.018200454624231532, 0.9861239489473346, 2.7305873943011317e-15, -0.01820045462263735, -0.986123948956534, 5.37942247892931e-15, 0.018200454633299272, 3.0744617740885844e-15, 70.0, 2.8257559074748653e-15, -3.074461773894904e-15, 1.054081869598113e-28, -2.8257559075506338e-15, -3.074461773781013e-15, -2.4321682840800524e-29, 2.8257559076040373e-15, 3.0744617737686516e-15, -1.123885079791629e-30, -2.8257559075010744e-15, -7.639772551499405e-15, -9.649431163486019e-29, 3.567355086266652e-15, 7.63977255150547e-15, -4.9461833293488986e-29, -3.567355086163015e-15, 7.639772551656555e-15, 2.336362525318282e-29, 3.567355086198824e-15, -7.639772551755136e-15, -2.9865507384255647e-30, -3.567355086236782e-15, -0.15102109385511825, 2.8257559074748653e-15, 53.310855488131594, 0.15102109387538148, 9.975461231135083e-15, 16.689144511855435, 0.151021094011395, -2.4024918996353713e-15, -16.689144511848703, -0.1510210940077862, 6.485382604610864e-16, 16.689144511861535, -0.16048320479389566, -8.701808095505023e-15, 0.5991321664984104, 0.1604832048496022, -4.186148546193092e-15, -0.5991321664816682, 0.16048320493529078, 1.3600372991196482e-15, 0.5991321664943895, -0.16048320498629587, 5.526677357214977e-16, -0.5991321664994571, 15.858235303072156, -3.074461773894904e-15, 0.15102109387538148, 54.14176469699322, 1.5805080057211799e-15, -0.15102109390620116, -15.858235303060418, 7.285084012220807e-15, 0.15102109388735654, 15.85823530298868, 4.374342430007872e-15, -0.1510210938795158, 0.9861239487574935, -2.1106417972990613e-15, 0.0182004546939945, -0.9861239488177358, 1.4687675404117361e-16, -0.018200454677668967, -0.9861239487495669, -2.7305873940095904e-15, 0.018200454676075298, 0.9861239487587694, -5.37942247876853e-15, -0.01820045468673713, -1.5805080065179211e-15, 1.054081869598113e-28, 9.975461231135083e-15, 1.5805080057211799e-15, 70.0, -9.975461230817314e-15, 1.5805080043008895e-15, -6.038691702140081e-29, 9.975461230788268e-15, -1.5805080038389274e-15, 1.3905956656622442e-29, -9.975461231020461e-15, -1.6468950472126898e-14, -3.8072007814927957e-28, 7.22019497982614e-15, 1.6468950471758882e-14, -1.3727337491624602e-28, -7.220194980070752e-15, 1.6468950470165395e-14, 7.037601491538509e-29, 7.220194979900557e-15, -1.6468950469447358e-14, -2.6654357510644596e-29, -7.220194979821344e-15, 0.15102109388593887, -2.8257559075506338e-15, 16.689144511855435, -0.15102109390620116, -9.975461230817314e-15, 53.31085548815753, -0.15102109404221506, 2.4024918997950793e-15, 16.689144511835742, 0.1510210940386068, -6.485382602562508e-16, -16.68914451184857, 0.16048320486918954, 8.701808095141156e-15, -0.5991321665297867, -0.16048320492489898, 4.186148546239384e-15, 0.599132166513044, -0.16048320501058677, -1.3600372992734591e-15, -0.5991321665257654, 0.16048320506158809, -5.526677358307415e-16, 0.5991321665308348, 15.85823530312579, -3.074461773781013e-15, 0.151021094011395, -15.858235303060418, 1.5805080043008895e-15, -0.15102109404221506, 54.14176469688594, 7.285084011820405e-15, 0.15102109402336944, 15.858235303042315, 4.374342429462705e-15, -0.15102109401552657, 0.9861239486327702, -2.1106417957070706e-15, 0.018200454787009747, -0.9861239486930146, 1.4687675409296214e-16, -0.018200454770685014, -0.9861239486248456, -2.7305873938395293e-15, 0.01820045476908993, 0.9861239486340462, -5.379422478432079e-15, -0.018200454779752538, -7.285084012461445e-15, -2.4321682840800524e-29, -2.4024918996353713e-15, 7.285084012220807e-15, -6.038691702140081e-29, 2.4024918997950793e-15, 7.285084011820405e-15, 70.0, -2.4024918998600365e-15, -7.285084011775361e-15, 2.116861778113541e-29, 2.4024918996292312e-15, 5.736403586917521e-15, 4.941573571049117e-29, -1.2271537000208805e-15, -5.7364035870081496e-15, 1.6179441497728987e-29, 1.2271536998210772e-15, -5.7364035873380915e-15, -2.4184304714154128e-29, -1.2271536999039477e-15, 5.736403587670609e-15, -3.1137365110158416e-29, 1.2271536999885343e-15, -0.1510210938670945, 2.8257559076040373e-15, -16.689144511848703, 0.15102109388735654, 9.975461230788268e-15, 16.689144511835742, 0.15102109402336944, -2.4024918998600365e-15, 53.31085548817099, -0.1510210940197619, 6.485382603966886e-16, 16.68914451184183, -0.1604832048471378, -8.70180809512764e-15, 0.5991321665214631, 0.16048320490284496, -4.186148546274787e-15, -0.5991321665047196, 0.16048320498853408, 1.3600372991559318e-15, 0.5991321665174416, -0.16048320503953628, 5.526677358614874e-16, -0.5991321665225098, -15.858235303054048, 3.0744617737686516e-15, -0.1510210940077862, 15.85823530298868, -1.5805080038389274e-15, 0.1510210940386068, 15.858235303042315, -7.285084011775361e-15, -0.1510210940197619, 54.141764697029416, -4.374342429071992e-15, 0.15102109401191938, -0.9861239484893769, 2.1106417951882226e-15, -0.01820045482477066, 0.9861239485496239, -1.4687675410136824e-16, 0.0182004548084454, 0.9861239484814532, 2.730587393542445e-15, -0.018200454806852027, -0.9861239484906568, 5.379422478391154e-15, 0.018200454817512923, -4.3743424304214414e-15, -1.123885079791629e-30, 6.485382604610864e-16, 4.374342430007872e-15, 1.3905956656622442e-29, -6.485382602562508e-16, 4.374342429462705e-15, 2.116861778113541e-29, 6.485382603966886e-16, -4.374342429071992e-15, 70.0, -6.485382603852509e-16, 1.658299794232668e-15, -1.5272296581023748e-29, 7.600043156728496e-16, -1.6582997943716102e-15, -7.867427141479045e-30, -7.600043157760768e-16, -1.6582997952089284e-15, -5.856111983350678e-30, 7.600043156956697e-16, 1.6582997955899798e-15, -1.8412347009928215e-29, -7.60004315666035e-16, 0.15102109385925033, -2.8257559075010744e-15, 16.689144511861535, -0.1510210938795158, -9.975461231020461e-15, -16.68914451184857, -0.15102109401552657, 2.4024918996292312e-15, 16.68914451184183, 0.15102109401191938, -6.485382603852509e-16, 53.31085548814533, 0.16048320481558986, 8.701808095366224e-15, -0.5991321665107353, -0.16048320487129852, 4.1861485462281995e-15, 0.599132166493995, -0.16048320495698665, -1.3600372991597635e-15, -0.5991321665067155, 0.16048320500798996, -5.526677357281194e-16, 0.5991321665117841, -0.986123948955258, -7.639772551499405e-15, -0.16048320479389566, 0.9861239487574935, -1.6468950472126898e-14, 0.16048320486918954, 0.9861239486327702, 5.736403586917521e-15, -0.1604832048471378, -0.9861239484893769, 1.658299794232668e-15, 0.16048320481558986, 54.04507309688402, 1.5009191398815574e-14, -0.3336674981591135, 15.95492690312106, 7.140113176596873e-15, 0.3336674981034743, 15.95492690284487, -4.6500349828316346e-15, -0.3336674981157268, -15.954926902764349, -7.62487393941719e-16, 0.33366749814258445, 2.110641798207994e-15, -9.649431163486019e-29, -8.701808095505023e-15, -2.1106417972990613e-15, -3.8072007814927957e-28, 8.701808095141156e-15, -2.1106417957070706e-15, 4.941573571049117e-29, -8.70180809512764e-15, 2.1106417951882226e-15, -1.5272296581023748e-29, 8.701808095366224e-15, 1.5009191398815574e-14, 70.0, -6.482917356981221e-15, -1.500919139841653e-14, 1.266536233076547e-28, 6.482917357247651e-15, -1.5009191396605627e-14, -6.306769657717399e-29, -6.4829173570854174e-15, 1.5009191395808288e-14, 2.939839970839632e-29, 6.48291735698019e-15, -0.018200454640557293, 3.567355086266652e-15, 0.5991321664984104, 0.0182004546939945, 7.22019497982614e-15, -0.5991321665297867, 0.018200454787009747, -1.2271537000208805e-15, 0.5991321665214631, -0.01820045482477066, 7.600043156728496e-16, -0.5991321665107353, -0.3336674981591135, -6.482917356981221e-15, 53.102083359409285, 0.3336674981786535, -4.5541095490760524e-15, 16.897916640610642, 0.3336674982834189, 1.0655718853565822e-15, -16.89791664060382, -0.3336674983348141, -3.0544193134674584e-16, 16.89791664059232, 0.9861239490155019, 7.63977255150547e-15, 0.1604832048496022, -0.9861239488177358, 1.6468950471758882e-14, -0.16048320492489898, -0.9861239486930146, -5.7364035870081496e-15, 0.16048320490284496, 0.9861239485496239, -1.6582997943716102e-15, -0.16048320487129852, 15.95492690312106, -1.500919139841653e-14, 0.3336674981786535, 54.04507309687389, -7.140113176604105e-15, -0.3336674981230137, -15.954926902849934, 4.6500349829342165e-15, 0.333667498135266, 15.954926902769412, 7.624873940145431e-16, -0.33366749816212415, -1.468767541863601e-16, -4.9461833293488986e-29, -4.186148546193092e-15, 1.4687675404117361e-16, -1.3727337491624602e-28, 4.186148546239384e-15, 1.4687675409296214e-16, 1.6179441497728987e-29, -4.186148546274787e-15, -1.4687675410136824e-16, -7.867427141479045e-30, 4.1861485462281995e-15, 7.140113176596873e-15, 1.266536233076547e-28, -4.5541095490760524e-15, -7.140113176604105e-15, 70.0, 4.554109549019285e-15, -7.140113176598097e-15, -2.3442082752803486e-29, -4.554109549042842e-15, 7.140113176656516e-15, 1.396112193240916e-29, 4.5541095490464015e-15, 0.018200454624231532, -3.567355086163015e-15, -0.5991321664816682, -0.018200454677668967, -7.220194980070752e-15, 0.599132166513044, -0.018200454770685014, 1.2271536998210772e-15, -0.5991321665047196, 0.0182004548084454, -7.600043157760768e-16, 0.599132166493995, 0.3336674981034743, 6.482917357247651e-15, 16.897916640610642, -0.3336674981230137, 4.554109549019285e-15, 53.10208335936943, -0.33366749822778086, -1.0655718852728995e-15, 16.897916640623755, 0.3336674982791758, 3.0544193147159353e-16, -16.89791664061225, 0.9861239489473346, 7.639772551656555e-15, 0.16048320493529078, -0.9861239487495669, 1.6468950470165395e-14, -0.16048320501058677, -0.9861239486248456, -5.7364035873380915e-15, 0.16048320498853408, 0.9861239484814532, -1.6582997952089284e-15, -0.16048320495698665, 15.95492690284487, -1.5009191396605627e-14, 0.3336674982834189, -15.954926902849934, -7.140113176598097e-15, -0.33366749822778086, 54.04507309742625, 4.650034983269459e-15, 0.333667498240031, 15.954926902493222, 7.624873943630046e-16, -0.3336674982668909, 2.7305873943011317e-15, 2.336362525318282e-29, 1.3600372991196482e-15, -2.7305873940095904e-15, 7.037601491538509e-29, -1.3600372992734591e-15, -2.7305873938395293e-15, -2.4184304714154128e-29, 1.3600372991559318e-15, 2.730587393542445e-15, -5.856111983350678e-30, -1.3600372991597635e-15, -4.6500349828316346e-15, -6.306769657717399e-29, 1.0655718853565822e-15, 4.6500349829342165e-15, -2.3442082752803486e-29, -1.0655718852728995e-15, 4.650034983269459e-15, 70.0, 1.0655718853428095e-15, -4.650034983552538e-15, 5.403879366457888e-30, -1.0655718853488435e-15, -0.01820045462263735, 3.567355086198824e-15, 0.5991321664943895, 0.018200454676075298, 7.220194979900557e-15, -0.5991321665257654, 0.01820045476908993, -1.2271536999039477e-15, 0.5991321665174416, -0.018200454806852027, 7.600043156956697e-16, -0.5991321665067155, -0.3336674981157268, -6.4829173570854174e-15, -16.89791664060382, 0.333667498135266, -4.554109549042842e-15, 16.897916640623755, 0.333667498240031, 1.0655718853428095e-15, 53.10208335938308, -0.33366749829142817, -3.05441931393885e-16, 16.897916640605427, -0.986123948956534, -7.639772551755136e-15, -0.16048320498629587, 0.9861239487587694, -1.6468950469447358e-14, 0.16048320506158809, 0.9861239486340462, 5.736403587670609e-15, -0.16048320503953628, -0.9861239484906568, 1.6582997955899798e-15, 0.16048320500798996, -15.954926902764349, 1.5009191395808288e-14, -0.3336674983348141, 15.954926902769412, 7.140113176656516e-15, 0.3336674982791758, 15.954926902493222, -4.650034983552538e-15, -0.33366749829142817, 54.04507309758729, -7.624873946206304e-16, 0.3336674983182852, 5.37942247892931e-15, -2.9865507384255647e-30, 5.526677357214977e-16, -5.37942247876853e-15, -2.6654357510644596e-29, -5.526677358307415e-16, -5.379422478432079e-15, -3.1137365110158416e-29, 5.526677358614874e-16, 5.379422478391154e-15, -1.8412347009928215e-29, -5.526677357281194e-16, -7.62487393941719e-16, 2.939839970839632e-29, -3.0544193134674584e-16, 7.624873940145431e-16, 1.396112193240916e-29, 3.0544193147159353e-16, 7.624873943630046e-16, 5.403879366457888e-30, -3.05441931393885e-16, -7.624873946206304e-16, 70.0, 3.0544193135774335e-16, 0.018200454633299272, -3.567355086236782e-15, -0.5991321664994571, -0.01820045468673713, -7.220194979821344e-15, 0.5991321665308348, -0.018200454779752538, 1.2271536999885343e-15, -0.5991321665225098, 0.018200454817512923, -7.60004315666035e-16, 0.5991321665117841, 0.33366749814258445, 6.48291735698019e-15, 16.89791664059232, -0.33366749816212415, 4.5541095490464015e-15, -16.89791664061225, -0.3336674982668909, -1.0655718853488435e-15, 16.897916640605427, 0.3336674983182852, 3.0544193135774335e-16, 53.10208335940608]]}, {"__ndarray__": [[24], "float64", [9.749185686479208, 3.0738563906137495, 0.12954946044660015, 1.5854972320058347, 1.02461879687125, 4.162143944829926, 7.252838691248367, 1.02461879687125, 2.275396163084825, 4.08184422723678, 3.0738563906137495, 2.016297242191661, 1.3394983126465212, 3.0738563906137495, 1.7950530088116192, 9.995184605838592, 1.02461879687125, 2.4966403964648567, 4.327843146595988, 1.02461879687125, 3.940899711449872, 7.00683977188914, 3.0738563906137495, 0.35079369382662695]]}, {"__ndarray__": [[24], "float64", [0.0002628544596027118, 2.993156844187538e-17, -0.00029423866364709284, -0.0002628544592377177, 3.03682668803024e-17, 0.00029423866348769973, -0.00026285445875572473, -1.4860881781431067e-17, -0.0002942386635086205, 0.0002628544585504249, 3.334684434106868e-17, 0.00029423866358362083, 0.0009068696319229227, -4.2179002640410545e-17, -0.0003558577198754454, -0.0009068696318114871, 3.936472269060701e-18, 0.00035585771999934113, -0.0009068696312150122, -1.3176642424847317e-17, -0.0003558577199352694, 0.0009068696309438868, -2.8065247063118894e-17, 0.0003558577198957817]]}, 0.2]