[{"__ndarray__": [[24, 24], "float64", [53.839437771749274, -0.00015844431077550506, -0.15486368709196405, 16.15697537961303, 0.0003111194601696482, 0.15472479730767977, 16.16089137545594, -0.0006240436807145662, -0.15367677689971784, -16.159683344179783, -4.481197968776482e-05, 0.15419213070237342, -0.7375571299536163, 0.00016996020918422672, -0.0019936318542009, 0.7362768331073153, 4.367944000344251e-05, 0.001292542245995898, 0.7402306178718128, 8.393277995386199e-05, -0.0005420589794333935, -0.7365715036348235, 0.0002186081560580135, 0.000866684616612462, -0.00015844431077550506, 70.00000006975911, 4.734176160428178e-05, 0.00015854804509220636, 1.4755197467412026e-07, -4.7537168047361266e-05, 0.00015840904862095062, 1.8530873000872024e-07, 4.7287583507454563e-05, -0.0001584678133879955, 1.1220863795761682e-07, -4.72599113060904e-05, -0.0005982136368025168, -4.3035729842980616e-07, -0.0007072462891840544, 0.0005983582860966522, 1.57823790432013e-08, 0.0007072799156365877, 0.0005980566311841165, -1.1480164009133317e-07, -0.0007073148700008075, -0.0005982462500272087, 1.4548137630455961e-08, 0.0007074489778101707, -0.15486368709196405, 4.734176160428178e-05, 53.325863352861404, 0.1540025131557788, -0.00024726241961921214, 16.674555022342993, 0.1545177858835448, -0.0003826845604610254, -16.67394386968619, -0.15424271892786423, 0.00011299400658778874, 16.67351891911848, -0.21696841699299516, -0.0006687856237725549, 0.633643874893132, 0.2166613989897721, 0.000884299362531245, -0.6326952312057131, 0.2177125141901449, 0.00038749116403406824, 0.6321920014493162, -0.21681938913388496, -0.00013339364352565577, -0.6331340698536667, 16.15697537961303, 0.00015854804509220636, 0.1540025131557788, 53.84657274694061, -0.0003075005941047686, -0.1538616841650594, -16.1573029555015, 0.0006166149868814159, 0.15282926084786333, 16.15610809022891, 4.505758615567295e-05, -0.15334491976104403, 0.7473679285642894, -0.00017374600690968345, 0.002566391417695421, -0.7461026619177668, -4.085572054994373e-05, -0.001862048546733247, -0.7500106964547664, -8.356049604373118e-05, 0.0011130946557943305, 0.7463921684974884, -0.0002145578747769122, -0.0014426076518348624, 0.0003111194601696482, 1.4755197467412026e-07, -0.00024726241961921214, -0.0003075005941047686, 69.99999993994562, 0.00024681965408069435, -0.0003113863632383501, 9.436637625054875e-07, -0.0002485727945658426, 0.0003101166826064142, 1.9489261893932845e-07, 0.0002485143745917264, -0.001406536432273169, -6.407481551922921e-07, -6.17878593511028e-05, 0.0014081497091771086, 9.545697239573951e-08, 6.179137146745199e-05, 0.0014035339856576243, -1.6568326084843818e-07, -6.214474884330844e-05, -0.0014074964479318549, -5.150795206546413e-07, 6.264242225487426e-05, 0.15472479730767977, -4.7537168047361266e-05, 16.674555022342993, -0.1538616841650594, 0.00024681965408069435, 53.32502701329301, -0.15437899997030255, 0.00038285132827465895, 16.67436170949712, 0.15410306655601183, -0.00011324463958112187, -16.673935976663216, 0.2155078066073923, 0.000671126652873896, -0.6347020126166076, -0.2152000508550162, -0.0008855283183471774, 0.6337515495343353, -0.21625341372605775, -0.0003877793603056599, -0.6332480781078126, 0.21535847817283196, 0.00013329180365451195, 0.6341907728004096, 16.16089137545594, 0.00015840904862095062, 0.1545177858835448, -16.1573029555015, -0.0003113863632383501, -0.15437899997030255, 53.83877963423038, 0.0006242135089162134, 0.15333025232991215, 16.160012022614815, 4.473899518670567e-05, -0.15384604107479338, 0.738342138764816, -0.00017027555710493782, 0.0032679163394010724, -0.7370614192904026, -4.338198796690522e-05, -0.002566105538950675, -0.7410167354995295, -8.35060782497113e-05, 0.0018155315259256316, 0.7373559391963368, -0.00021881164035629549, -0.0021403395420931115, -0.0006240436807145662, 1.8530873000872024e-07, -0.0003826845604610254, 0.0006166149868814159, 9.436637625054875e-07, 0.00038285132827465895, 0.0006242135089162134, 69.99999881828954, -0.00038012330898654024, -0.0006217603076617143, 2.423369349895583e-07, 0.0003799555613904056, 0.001799252542273027, -1.5667517301260673e-06, 0.0003949730504053572, -0.0018019474843746436, 8.735083607420814e-07, -0.0003940784753772909, -0.0017934354444004942, -8.404720516929413e-08, 0.00039420764171520294, 0.001801105878974074, 5.876915947990339e-07, -0.0003951012369990237, -0.15367677689971784, 4.7287583507454563e-05, -16.67394386968619, 0.15282926084786333, -0.0002485727945658426, 16.67436170949712, 0.15333025232991215, -0.00038012330898654024, 53.326244262650576, -0.15305987325707301, 0.00011289085470422975, 16.673331160676142, -0.2207095957199283, -0.0006669560935444288, 0.6333990477222895, 0.22040796921566583, 0.0008828674090988778, -0.6324520266039677, 0.2214427920279798, 0.00038736173659521513, 0.6319481495460637, -0.220564028471977, -0.0001347553394079596, -0.632888433882211, -16.159683344179783, -0.0001584678133879955, -0.15424271892786423, 16.15610809022891, 0.0003101166826064142, 0.15410306655601183, 16.160012022614815, -0.0006217603076617143, -0.15305987325707301, 53.84119213048988, -4.482545727764028e-05, 0.15357529140978346, -0.7409513734171059, 0.00017067766251085536, -0.002971368488231013, 0.7396755974456395, 4.29079642032413e-05, 0.002269524397835676, 0.7436155611978834, 8.379587255215873e-05, -0.0015195690986009175, -0.7399686843508981, 0.00021755547067601154, 0.0018456474555555158, -4.481197968776482e-05, 1.1220863795761682e-07, 0.00011299400658778874, 4.505758615567295e-05, 1.9489261893932845e-07, -0.00011324463958112187, 4.473899518670567e-05, 2.423369349895583e-07, 0.00011289085470422975, -4.482545727764028e-05, 70.00000017500383, -0.00011293198781730298, -0.0004656949300606405, -8.129499140905975e-07, -0.0004156953964989651, 0.00046593363344131, 1.8203516300725186e-07, 0.0004159356797613913, 0.0004653870851037871, -1.352333989590199e-07, -0.00041611667870159526, -0.0004657849328516793, 4.170613824865186e-08, 0.00041616816155715304, 0.15419213070237342, -4.72599113060904e-05, 16.67351891911848, -0.15334491976104403, 0.0002485143745917264, -16.673935976663216, -0.15384604107479338, 0.0003799555613904056, 16.673331160676142, 0.15357529140978346, -0.00011293198781730298, 53.32709438778437, 0.22056004900882456, 0.0006688650486243638, -0.6326131516269401, -0.22025828280738058, -0.0008840128118187137, 0.6316640638587768, -0.22129303910957965, -0.000387942157585695, -0.6311603264458748, 0.22041481155908513, 0.0001348118364880516, 0.632100923378374, -0.7375571299536163, -0.0005982136368025168, -0.21696841699299516, 0.7473679285642894, -0.001406536432273169, 0.2155078066073923, 0.738342138764816, 0.001799252542273027, -0.2207095957199283, -0.7409513734171059, -0.0004656949300606405, 0.22056004900882456, 53.58846652614985, 0.0014507498861968287, -0.31479496646650074, 16.414724517696584, -0.0009202050069329079, 0.31474297170935706, 16.40384283990034, 0.0008982073266197207, -0.31385903083923844, -16.414235447571137, -0.0007575596631294476, 0.31552118302523435, 0.00016996020918422672, -4.3035729842980616e-07, -0.0006687856237725549, -0.00017374600690968345, -6.407481551922921e-07, 0.000671126652873896, -0.00017027555710493782, -1.5667517301260673e-06, -0.0006669560935444288, 0.00017067766251085536, -8.129499140905975e-07, 0.0006688650486243638, 0.0014507498861968287, 70.00000735511735, 0.0014839234294023807, -0.0014521223566177144, -2.8832384583912946e-06, -0.001488408293960045, -0.0014473317444405728, -6.108394479940744e-07, 0.001489407165964764, 0.0014520879071176582, -4.102324889351894e-07, -0.001489172285682841, -0.0019936318542009, -0.0007072462891840544, 0.633643874893132, 0.002566391417695421, -6.17878593511028e-05, -0.6347020126166076, 0.0032679163394010724, 0.0003949730504053572, 0.6333990477222895, -0.002971368488231013, -0.0004156953964989651, -0.6326131516269401, -0.31479496646650074, 0.0014839234294023807, 53.175427010436955, 0.3148385038855146, -0.0005911231817877294, 16.823401844655354, 0.3137720592024026, -9.756218012591781e-05, -16.8220939193036, -0.31468490417069783, -5.481497825462057e-06, 16.823537306104775, 0.7362768331073153, 0.0005983582860966522, 0.2166613989897721, -0.7461026619177668, 0.0014081497091771086, -0.2152000508550162, -0.7370614192904026, -0.0018019474843746436, 0.22040796921566583, 0.7396755974456395, 0.00046593363344131, -0.22025828280738058, 16.414724517696584, -0.0014521223566177144, 0.3148385038855146, 53.582079015406414, 0.0009212340674210152, -0.3147856255225219, -16.407022131749528, -0.0008983875421703126, 0.31390211382322986, 16.417430249167527, 0.0007587816011252515, -0.31556602706149334, 4.367944000344251e-05, 1.57823790432013e-08, 0.000884299362531245, -4.085572054994373e-05, 9.545697239573951e-08, -0.0008855283183471774, -4.338198796690522e-05, 8.735083607420814e-07, 0.0008828674090988778, 4.29079642032413e-05, 1.8203516300725186e-07, -0.0008840128118187137, -0.0009202050069329079, -2.8832384583912946e-06, -0.0005911231817877294, 0.0009212340674210152, 70.00000259220948, 0.0005935080634980184, 0.0009176275151073516, 1.666590269920326e-07, -0.0005938180736433545, -0.0009210062712943458, -1.0424129200588928e-06, 0.0005938075505240693, 0.001292542245995898, 0.0007072799156365877, -0.6326952312057131, -0.001862048546733247, 6.179137146745199e-05, 0.6337515495343353, -0.002566105538950675, -0.0003940784753772909, -0.6324520266039677, 0.002269524397835676, 0.0004159356797613913, 0.6316640638587768, 0.31474297170935706, -0.001488408293960045, 16.823401844655354, -0.3147856255225219, 0.0005935080634980184, 53.1777739366898, -0.3137227092046664, 9.863801089994746e-05, 16.8209178793311, 0.3146314505943829, 5.3336531231674175e-06, -16.822362016524995, 0.7402306178718128, 0.0005980566311841165, 0.2177125141901449, -0.7500106964547664, 0.0014035339856576243, -0.21625341372605775, -0.7410167354995295, -0.0017934354444004942, 0.2214427920279798, 0.7436155611978834, 0.0004653870851037871, -0.22129303910957965, 16.40384283990034, -0.0014473317444405728, 0.3137720592024026, -16.407022131749528, 0.0009176275151073516, -0.3137227092046664, 53.603823611004316, -0.0008983567808360936, 0.31283788747812896, 16.40653693359589, 0.0007545186667811973, -0.31449609119033894, 8.393277995386199e-05, -1.1480164009133317e-07, 0.00038749116403406824, -8.356049604373118e-05, -1.6568326084843818e-07, -0.0003877793603056599, -8.35060782497113e-05, -8.404720516929413e-08, 0.00038736173659521513, 8.379587255215873e-05, -1.352333989590199e-07, -0.000387942157585695, 0.0008982073266197207, -6.108394479940744e-07, -9.756218012591781e-05, -0.0008983875421703126, 1.666590269920326e-07, 9.863801089994746e-05, -0.0008983567808360936, 70.00000095684018, -9.850872938022648e-05, 0.0008978749181962563, -1.2894274630553783e-08, 9.830151587186144e-05, -0.0005420589794333935, -0.0007073148700008075, 0.6321920014493162, 0.0011130946557943305, -6.214474884330844e-05, -0.6332480781078126, 0.0018155315259256316, 0.00039420764171520294, 0.6319481495460637, -0.0015195690986009175, -0.00041611667870159526, -0.6311603264458748, -0.31385903083923844, 0.001489407165964764, -16.8220939193036, 0.31390211382322986, -0.0005938180736433545, 16.8209178793311, 0.31283788747812896, -9.850872938022648e-05, 53.18039060476359, -0.3137479687004847, -5.711632178793892e-06, 16.82105368903246, -0.7365715036348235, -0.0005982462500272087, -0.21681938913388496, 0.7463921684974884, -0.0014074964479318549, 0.21535847817283196, 0.7373559391963368, 0.001801105878974074, -0.220564028471977, -0.7399686843508981, -0.0004657849328516793, 0.22041481155908513, -16.414235447571137, 0.0014520879071176582, -0.31468490417069783, 16.417430249167527, -0.0009210062712943458, 0.3146314505943829, 16.40653693359589, 0.0008978749181962563, -0.3137479687004847, 53.583060345233754, -0.0007585347162939906, 0.31541155048294195, 0.0002186081560580135, 1.4548137630455961e-08, -0.00013339364352565577, -0.0002145578747769122, -5.150795206546413e-07, 0.00013329180365451195, -0.00021881164035629549, 5.876915947990339e-07, -0.0001347553394079596, 0.00021755547067601154, 4.170613824865186e-08, 0.0001348118364880516, -0.0007575596631294476, -4.102324889351894e-07, -5.481497825462057e-06, 0.0007587816011252515, -1.0424129200588928e-06, 5.3336531231674175e-06, 0.0007545186667811973, -1.2894274630553783e-08, -5.711632178793892e-06, -0.0007585347162939906, 70.00000133667331, 5.9048196989929436e-06, 0.000866684616612462, 0.0007074489778101707, -0.6331340698536667, -0.0014426076518348624, 6.264242225487426e-05, 0.6341907728004096, -0.0021403395420931115, -0.0003951012369990237, -0.632888433882211, 0.0018456474555555158, 0.00041616816155715304, 0.632100923378374, 0.31552118302523435, -0.001489172285682841, 16.823537306104775, -0.31556602706149334, 0.0005938075505240693, -16.822362016524995, -0.31449609119033894, 9.830151587186144e-05, 16.82105368903246, 0.31541155048294195, 5.9048196989929436e-06, 53.17750182867954]]}, {"__ndarray__": [[24], "float64", [9.99274166251678, 3.1585441421677216, 0.14065544878801142, 1.6542238730709882, 1.0528481368671918, 4.269278253913291, 7.47770614489502, 1.0528483009849736, 2.345622282077003, 4.169258747163233, 3.1585441775636394, 2.0643118373773763, 1.4120144704271138, 3.1585447121819654, 1.7411266184531875, 10.234950686164549, 1.0528477448626763, 2.668806980248422, 4.411467484765205, 1.0528479154544315, 3.9460941189091656, 7.235496926566331, 3.15854431398839, 0.4638402117169337]]}, {"__ndarray__": [[24], "float64", [-5.837819906052265e-05, 1.1739750847775163e-07, -1.4475178639688435e-05, 5.457288603106017e-05, 5.658664178143855e-07, 1.4576650526361366e-05, 5.825745054666644e-05, -5.983935231181311e-07, -1.3074037564103787e-05, -5.709385808146807e-05, 1.9328327495074193e-07, 1.3182029984510424e-05, 0.00016372257958531284, -9.886366106264984e-07, 1.3365952389903314e-05, -0.0001650297523132343, 4.5165391570548163e-07, -1.321453046674502e-05, -0.0001609081587534091, -1.965526327684222e-07, 1.3042503866096561e-05, 0.0001648570520455946, 4.553816495646909e-07, -1.3403390096334418e-05]]}, 0.2]