[{"__ndarray__": [[24, 24], "float64", [53.841564886723916, -0.0001994248459498735, -0.14903371683961694, 16.162062327058607, 6.080514305244742e-05, 0.14992052678031986, 16.16175337641242, -0.00026125181991916137, -0.14908532656882748, -16.16458182426295, -0.0010755258563978076, 0.14946721741535157, -0.7457443068753355, 6.359787959548107e-05, -0.007142830176718878, 0.7490253878459021, 0.0004223438800481269, 0.006006041016057978, 0.7474153570372482, 0.001104368646059449, -0.007017746497858329, -0.7514952037807396, -0.00011491305614296443, 0.00688583492808198, -0.0001994248459498735, 70.00000007225219, 6.431153783184494e-05, 0.00020111801558999096, 2.538962319106007e-08, -6.387770969596169e-05, 0.00020083463645548087, -1.2379020794243563e-07, 6.411878670743915e-05, -0.00020197574000412286, -6.242371222064562e-07, -6.412456982311576e-05, 0.0005382570623202138, 8.549340981146259e-08, -2.6694627687495404e-05, -0.0005369566216475291, 7.241669845140697e-08, 2.6520798217610685e-05, -0.0005375836897061918, 4.922607659495219e-07, -2.667048749177076e-05, 0.000535731182953417, 2.145874433394563e-10, 2.6416271940140652e-05, -0.14903371683961694, 6.431153783184494e-05, 53.32303136016791, 0.14966503930379335, -0.0008904456559157484, 16.677486227472283, 0.14992449304905997, -0.0001301285756109966, -16.677099407893568, -0.15020640799371404, -0.0015474357676446672, 16.677033361933656, -0.22670183975433233, 0.000409143321181998, 0.6352857334851113, 0.22732994176479152, 0.0007810558389192895, -0.6353815928638221, 0.22613472336444868, 0.00045654884880206475, 0.6348981811465872, -0.22711223298481262, 0.0008569504429435574, -0.6352538633836794, 16.162062327058607, 0.00020111801558999096, 0.14966503930379335, 53.83427277352004, -5.8438119622141415e-05, -0.15056344413327688, -16.165411552548203, 0.0002660987934383604, 0.14972176206189886, 16.168267777598906, 0.0010937738338683417, -0.15010485901916087, 0.7358000387905952, -6.87363726727437e-05, 0.0064176278895868855, -0.7391154007027769, -0.00042601775635237114, -0.0052727526103773376, -0.7374893963781592, -0.001119391385394537, 0.00629199023295883, 0.7416134325014301, 0.0001115930209762875, -0.006155363782230597, 6.080514305244742e-05, 2.538962319106007e-08, -0.0008904456559157484, -5.8438119622141415e-05, 69.99999989369594, 0.0008911874299883473, -5.880480847830674e-05, -2.460363605568071e-07, -0.0008908428678615218, 5.725818332782327e-05, -1.2105291583722782e-06, 0.0008907771723989217, 0.001331684355831466, 4.186355611117516e-07, 0.0011644688354531362, -0.0013298369205642928, -1.5748351397873808e-08, -0.001164708720921299, -0.0013307762364324948, 7.359340324983876e-07, 0.0011644301232167035, 0.0013281084029112104, 3.986586666891891e-07, -0.0011648663163573247, 0.14992052678031986, -6.387770969596169e-05, 16.677486227472283, -0.15056344413327688, 0.0008911874299883473, 53.321993237998825, -0.15082065042847909, 0.00013150605508233394, 16.677618315064784, 0.15111079257847626, 0.0015528445738442872, -16.67755258161198, 0.22319607515772225, -0.00041012419386443784, -0.635984533496829, -0.2238335466245272, -0.0007825449123991256, 0.6360819977881594, -0.22263414939059484, -0.0004609688757095881, -0.635596698440535, 0.22362439615060686, -0.0008580223576986045, 0.6359540351607921, 16.16175337641242, 0.00020083463645548087, 0.14992449304905997, -16.165411552548203, -5.880480847830674e-05, -0.15082065042847909, 53.83490308866734, 0.0002652004965179342, 0.1499801527379317, 16.167948138440394, 0.0010904279235701801, -0.15036312782049038, 0.7382303893630279, -6.740230645980213e-05, 0.006587735592850391, -0.7415393114009752, -0.0004257411838437374, -0.005444345084989019, -0.7399161883309671, -0.0011166581155640678, 0.006462277547328157, 0.7440320592374986, 0.00011214338760346689, -0.006326535650021392, -0.00026125181991916137, -1.2379020794243563e-07, -0.0001301285756109966, 0.0002660987934383604, -2.460363605568071e-07, 0.00013150605508233394, 0.0002652004965179342, 69.99999945085447, -0.00013073537692618274, -0.0002686693162518357, -2.2249012306714164e-06, 0.00013086904127222192, 0.0015114727554085966, 4.652182358566493e-07, 0.00018514570680635428, -0.0015073879878614244, 4.755624743865013e-07, -0.0001859877872650081, -0.0015093038099411437, 1.7950067321706655e-06, 0.00018513626022929248, 0.0015038408886758065, 4.0808585219363595e-07, -0.00018580532358455134, -0.14908532656882748, 6.411878670743915e-05, -16.677099407893568, 0.14972176206189886, -0.0008908428678615218, 16.677618315064784, 0.1499801527379317, -0.00013073537692618274, 53.32276933642126, -0.15026567737414206, -0.001549893089002387, 16.677164951935932, -0.22497764648579835, 0.00040931871961166305, 0.635838251870628, 0.22560971333691537, 0.000781989731994331, -0.6359350850371073, 0.2244126861080134, 0.0004586801855690132, 0.6354506127504527, -0.22539566390632704, 0.0008573639003917255, -0.6358069750478977, -16.16458182426295, -0.00020197574000412286, -0.15020640799371404, 16.168267777598906, 5.725818332782327e-05, 0.15111079257847626, 16.167948138440394, -0.0002686693162518357, -0.15026567737414206, 53.82918064885526, -0.001103525992176034, 0.15064957609527907, -0.7309952867798939, 7.085035102425845e-05, -0.006236176134198357, 0.7343281946716527, 0.00042832007272740954, 0.005087131217796789, 0.7326940939764408, 0.001127314032089328, -0.006110299326098884, -0.7368417423400142, -0.00010957162066559475, 0.00597106099341739, -0.0010755258563978076, -6.242371222064562e-07, -0.0015474357676446672, 0.0010937738338683417, -1.2105291583722782e-06, 0.0015528445738442872, 0.0010904279235701801, -2.2249012306714164e-06, -0.001549893089002387, -0.001103525992176034, 69.9999910949608, 0.0015503446945360354, 0.006036754616658565, 2.1743642787751716e-06, 0.002490757260916509, -0.006021048516795666, 1.8641246336602859e-06, -0.0024941223192297157, -0.006028552706803596, 7.047648019913441e-06, 0.0024907805313602325, 0.006007696698321595, 1.878569690494779e-06, -0.0024932758847695134, 0.14946721741535157, -6.412456982311576e-05, 16.677033361933656, -0.15010485901916087, 0.0008907771723989217, -16.67755258161198, -0.15036312782049038, 0.00013086904127222192, 16.677164951935932, 0.15064957609527907, 0.0015503446945360354, 53.322901119427726, 0.2243002368551308, -0.00040987936231218024, -0.6356269835031441, -0.2249337294331808, -0.0007816664199472021, 0.6357234864652243, -0.22373606433712012, -0.0004588441465185536, -0.6352392526331674, 0.22472075033449967, -0.0008574764000857184, 0.6355958979212318, -0.7457443068753355, 0.0005382570623202138, -0.22670183975433233, 0.7358000387905952, 0.001331684355831466, 0.22319607515772225, 0.7382303893630279, 0.0015114727554085966, -0.22497764648579835, -0.7309952867798939, 0.006036754616658565, 0.2243002368551308, 53.58878712964475, -0.0016700909568753979, -0.30640626475504085, 16.402694008215764, -0.001295123363254256, 0.309244557842052, 16.406864507374735, -0.0052123331304337675, -0.30710917041788205, -16.39563648015101, -0.0012406213062091276, 0.30845405163442907, 6.359787959548107e-05, 8.549340981146259e-08, 0.000409143321181998, -6.87363726727437e-05, 4.186355611117516e-07, -0.00041012419386443784, -6.740230645980213e-05, 4.652182358566493e-07, 0.00040931871961166305, 7.085035102425845e-05, 2.1743642787751716e-06, -0.00040987936231218024, -0.0016700909568753979, 70.00000119817557, -0.000793003624436799, 0.0016669169608154208, -1.6895759194907703e-06, 0.0007938274471432865, 0.0016686453716251663, -1.9989199606573285e-06, -0.0007924583468458337, -0.0016637809271727484, -6.533911707777981e-07, 0.0007931760394966244, -0.007142830176718878, -2.6694627687495404e-05, 0.6352857334851113, 0.0064176278895868855, 0.0011644688354531362, -0.635984533496829, 0.006587735592850391, 0.00018514570680635428, 0.635838251870628, -0.006236176134198357, 0.002490757260916509, -0.6356269835031441, -0.30640626475504085, -0.000793003624436799, 53.17956137479586, 0.30571075791818597, -0.0004984799462083877, 16.8204339219227, 0.30702644680562635, -0.0012886179826430608, -16.820051143015192, -0.30595729709640096, -0.0012335755890483051, 16.820543377986652, 0.7490253878459021, -0.0005369566216475291, 0.22732994176479152, -0.7391154007027769, -0.0013298369205642928, -0.2238335466245272, -0.7415393114009752, -0.0015073879878614244, 0.22560971333691537, 0.7343281946716527, -0.006021048516795666, -0.2249337294331808, 16.402694008215764, 0.0016669169608154208, 0.30571075791818597, 53.60579777481763, 0.0012914321172735259, -0.3085426731617185, -16.398360703906977, 0.005199618311106498, 0.3064134191100475, 16.387170050876737, 0.0012372626243834911, -0.30775388298679035, 0.0004223438800481269, 7.241669845140697e-08, 0.0007810558389192895, -0.00042601775635237114, -1.5748351397873808e-08, -0.0007825449123991256, -0.0004257411838437374, 4.755624743865013e-07, 0.000781989731994331, 0.00042832007272740954, 1.8641246336602859e-06, -0.0007816664199472021, -0.001295123363254256, -1.6895759194907703e-06, -0.0004984799462083877, 0.0012914321172735259, 70.00000108041753, 0.000498980679974705, 0.0012929868745958114, -1.033084981461182e-06, -0.0004986816181600652, -0.0012882006412608163, -7.541120450129457e-07, 0.0004993466458124994, 0.006006041016057978, 2.6520798217610685e-05, -0.6353815928638221, -0.0052727526103773376, -0.001164708720921299, 0.6360819977881594, -0.005444345084989019, -0.0001859877872650081, -0.6359350850371073, 0.005087131217796789, -0.0024941223192297157, 0.6357234864652243, 0.309244557842052, 0.0007938274471432865, 16.8204339219227, -0.3085426731617185, 0.000498980679974705, 53.17957105765293, -0.30986096112277856, 0.0012910745505362211, 16.820045654563266, 0.30878300186019353, 0.0012344153183568023, -16.820539440537132, 0.7474153570372482, -0.0005375836897061918, 0.22613472336444868, -0.7374893963781592, -0.0013307762364324948, -0.22263414939059484, -0.7399161883309671, -0.0015093038099411437, 0.2244126861080134, 0.7326940939764408, -0.006028552706803596, -0.22373606433712012, 16.406864507374735, 0.0016686453716251663, 0.30702644680562635, -16.398360703906977, 0.0012929868745958114, -0.30986096112277856, 53.59747586212561, 0.005205606992524835, 0.3077290468631408, 16.391316468519165, 0.0012389771707685556, -0.30907172836703345, 0.001104368646059449, 4.922607659495219e-07, 0.00045654884880206475, -0.001119391385394537, 7.359340324983876e-07, -0.0004609688757095881, -0.0011166581155640678, 1.7950067321706655e-06, 0.0004586801855690132, 0.001127314032089328, 7.047648019913441e-06, -0.0004588441465185536, -0.0052123331304337675, -1.9989199606573285e-06, -0.0012886179826430608, 0.005199618311106498, -1.033084981461182e-06, 0.0012910745505362211, 0.005205606992524835, 69.99999481991257, -0.0012886074507455236, -0.005188525350607541, -1.8587571205798883e-06, 0.0012907348706888409, -0.007017746497858329, -2.667048749177076e-05, 0.6348981811465872, 0.00629199023295883, 0.0011644301232167035, -0.635596698440535, 0.006462277547328157, 0.00018513626022929248, 0.6354506127504527, -0.006110299326098884, 0.0024907805313602325, -0.6352392526331674, -0.30710917041788205, -0.0007924583468458337, -16.820051143015192, 0.3064134191100475, -0.0004986816181600652, 16.820045654563266, 0.3077290468631408, -0.0012886074507455236, 53.18033719633636, -0.306659517467824, -0.001233928978414824, 16.82015544933802, -0.7514952037807396, 0.000535731182953417, -0.22711223298481262, 0.7416134325014301, 0.0013281084029112104, 0.22362439615060686, 0.7440320592374986, 0.0015038408886758065, -0.22539566390632704, -0.7368417423400142, 0.006007696698321595, 0.22472075033449967, -16.39563648015101, -0.0016637809271727484, -0.30595729709640096, 16.387170050876737, -0.0012882006412608163, 0.30878300186019353, 16.391316468519165, -0.005188525350607541, -0.306659517467824, 53.619841414720376, -0.0012348702206574455, 0.3079965631863705, -0.00011491305614296443, 2.145874433394563e-10, 0.0008569504429435574, 0.0001115930209762875, 3.986586666891891e-07, -0.0008580223576986045, 0.00011214338760346689, 4.0808585219363595e-07, 0.0008573639003917255, -0.00010957162066559475, 1.878569690494779e-06, -0.0008574764000857184, -0.0012406213062091276, -6.533911707777981e-07, -0.0012335755890483051, 0.0012372626243834911, -7.541120450129457e-07, 0.0012344153183568023, 0.0012389771707685556, -1.8587571205798883e-06, -0.001233928978414824, -0.0012348702206574455, 70.00000058073154, 0.001234273663601438, 0.00688583492808198, 2.6416271940140652e-05, -0.6352538633836794, -0.006155363782230597, -0.0011648663163573247, 0.6359540351607921, -0.006326535650021392, -0.00018580532358455134, -0.6358069750478977, 0.00597106099341739, -0.0024932758847695134, 0.6355958979212318, 0.30845405163442907, 0.0007931760394966244, 16.820543377986652, -0.30775388298679035, 0.0004993466458124994, -16.820539440537132, -0.30907172836703345, 0.0012907348706888409, 16.82015544933802, 0.3079965631863705, 0.001234273663601438, 53.17935151851623]]}, {"__ndarray__": [[24], "float64", [10.00205060767678, 3.1616808606381737, 0.1401047654477137, 1.6564797383599335, 1.053894050029388, 4.274208125235572, 7.485745103331788, 1.0538936579487204, 2.3472614569702825, 4.172786318688534, 3.1616818189882774, 2.067051765555877, 1.4156186485281108, 3.16168065246587, 1.7409202944677342, 10.242911728993473, 1.0538933368200487, 2.673393088502812, 4.413647048086219, 1.0538932354501709, 3.9480771436570907, 7.244884813816694, 3.1616803018833717, 0.46623622758613653]]}, {"__ndarray__": [[24], "float64", [-0.00010373630392017985, -4.48510055409519e-07, -9.723597804513863e-06, 0.0001089284252524753, -5.16101363896752e-07, 1.1561524406000407e-05, 0.00010782257522336652, -8.090827478266012e-07, -1.0462573753016969e-05, -0.00011174373194272079, -2.758594516821829e-06, 1.087987466190817e-05, 0.00027847312813926667, 7.26117544877001e-07, 1.0788154556714765e-05, -0.000273551775282354, 7.204900670295485e-07, -1.2617971917182445e-05, -0.00027603058641956007, 2.325989685422624e-06, 1.1183054787532266e-05, 0.00026983826894970626, 7.596913866255268e-07, -1.1608464937442333e-05]]}, 0.2]