[{"__ndarray__": [[24, 24], "float64", [54.158164839895385, -0.0007470040915575819, -0.20142065213877158, 15.839618482443322, -0.00020779813382747398, 0.2016653602545015, 15.84039996518102, 4.6498488714687176e-05, -0.20113831734130538, -15.840296221168009, 9.328787576877276e-05, 0.20153458883690256, -0.9537694166697739, 3.5571932525864276e-05, -0.07991015106464208, 0.95389417553519, 0.00042701813098834965, 0.07948510722194907, 0.9535464606061155, 0.00015680151286437855, -0.08000179988956937, -0.9515582858124252, 0.00019562428201630293, 0.07978586409428129, -0.0007470040915575819, 69.99999972818864, -0.0006755994562061387, 0.0007458892174352042, -6.012480607631081e-08, 0.0006756717366661642, 0.0007460036002159367, 1.1457802311884215e-08, -0.000675555700342618, -0.0007459459694501654, 6.415477326268415e-08, 0.0006756976165516236, 3.8456580525148487e-05, -2.1558555261867073e-08, -0.000620399633928495, -3.8513369330512464e-05, 1.9509941799274717e-07, 0.000620308314421646, -3.84190134704561e-05, 3.7057513962288615e-08, -0.0006204458972937693, 3.953304563332507e-05, 4.572521673259016e-08, 0.0006203230201284747, -0.20142065213877158, -0.0006755994562061387, 53.3259342284063, 0.19889977517055596, -0.00010819926674847448, 16.67422871610412, 0.19937732259086888, 5.067102681884595e-05, -16.673839772334016, -0.1993353290717771, 6.879141447554663e-05, 16.674218919523334, -0.1670465620680502, 8.557708654763393e-05, 0.5647036416812716, 0.16700601062559434, 0.0005469483570189027, -0.5650630882971126, 0.16706787944155227, -8.033453989503384e-05, 0.5645834513463646, -0.16454844456460804, 0.00011214537146826266, -0.5647660964430941, 15.839618482443322, 0.0007458892174352042, 0.19889977517055596, 54.16259360072478, 0.00020754435746531109, -0.19914418261226835, -15.83818746313906, -4.6453132592187505e-05, 0.19861759953531566, 15.838084004559544, -9.303010146995414e-05, -0.19901328807559182, 0.954836391783439, -3.567759350798238e-05, 0.07757933972272027, -0.9549613974529364, -0.00042615848668323407, -0.07715466466025431, -0.9546133690341139, -0.00015664078434306371, 0.07767077487933885, 0.9526297501041983, -0.00019547347379906185, -0.07745535393317093, -0.00020779813382747398, -6.012480607631081e-08, -0.00010819926674847448, 0.00020754435746531109, 69.99999998936262, 0.00010821411652143888, 0.00020756985542817762, 2.902010669415692e-09, -0.00010818962390494174, -0.0002075611357638477, 1.659925381772411e-08, 0.00010822038528367326, -3.603377597781431e-05, -4.9577786018623825e-09, -0.00023177799906030038, 3.6018834686229835e-05, 3.425229429715504e-08, 0.00023176011267129248, 3.605725232782019e-05, 8.923742268294058e-09, -0.00023178767560602285, -3.579725433747039e-05, 1.3042637361874008e-08, 0.000231759950842445, 0.2016653602545015, 0.0006756717366661642, 16.67422871610412, -0.19914418261226835, 0.00010821411652143888, 53.32560832751149, -0.1996217553683029, -5.0673872083978193e-05, 16.674002706190066, 0.1995797411983633, -6.880780254765972e-05, -16.674381886260946, 0.1669420496616546, -8.557613455375979e-05, -0.5645032484131, -0.16690147988671072, -0.0005469918470594772, 0.5648626998014745, -0.16696337862822558, 8.032670863393494e-05, -0.5643830411490197, 0.16444364539562684, -0.00011216289905612612, 0.5645657262287482, 15.84039996518102, 0.0007460036002159367, 0.19937732259086888, -15.83818746313906, 0.00020756985542817762, -0.1996217553683029, 54.161031406125744, -4.645962702790594e-05, 0.19909511673535074, 15.838865120160898, -9.30502716019126e-05, -0.19949086105141606, 0.9552964892937326, -3.566895824353838e-05, 0.07789026328990825, -0.9554214752067334, -0.0004262224350045443, -0.07746553963801012, -0.9550734350585648, -0.00015665919200999888, 0.07798169551785172, 0.9530893926321046, -0.00019551296925040726, -0.07776624204960333, 4.6498488714687176e-05, 1.1457802311884215e-08, 5.067102681884595e-05, -4.6453132592187505e-05, 2.902010669415692e-09, -5.0673872083978193e-05, -4.645962702790594e-05, 70.0000000004552, 5.0668950565614974e-05, 4.645544259954866e-05, -1.9910454923345978e-09, -5.067512425395844e-05, -3.314199875701104e-05, -1.2033447736395397e-09, -2.8534313331492705e-05, 3.3141262367055124e-05, -8.645710807441994e-09, 2.853427247723669e-05, 3.313093590555007e-05, -1.9654318196113464e-09, -2.8529153719601905e-05, -3.3171371209527755e-05, -1.009502044865852e-09, 2.8538213527418667e-05, -0.20113831734130538, -0.000675555700342618, -16.673839772334016, 0.19861759953531566, -0.00010818962390494174, 16.674002706190066, 0.19909511673535074, 5.0668950565614974e-05, 53.326386217880746, -0.1990531290689726, 6.878158681027544e-05, 16.67399290906551, -0.166820983523969, 8.558105964655518e-05, 0.5648505374530448, 0.16678043293094763, 0.0005469199950654942, -0.5652099664780055, 0.1668423041429728, -8.033777724890836e-05, 0.5647303535421969, -0.16432302342498145, 0.00011213150288842094, -0.5649129853323962, -15.840296221168009, -0.0007459459694501654, -0.1993353290717771, 15.838084004559544, -0.0002075611357638477, 0.1995797411983633, 15.838865120160898, 4.645544259954866e-05, -0.1990531290689726, 54.16123837188158, 9.30352415857253e-05, 0.19944883871741648, -0.9554629621139615, 3.566870641537209e-05, -0.07789301132534132, 0.9555879992657279, 0.0004262013554148213, 0.07746832169128054, 0.9552398542186, 0.00015664100042223934, -0.07798445409091811, -0.95325616679354, 0.00019550535627048496, 0.07776902192330362, 9.328787576877276e-05, 6.415477326268415e-08, 6.879141447554663e-05, -9.303010146995414e-05, 1.659925381772411e-08, -6.880780254765972e-05, -9.30502716019126e-05, -1.9910454923345978e-09, 6.878158681027544e-05, 9.30352415857253e-05, 69.99999998932275, -6.881552518518462e-05, -7.989155927833392e-05, 5.005509352004833e-09, 0.00021065573462212525, 7.991645382178123e-05, -4.836834335092231e-08, -0.00021063204690416896, 7.990359195713412e-05, -1.7514181240255564e-08, 0.0002106610067356935, -8.017123078342193e-05, -7.208724062199714e-09, -0.00021063436800613513, 0.20153458883690256, 0.0006756976165516236, 16.674218919523334, -0.19901328807559182, 0.00010822038528367326, -16.674381886260946, -0.19949086105141606, -5.067512425395844e-05, 16.67399290906551, 0.19944883871741648, -6.881552518518462e-05, 53.325627895544876, 0.16675900948951272, -8.556962877844291e-05, -0.5644826272715513, -0.1667184294346149, -0.0005470217442316422, 0.5648420914684267, -0.16678033526999853, 8.032295832740495e-05, -0.5643624144723018, 0.16426047680242845, -0.00011215893119302883, 0.5645451124155281, -0.9537694166697739, 3.8456580525148487e-05, -0.1670465620680502, 0.954836391783439, -3.603377597781431e-05, 0.1669420496616546, 0.9552964892937326, -3.314199875701104e-05, -0.166820983523969, -0.9554629621139615, -7.989155927833392e-05, 0.16675900948951272, 53.99390469209785, 9.194290520162275e-05, -0.3336407481388787, 16.00646919946034, -0.00018890562821662486, 0.3336553020395837, 16.005965573473667, -5.09700739446233e-05, -0.33353889828415684, -16.007239967270586, 0.0002585435366618382, 0.3336908308064937, 3.5571932525864276e-05, -2.1558555261867073e-08, 8.557708654763393e-05, -3.567759350798238e-05, -4.9577786018623825e-09, -8.557613455375979e-05, -3.566895824353838e-05, -1.2033447736395397e-09, 8.558105964655518e-05, 3.566870641537209e-05, 5.005509352004833e-09, -8.556962877844291e-05, 9.194290520162275e-05, 70.0000000207988, -0.000133533876003539, -9.195497340331378e-05, 3.7877078245911086e-09, 0.0001335508509134867, -9.188302825808678e-05, -4.2792160137295744e-09, -0.00013354996339664054, 9.200100927030837e-05, 2.4068428250332254e-09, 0.0001335206056246059, -0.07991015106464208, -0.000620399633928495, 0.5647036416812716, 0.07757933972272027, -0.00023177799906030038, -0.5645032484131, 0.07789026328990825, -2.8534313331492705e-05, 0.5648505374530448, -0.07789301132534132, 0.00021065573462212525, -0.5644826272715513, -0.3336407481388787, -0.000133533876003539, 53.05635332902291, 0.33368659194205275, 0.0005816845540429231, 16.94329567348867, 0.33389522031566626, 0.00016648088136229054, -16.943711025213187, -0.3316075046812092, 5.542464480823619e-05, 16.943493719233505, 0.95389417553519, -3.8513369330512464e-05, 0.16700601062559434, -0.9549613974529364, 3.6018834686229835e-05, -0.16690147988671072, -0.9554214752067334, 3.3141262367055124e-05, 0.16678043293094763, 0.9555879992657279, 7.991645382178123e-05, -0.1667184294346149, 16.00646919946034, -9.195497340331378e-05, 0.33368659194205275, 53.99315695192526, 0.00018898544242398527, -0.33370113771934523, -16.006339419993026, 5.095510399592576e-05, 0.33358468065976443, 16.007613966411505, -0.00025854874077495444, -0.33373666909987726, 0.00042701813098834965, 1.9509941799274717e-07, 0.0005469483570189027, -0.00042615848668323407, 3.425229429715504e-08, -0.0005469918470594772, -0.0004262224350045443, -8.645710807441994e-09, 0.0005469199950654942, 0.0004262013554148213, -4.836834335092231e-08, -0.0005470217442316422, -0.00018890562821662486, 3.7877078245911086e-09, 0.0005816845540429231, 0.00018898544242398527, 69.99999991567188, -0.0005816354517366661, 0.00018879541626466197, -3.961559874931079e-08, 0.0005817002611549941, -0.00018971379518877682, -5.218164727067189e-08, -0.0005816041242525012, 0.07948510722194907, 0.000620308314421646, -0.5650630882971126, -0.07715466466025431, 0.00023176011267129248, 0.5648626998014745, -0.07746553963801012, 2.853427247723669e-05, -0.5652099664780055, 0.07746832169128054, -0.00021063204690416896, 0.5648420914684267, 0.3336553020395837, 0.0001335508509134867, 16.94329567348867, -0.33370113771934523, -0.0005816354517366661, 53.05705536028283, -0.33390969962535344, -0.0001664904318181834, 16.9433599751432, 0.33162231062987696, -5.539561253649215e-05, -16.943142745391064, 0.9535464606061155, -3.84190134704561e-05, 0.16706787944155227, -0.9546133690341139, 3.605725232782019e-05, -0.16696337862822558, -0.9550734350585648, 3.313093590555007e-05, 0.1668423041429728, 0.9552398542186, 7.990359195713412e-05, -0.16678033526999853, 16.005965573473667, -9.188302825808678e-05, 0.33389522031566626, -16.006339419993026, 0.00018879541626466197, -0.33390969962535344, 53.9941646001413, 5.0948106148764916e-05, 0.3337933268471971, 16.007109735591328, -0.00025853324708879867, -0.3339453172059996, 0.00015680151286437855, 3.7057513962288615e-08, -8.033453989503384e-05, -0.00015664078434306371, 8.923742268294058e-09, 8.032670863393494e-05, -0.00015665919200999888, -1.9654318196113464e-09, -8.033777724890836e-05, 0.00015664100042223934, -1.7514181240255564e-08, 8.032295832740495e-05, -5.09700739446233e-05, -4.2792160137295744e-09, 0.00016648088136229054, 5.095510399592576e-05, -3.961559874931079e-08, -0.0001664904318181834, 5.0948106148764916e-05, 70.00000002559781, 0.00016651010359088484, -5.107567313331218e-05, -8.204661575125601e-09, -0.00016647790295197057, -0.08000179988956937, -0.0006204458972937693, 0.5645834513463646, 0.07767077487933885, -0.00023178767560602285, -0.5643830411490197, 0.07798169551785172, -2.8529153719601905e-05, 0.5647303535421969, -0.07798445409091811, 0.0002106610067356935, -0.5643624144723018, -0.33353889828415684, -0.00013354996339664054, -16.943711025213187, 0.33358468065976443, 0.0005817002611549941, 16.9433599751432, 0.3337933268471971, 0.00016651010359088484, 53.056224673278926, -0.3315053255792339, 5.544131104588572e-05, 16.943558027505397, -0.9515582858124252, 3.953304563332507e-05, -0.16454844456460804, 0.9526297501041983, -3.579725433747039e-05, 0.16444364539562684, 0.9530893926321046, -3.3171371209527755e-05, -0.16432302342498145, -0.95325616679354, -8.017123078342193e-05, 0.16426047680242845, -16.007239967270586, 9.200100927030837e-05, -0.3316075046812092, 16.007613966411505, -0.00018971379518877682, 0.33162231062987696, 16.007109735591328, -5.107567313331218e-05, -0.3315053255792339, 53.99161157519212, 0.0002583952559635707, 0.3316578654042966, 0.00019562428201630293, 4.572521673259016e-08, 0.00011214537146826266, -0.00019547347379906185, 1.3042637361874008e-08, -0.00011216289905612612, -0.00019551296925040726, -1.009502044865852e-09, 0.00011213150288842094, 0.00019550535627048496, -7.208724062199714e-09, -0.00011215893119302883, 0.0002585435366618382, 2.4068428250332254e-09, 5.542464480823619e-05, -0.00025854874077495444, -5.218164727067189e-08, -5.539561253649215e-05, -0.00025853324708879867, -8.204661575125601e-09, 5.544131104588572e-05, 0.0002583952559635707, 70.0000000074298, -5.5425387424079816e-05, 0.07978586409428129, 0.0006203230201284747, -0.5647660964430941, -0.07745535393317093, 0.000231759950842445, 0.5645657262287482, -0.07776624204960333, 2.8538213527418667e-05, -0.5649129853323962, 0.07776902192330362, -0.00021063436800613513, 0.5645451124155281, 0.3336908308064937, 0.0001335206056246059, 16.943493719233505, -0.33373666909987726, -0.0005816041242525012, -16.943142745391064, -0.3339453172059996, -0.00016647790295197057, 16.943558027505397, 0.3316578654042966, -5.5425387424079816e-05, 53.05665924180179]]}, {"__ndarray__": [[24], "float64", [9.741665891726523, 3.0738567110814996, 0.12692032604011078, 1.5930182195827463, 1.024619221852584, 4.164772880801603, 7.260359944627218, 1.0246189986352054, 2.272767060952971, 4.074323086692052, 3.0738559658469042, 2.0189260887178655, 1.3302966302307595, 3.0738569720419417, 1.7809899793907342, 10.004386024790284, 1.0246182017407994, 2.51070368468895, 4.337043825300982, 1.0246181362641522, 3.9268365584130644, 6.9976380509895675, 3.0738565424769253, 0.36485704210064834]]}, {"__ndarray__": [[24], "float64", [-0.0004976585621184057, -1.9396766343692564e-06, -0.0005872766122255939, 0.0004898277711084363, -5.264756188188361e-07, 0.0005880452338936308, 0.0004908272965136499, 2.6847819385168865e-08, -0.0005869778086515328, -0.0004904670940523046, 4.7188158412567416e-07, 0.000588160142666257, 0.00021328660906133116, -2.6126280382308214e-07, -0.0006614191301907082, -0.00021333958296412367, 1.9613325508751526e-06, 0.0006603616473615015, -0.0002124925197634667, 3.8713994085634994e-07, -0.0006620223114556456, 0.00022001608221488335, -1.1978683823117126e-07, 0.000661128838602091]]}, 0.2]