[{"__ndarray__": [[24, 24], "float64", [53.87621746992768, -5.729281617366107e-15, -0.19556290944887203, 16.123782529945846, -1.4457863551586313e-15, 0.1955629095034974, 16.12378253026452, -5.796770443155742e-15, -0.19556290939036455, -16.123782530301153, 1.2281594551737126e-15, 0.19556290939894838, -0.7087913232310908, 9.16602906252681e-16, -0.07032033679812456, 0.7087913233646379, 5.106249917564253e-15, 0.0703203367272883, 0.7087913235982682, -1.0605569449625754e-15, -0.0703203367099703, -0.7087913235399285, 5.7354975189343505e-15, 0.07032033670352415, -5.729281617366107e-15, 70.0, -1.6784112943148614e-15, 5.729281617050327e-15, 5.340249234426347e-30, 1.6784112945194324e-15, 5.729281618044119e-15, 4.526733250861961e-29, -1.678411293719603e-15, -5.72928161812787e-15, -7.894147458509771e-30, 1.6784112942149634e-15, 5.084281271525521e-15, -3.2466637771769776e-30, -2.8388756354288817e-15, -5.0842812725138256e-15, -3.803122266389644e-29, 2.8388756352159346e-15, -5.084281270904376e-15, 9.091826948452068e-30, -2.8388756350150516e-15, 5.084281270451687e-15, -4.0500080601610574e-29, 2.8388756348944753e-15, -0.19556290944887203, -1.6784112943148614e-15, 53.33161020351916, 0.19556290937437962, 1.5323061619754571e-15, 16.668389796481204, 0.19556290944149773, -7.715557870354723e-16, -16.668389796475356, -0.1955629094231892, 7.98004146851395e-16, 16.66838979647073, -0.21156814407502553, -1.1029585089606757e-15, 0.6603554184912357, 0.21156814407235264, 1.4572324247709307e-15, -0.6603554185268626, 0.21156814410061892, -4.158448206874657e-16, 0.6603554185249916, -0.21156814412599453, -5.573338654893793e-17, -0.6603554185329175, 16.123782529945846, 5.729281617050327e-15, 0.19556290937437962, 53.87621747018065, 1.4457863547574397e-15, -0.1955629094290051, -16.12378253013805, 5.796770442711656e-15, 0.1955629093158735, 16.123782530174683, -1.228159454662664e-15, -0.1955629093244571, 0.7087913236157182, -9.1660290598707e-16, 0.07032033691311805, -0.7087913237492653, -5.1062499172905575e-15, -0.07032033684228131, -0.7087913239828965, 1.0605569448837816e-15, 0.07032033682496154, 0.7087913239245559, -5.735497518638666e-15, -0.0703203368185158, -1.4457863551586313e-15, 5.340249234426347e-30, 1.5323061619754571e-15, 1.4457863547574397e-15, 70.0, -1.5323061620859965e-15, 1.4457863561227223e-15, 3.210067118042548e-29, 1.5323061622853503e-15, -1.4457863562694987e-15, -8.581361859837146e-30, -1.5323061622377855e-15, 2.575567652466979e-15, -9.28520522502573e-30, 1.022746256566069e-15, -2.575567651765474e-15, -6.782978643436896e-30, -1.0227462566516485e-15, -2.575567650998566e-15, 1.0319997106492797e-29, 1.0227462567665469e-15, 2.5755676511600876e-15, -3.0404283925048073e-29, -1.0227462568180658e-15, 0.1955629095034974, 1.6784112945194324e-15, 16.668389796481204, -0.1955629094290051, -1.5323061620859965e-15, 53.33161020351842, -0.19556290949612265, 7.715557874146319e-16, 16.66838979647572, 0.19556290947781388, -7.980041472256077e-16, -16.668389796471097, 0.21156814395514975, 1.1029585091489143e-15, -0.6603554184815955, -0.2115681439524773, -1.4572324248909303e-15, 0.660355418517223, -0.21156814398074641, 4.1584482075492937e-16, -0.6603554185153521, 0.2115681440061185, 5.573338625947399e-17, 0.6603554185232785, 16.12378253026452, 5.729281618044119e-15, 0.19556290944149773, -16.12378253013805, 1.4457863561227223e-15, -0.19556290949612265, 53.876217469543285, 5.7967704441024345e-15, 0.19556290938299117, 16.12378253049335, -1.2281594554607203e-15, -0.195562909391574, 0.7087913229959117, -9.166029070022722e-16, 0.0703203369355017, -0.7087913231294579, -5.106249918237601e-15, -0.0703203368646629, -0.7087913233630897, 1.0605569448462066e-15, 0.07032033684734497, 0.7087913233047488, -5.735497519737163e-15, -0.07032033684090006, -5.796770443155742e-15, 4.526733250861961e-29, -7.715557870354723e-16, 5.796770442711656e-15, 3.210067118042548e-29, 7.715557874146319e-16, 5.7967704441024345e-15, 70.0, -7.715557867634117e-16, -5.796770444275133e-15, -3.000316567144938e-29, 7.715557867100816e-16, 1.0627071578159475e-14, -2.1319262834690476e-29, -2.2103349818026162e-15, -1.0627071577756063e-14, -4.6879103556664306e-29, 2.210334981614145e-15, -1.0627071576559132e-14, 3.424564863532428e-29, -2.2103349814222457e-15, 1.0627071576791807e-14, -1.0360323396711441e-28, 2.2103349814432274e-15, -0.19556290939036455, -1.678411293719603e-15, -16.668389796475356, 0.1955629093158735, 1.5323061622853503e-15, 16.66838979647572, 0.19556290938299117, -7.715557867634117e-16, 53.33161020353012, -0.1955629093646816, 7.980041468854936e-16, 16.66838979646524, -0.21156814419227038, -1.102958509211023e-15, 0.660355418485182, 0.21156814418959982, 1.45723242428622e-15, -0.6603554185208077, 0.21156814421786835, -4.1584482099784425e-16, 0.6603554185189362, -0.21156814424324086, -5.573338678467241e-17, -0.6603554185268635, -16.123782530301153, -5.72928161812787e-15, -0.1955629094231892, 16.123782530174683, -1.4457863562694987e-15, 0.19556290947781388, 16.12378253049335, -5.796770444275133e-15, -0.1955629093646816, 53.87621746947002, 1.2281594554430203e-15, 0.1955629093732644, -0.7087913229794083, 9.166029071305782e-16, -0.07032033692989996, 0.708791323112954, 5.106249918318625e-15, 0.07032033685906236, 0.7087913233465855, -1.0605569447831545e-15, -0.07032033684174575, -0.7087913232882446, 5.735497519864088e-15, 0.07032033683529909, 1.2281594551737126e-15, -7.894147458509771e-30, 7.98004146851395e-16, -1.228159454662664e-15, -8.581361859837146e-30, -7.980041472256077e-16, -1.2281594554607203e-15, -3.000316567144938e-29, 7.980041468854936e-16, 1.2281594554430203e-15, 70.0, -7.980041467160533e-16, -2.953398052252193e-15, 5.5736203036490716e-30, 3.8797978344511797e-16, 2.9533980513707703e-15, 8.222283079447862e-30, -3.879797832040172e-16, 2.9533980510638016e-15, -1.0912300906321673e-29, 3.8797978309806887e-16, -2.9533980515890212e-15, 2.6619864940683736e-29, -3.8797978319305837e-16, 0.19556290939894838, 1.6784112942149634e-15, 16.66838979647073, -0.1955629093244571, -1.5323061622377855e-15, -16.668389796471097, -0.195562909391574, 7.715557867100816e-16, 16.66838979646524, 0.1955629093732644, -7.980041467160533e-16, 53.33161020353938, 0.21156814416082634, 1.102958509167588e-15, -0.660355418491803, -0.2115681441581526, -1.4572324246354516e-15, 0.6603554185274298, -0.21156814418642142, 4.1584482060958185e-16, -0.6603554185255585, 0.21156814421179507, 5.573338678294717e-17, 0.6603554185334846, -0.7087913232310908, 5.084281271525521e-15, -0.21156814407502553, 0.7087913236157182, 2.575567652466979e-15, 0.21156814395514975, 0.7087913229959117, 1.0627071578159475e-14, -0.21156814419227038, -0.7087913229794083, -2.953398052252193e-15, 0.21156814416082634, 53.554302756426615, -1.6797151521695155e-15, -0.2942212617550453, 16.44569724329224, -5.032856631580213e-15, 0.2942212619304157, 16.445697242858333, 3.1252193573160018e-15, -0.2942212619574325, -16.445697242857708, -9.522535756195667e-15, 0.2942212619627791, 9.16602906252681e-16, -3.2466637771769776e-30, -1.1029585089606757e-15, -9.1660290598707e-16, -9.28520522502573e-30, 1.1029585091489143e-15, -9.166029070022722e-16, -2.1319262834690476e-29, -1.102958509211023e-15, 9.166029071305782e-16, 5.5736203036490716e-30, 1.102958509167588e-15, -1.6797151521695155e-15, 70.0, -7.317048685576921e-16, 1.6797151515577625e-15, 4.2804165958445324e-30, 7.31704868548695e-16, 1.6797151511001473e-15, -6.837345160861349e-30, -7.317048686406375e-16, -1.6797151511930532e-15, 2.024762238153924e-29, 7.317048687080753e-16, -0.07032033679812456, -2.8388756354288817e-15, 0.6603554184912357, 0.07032033691311805, 1.022746256566069e-15, -0.6603554184815955, 0.0703203369355017, -2.2103349818026162e-15, 0.660355418485182, -0.07032033692989996, 3.8797978344511797e-16, -0.660355418491803, -0.2942212617550453, -7.317048685576921e-16, 53.17675071675806, 0.29422126170306423, 2.6904027285311363e-15, 16.823249283265817, 0.2942212617450391, -4.533262799131765e-16, -16.823249283254274, -0.2942212616606059, 1.379709222279755e-15, 16.82324928325143, 0.7087913233646379, -5.0842812725138256e-15, 0.21156814407235264, -0.7087913237492653, -2.575567651765474e-15, -0.2115681439524773, -0.7087913231294579, -1.0627071577756063e-14, 0.21156814418959982, 0.708791323112954, 2.9533980513707703e-15, -0.2115681441581526, 16.44569724329224, 1.6797151515577625e-15, 0.29422126170306423, 53.55430275698891, 5.03285663215315e-15, -0.29422126187843256, -16.44569724257719, -3.1252193562131387e-15, 0.2942212619054513, 16.445697242576564, 9.52253575606483e-15, -0.2942212619108005, 5.106249917564253e-15, -3.803122266389644e-29, 1.4572324247709307e-15, -5.1062499172905575e-15, -6.782978643436896e-30, -1.4572324248909303e-15, -5.106249918237601e-15, -4.6879103556664306e-29, 1.45723242428622e-15, 5.106249918318625e-15, 8.222283079447862e-30, -1.4572324246354516e-15, -5.032856631580213e-15, 4.2804165958445324e-30, 2.6904027285311363e-15, 5.03285663215315e-15, 70.0, -2.6904027283778827e-15, 5.032856630847439e-15, -9.97839065182722e-30, 2.6904027281877873e-15, -5.03285663058566e-15, 4.1941396239317525e-29, -2.6904027281094834e-15, 0.0703203367272883, 2.8388756352159346e-15, -0.6603554185268626, -0.07032033684228131, -1.0227462566516485e-15, 0.660355418517223, -0.0703203368646629, 2.210334981614145e-15, -0.6603554185208077, 0.07032033685906236, -3.879797832040172e-16, 0.6603554185274298, 0.2942212619304157, 7.31704868548695e-16, 16.823249283265817, -0.29422126187843256, -2.6904027283778827e-15, 53.17675071671035, -0.2942212619204047, 4.533262799860083e-16, 16.823249283278127, 0.2942212618359754, -1.3797092221268061e-15, -16.82324928327528, 0.7087913235982682, -5.084281270904376e-15, 0.21156814410061892, -0.7087913239828965, -2.575567650998566e-15, -0.21156814398074641, -0.7087913233630897, -1.0627071576559132e-14, 0.21156814421786835, 0.7087913233465855, 2.9533980510638016e-15, -0.21156814418642142, 16.445697242858333, 1.6797151511001473e-15, 0.2942212617450391, -16.44569724257719, 5.032856630847439e-15, -0.2942212619204047, 53.55430275785671, -3.125219356911742e-15, 0.29422126194742326, 16.445697242142657, 9.522535754998713e-15, -0.2942212619527742, -1.0605569449625754e-15, 9.091826948452068e-30, -4.158448206874657e-16, 1.0605569448837816e-15, 1.0319997106492797e-29, 4.1584482075492937e-16, 1.0605569448462066e-15, 3.424564863532428e-29, -4.1584482099784425e-16, -1.0605569447831545e-15, -1.0912300906321673e-29, 4.1584482060958185e-16, 3.1252193573160018e-15, -6.837345160861349e-30, -4.533262799131765e-16, -3.1252193562131387e-15, -9.97839065182722e-30, 4.533262799860083e-16, -3.125219356911742e-15, 70.0, -4.533262799646248e-16, 3.1252193574849805e-15, -3.061192419336238e-29, 4.533262800821738e-16, -0.0703203367099703, -2.8388756350150516e-15, 0.6603554185249916, 0.07032033682496154, 1.0227462567665469e-15, -0.6603554185153521, 0.07032033684734497, -2.2103349814222457e-15, 0.6603554185189362, -0.07032033684174575, 3.8797978309806887e-16, -0.6603554185255585, -0.2942212619574325, -7.317048686406375e-16, -16.823249283254274, 0.2942212619054513, 2.6904027281877873e-15, 16.823249283278127, 0.29422126194742326, -4.533262799646248e-16, 53.176750716733466, -0.29422126186299447, 1.3797092219990386e-15, 16.82324928326374, -0.7087913235399285, 5.084281270451687e-15, -0.21156814412599453, 0.7087913239245559, 2.5755676511600876e-15, 0.2115681440061185, 0.7087913233047488, 1.0627071576791807e-14, -0.21156814424324086, -0.7087913232882446, -2.9533980515890212e-15, 0.21156814421179507, -16.445697242857708, -1.6797151511930532e-15, -0.2942212616606059, 16.445697242576564, -5.03285663058566e-15, 0.2942212618359754, 16.445697242142657, 3.1252193574849805e-15, -0.29422126186299447, 53.554302757857954, -9.522535755106302e-15, 0.29422126186834163, 5.7354975189343505e-15, -4.0500080601610574e-29, -5.573338654893793e-17, -5.735497518638666e-15, -3.0404283925048073e-29, 5.573338625947399e-17, -5.735497519737163e-15, -1.0360323396711441e-28, -5.573338678467241e-17, 5.735497519864088e-15, 2.6619864940683736e-29, 5.573338678294717e-17, -9.522535756195667e-15, 2.024762238153924e-29, 1.379709222279755e-15, 9.52253575606483e-15, 4.1941396239317525e-29, -1.3797092221268061e-15, 9.522535754998713e-15, -3.061192419336238e-29, 1.3797092219990386e-15, -9.522535755106302e-15, 70.0, -1.3797092219870028e-15, 0.07032033670352415, 2.8388756348944753e-15, -0.6603554185329175, -0.0703203368185158, -1.0227462568180658e-15, 0.6603554185232785, -0.07032033684090006, 2.2103349814432274e-15, -0.6603554185268635, 0.07032033683529909, -3.8797978319305837e-16, 0.6603554185334846, 0.2942212619627791, 7.317048687080753e-16, 16.82324928325143, -0.2942212619108005, -2.6904027281094834e-15, -16.82324928327528, -0.2942212619527742, 4.533262800821738e-16, 16.82324928326374, 0.29422126186834163, -1.3797092219870028e-15, 53.17675071673912]]}, {"__ndarray__": [[24], "float64", [10.01468287801467, 3.164817447070687, 0.14772176912256027, 1.6554141268338707, 1.0549391490235625, 4.2709707267182235, 7.490462629257996, 1.0549391490235625, 2.357068017042935, 4.179634375590424, 3.164817447070687, 2.0616244787978486, 1.4221087883277266, 3.164817447070687, 1.735395258629552, 10.247988216520644, 1.0549391490235625, 2.6832972372112827, 4.4129397140963995, 1.0549391490235625, 3.944741506549903, 7.25715729075206, 3.164817447070687, 0.4739509892908901]]}, {"__ndarray__": [[24], "float64", [-0.00028697824118826697, -1.6924861418972677e-17, -3.714570205681214e-05, 0.00028697824079358013, 1.5381295336103616e-18, 3.714570221497479e-05, 0.00028697824153696595, -7.674872789698747e-18, -3.714570192224519e-05, -0.0002869782415510193, -2.7776710058803022e-18, 3.7145701968067696e-05, 0.0005844712857435452, -1.3874701092950972e-18, 1.441843231454298e-05, -0.0005844712854641151, 1.521920865412908e-17, -1.4418432495719126e-05, -0.0005844712849241342, -1.1583059859446322e-19, 1.4418432536196079e-05, 0.0005844712850534444, 6.98580825838659e-18, -1.4418432559003356e-05]]}, 0.2]