[{"__ndarray__": [[24, 24], "float64", [54.01211164021825, 4.4071261581501174e-15, -0.20774212591408442, 15.987888359849315, 3.0008705380978513e-15, 0.20774212584611568, 15.987888361382083, 2.9178521911270544e-14, -0.20774212566315725, -15.987888361035173, 7.337993678055863e-15, 0.20774212548604776, -0.9247078474110708, -6.154683911025679e-15, -0.06842317094512265, 0.9247078469328953, -3.8492624015227005e-15, 0.06842317097155759, 0.9247078486358777, -4.1203895961789455e-15, -0.06842317062840672, -0.9247078485902591, -2.5303964890232324e-14, 0.06842317084125366, 4.4071261581501174e-15, 70.0, 6.3102026398379855e-16, -4.407126158374882e-15, 2.0166249358670227e-29, -6.310202638629293e-16, -4.407126163166865e-15, 1.8660317454865869e-28, 6.310202633079404e-16, 4.4071261620655315e-15, 5.068004683274916e-29, -6.310202628035751e-16, -9.425169646048666e-16, -4.202657349677125e-29, 8.380323654095217e-16, 9.42516965906312e-16, -2.5873168034617154e-29, -8.38032365570372e-16, 9.425169608295964e-16, -2.765123641024853e-29, 8.380323646367003e-16, -9.425169610228685e-16, -1.606236360339176e-28, -8.380323651048588e-16, -0.20774212591408442, 6.3102026398379855e-16, 53.295386254099846, 0.20774212595945146, 2.0188662696160072e-15, 16.704613745849553, 0.20774212720390123, 2.78239466856522e-14, -16.70461374570951, -0.2077421269085618, 6.891584278388758e-15, 16.704613745566043, -0.1911973889661708, -4.490494896504175e-15, 0.6202205635431675, 0.19119738858974678, -7.105433807061189e-16, -0.6202205635043232, 0.1911973899893694, -3.0025102517620335e-15, 0.6202205637974135, -0.19119738993376653, -2.4648411548861833e-14, -0.6202205636147096, 15.987888359849315, -4.407126158374882e-15, 0.20774212595945146, 54.01211164008309, -3.000870538123883e-15, -0.2077421258914836, -15.987888361449668, -2.917852191170015e-14, 0.2077421257085233, 15.987888361102755, -7.337993678238458e-15, -0.20774212553141458, 0.9247078474075772, 6.15468391108977e-15, 0.06842317097116957, -0.9247078469294034, 3.849262401837336e-15, -0.06842317099760639, -0.9247078486323845, 4.120389596290269e-15, 0.06842317065445308, 0.9247078485867664, 2.5303964890583528e-14, -0.06842317086730099, 3.0008705380978513e-15, 2.0166249358670227e-29, 2.0188662696160072e-15, -3.000870538123883e-15, 70.0, -2.0188662695673736e-15, -3.0008705401773325e-15, 1.9800982919328564e-28, 2.0188662693583673e-15, 3.0008705397828338e-15, 5.127920478485923e-29, -2.01886626922359e-15, -1.1194061729885316e-15, -4.032230122388508e-29, 1.7140231155347424e-15, 1.1194061735008961e-15, -2.040769747538021e-29, -1.714023115602678e-15, 1.1194061713183902e-15, -2.6053040741476634e-29, 1.7140231153082762e-15, -1.1194061714000132e-15, -1.7216726841673385e-28, -1.7140231154403868e-15, 0.20774212584611568, -6.310202638629293e-16, 16.704613745849553, -0.2077421258914836, -2.0188662695673736e-15, 53.29538625420102, -0.207742127135932, -2.7823946685629795e-14, 16.70461374565894, 0.20774212684059357, -6.891584278236258e-15, -16.70461374551547, 0.19119738897255886, 4.490494896316877e-15, -0.6202205635876235, -0.191197388596136, 7.10543380602973e-16, 0.6202205635487761, -0.19119738999575783, 3.0025102516728205e-15, -0.6202205638418692, 0.19119738994015442, 2.4648411549009306e-14, 0.6202205636591643, 15.987888361382083, -4.407126163166865e-15, 0.20774212720390123, -15.987888361449668, -3.0008705401773325e-15, -0.207742127135932, 54.012111637017576, -2.91785219217114e-14, 0.20774212695297256, 15.987888362635523, -7.337993682893856e-15, -0.2077421267758625, 0.9247078466068003, 6.15468391729576e-15, 0.06842317197327746, -0.9247078461286227, 3.8492624067396135e-15, -0.06842317199971273, -0.9247078478316075, 4.120389598163345e-15, 0.0684231716565614, 0.9247078477859847, 2.530396489553277e-14, -0.06842317186940633, 2.9178521911270544e-14, 1.8660317454865869e-28, 2.78239466856522e-14, -2.917852191170015e-14, 1.9800982919328564e-28, -2.7823946685629795e-14, -2.91785219217114e-14, 70.0, 2.7823946684345088e-14, 2.917852191989041e-14, 5.508600943995415e-28, -2.7823946684230997e-14, -1.5780551947849313e-14, -4.252665387415326e-28, 2.0265936925383503e-14, 1.5780551949157036e-14, -1.8518960880839797e-28, -2.0265936925543194e-14, 1.5780551939137048e-14, -2.62910483457826e-28, 2.0265936924545162e-14, -1.5780551938896808e-14, -1.974037779713769e-27, -2.026593692465752e-14, -0.20774212566315725, 6.310202633079404e-16, -16.70461374570951, 0.2077421257085233, 2.0188662693583673e-15, 16.70461374565894, 0.20774212695297256, 2.7823946684345088e-14, 53.2953862544811, -0.20774212665763359, 6.8915842778448445e-15, 16.704613745375436, -0.19119738905806236, -4.490494895663908e-15, 0.6202205636938702, 0.19119738868163777, -7.10543380012203e-16, -0.6202205636550253, 0.19119739008126133, -3.0025102516231222e-15, 0.6202205639481154, -0.19119739002565647, -2.4648411548261974e-14, -0.6202205637654117, -15.987888361035173, 4.4071261620655315e-15, -0.2077421269085618, 15.987888361102755, 3.0008705397828338e-15, 0.20774212684059357, 15.987888362635523, 2.917852191989041e-14, -0.20774212665763359, 54.01211163771139, 7.337993681816486e-15, 0.20774212648052426, -0.9247078467460979, -6.154683915982959e-15, -0.06842317174855353, 0.9247078462679212, -3.8492624056243204e-15, 0.06842317177498797, 0.9247078479709054, -4.1203895976441915e-15, -0.06842317143183885, -0.9247078479252869, -2.530396489482837e-14, 0.06842317164468487, 7.337993678055863e-15, 5.068004683274916e-29, 6.891584278388758e-15, -7.337993678238458e-15, 5.127920478485923e-29, -6.891584278236258e-15, -7.337993682893856e-15, 5.508600943995415e-28, 6.8915842778448445e-15, 7.337993681816486e-15, 70.0, -6.891584277568021e-15, -4.138242479664038e-15, -1.0905607891659703e-28, 5.922709252711392e-15, 4.138242480965625e-15, -5.094656918109104e-29, -5.922709252816971e-15, 4.138242475875423e-15, -7.166176061199781e-29, 5.922709252235486e-15, -4.138242476290367e-15, -4.801400691697333e-28, -5.922709252466861e-15, 0.20774212548604776, -6.310202628035751e-16, 16.704613745566043, -0.20774212553141458, -2.01886626922359e-15, -16.70461374551547, -0.2077421267758625, -2.7823946684230997e-14, 16.704613745375436, 0.20774212648052426, -6.891584277568021e-15, 53.29538625476803, 0.19119738912097511, 4.490494895161557e-15, -0.6202205638256676, -0.19119738874454972, 7.105433794718885e-16, 0.6202205637868237, -0.1911973901441707, 3.0025102514971333e-15, -0.6202205640799128, 0.19119739008856812, 2.4648411548594816e-14, 0.62022056389721, -0.9247078474110708, -9.425169646048666e-16, -0.1911973889661708, 0.9247078474075772, -1.1194061729885316e-15, 0.19119738897255886, 0.9247078466068003, -1.5780551947849313e-14, -0.19119738905806236, -0.9247078467460979, -4.138242479664038e-15, 0.19119738912097511, 53.83808174353114, 2.2750434864763817e-15, -0.3402167548634649, 16.161918256600732, 1.89553288193964e-16, 0.340216754819504, 16.161918255842814, 2.2971633785435417e-15, -0.3402167549348843, -16.161918255875044, 1.4073392145583487e-14, 0.34021675491359615, -6.154683911025679e-15, -4.202657349677125e-29, -4.490494896504175e-15, 6.15468391108977e-15, -4.032230122388508e-29, 4.490494896316877e-15, 6.15468391729576e-15, -4.252665387415326e-28, -4.490494895663908e-15, -6.154683915982959e-15, -1.0905607891659703e-28, 4.490494895161557e-15, 2.2750434864763817e-15, 70.0, -3.670800368436279e-15, -2.275043488060909e-15, 4.255130923468487e-29, 3.6708003686239374e-15, -2.275043481507712e-15, 5.481877589300615e-29, -3.670800367584554e-15, 2.275043481744264e-15, 3.7016576389143722e-28, 3.670800368074868e-15, -0.06842317094512265, 8.380323654095217e-16, 0.6202205635431675, 0.06842317097116957, 1.7140231155347424e-15, -0.6202205635876235, 0.06842317197327746, 2.0265936925383503e-14, 0.6202205636938702, -0.06842317174855353, 5.922709252711392e-15, -0.6202205638256676, -0.3402167548634649, -3.670800368436279e-15, 53.10952815232632, 0.3402167545425254, -8.651061142900381e-16, 16.89047184770078, 0.3402167556590545, -3.03030385876274e-15, -16.890471847469847, -0.34021675562667464, -1.7758543935906552e-14, 16.890471847607024, 0.9247078469328953, 9.42516965906312e-16, 0.19119738858974678, -0.9247078469294034, 1.1194061735008961e-15, -0.191197388596136, -0.9247078461286227, 1.5780551949157036e-14, 0.19119738868163777, 0.9247078462679212, 4.138242480965625e-15, -0.19119738874454972, 16.161918256600732, -2.275043488060909e-15, 0.3402167545425254, 53.83808174326741, -1.8955328952223694e-16, -0.34021675449856376, -16.161918255974683, -2.2971633792998767e-15, 0.34021675461394596, 16.161918256006913, -1.4073392145574098e-14, -0.3402167545926555, -3.8492624015227005e-15, -2.5873168034617154e-29, -7.105433807061189e-16, 3.849262401837336e-15, -2.040769747538021e-29, 7.10543380602973e-16, 3.8492624067396135e-15, -1.8518960880839797e-28, -7.10543380012203e-16, -3.8492624056243204e-15, -5.094656918109104e-29, 7.105433794718885e-16, 1.89553288193964e-16, 4.255130923468487e-29, -8.651061142900381e-16, -1.8955328952223694e-16, 70.0, 8.651061144710785e-16, -1.8955328429849153e-16, 2.7870486931442677e-29, -8.651061134804136e-16, 1.895532844907673e-16, 1.590564693232048e-28, 8.651061139775016e-16, 0.06842317097155759, -8.38032365570372e-16, -0.6202205635043232, -0.06842317099760639, -1.714023115602678e-15, 0.6202205635487761, -0.06842317199971273, -2.0265936925543194e-14, -0.6202205636550253, 0.06842317177498797, -5.922709252816971e-15, 0.6202205637868237, 0.340216754819504, 3.6708003686239374e-15, 16.89047184770078, -0.34021675449856376, 8.651061144710785e-16, 53.10952815227208, -0.340216755615095, 3.030303858819234e-15, 16.89047184749696, 0.34021675558271314, 1.775854393591505e-14, -16.89047184763414, 0.9247078486358777, 9.425169608295964e-16, 0.1911973899893694, -0.9247078486323845, 1.1194061713183902e-15, -0.19119738999575783, -0.9247078478316075, 1.5780551939137048e-14, 0.19119739008126133, 0.9247078479709054, 4.138242475875423e-15, -0.1911973901441707, 16.161918255842814, -2.275043481507712e-15, 0.3402167556590545, -16.161918255974683, -1.8955328429849153e-16, -0.340216755615095, 53.83808174478321, -2.2971633770354625e-15, 0.3402167557304752, 16.161918255248995, -1.4073392140919488e-14, -0.3402167557091852, -4.1203895961789455e-15, -2.765123641024853e-29, -3.0025102517620335e-15, 4.120389596290269e-15, -2.6053040741476634e-29, 3.0025102516728205e-15, 4.120389598163345e-15, -2.62910483457826e-28, -3.0025102516231222e-15, -4.1203895976441915e-15, -7.166176061199781e-29, 3.0025102514971333e-15, 2.2971633785435417e-15, 5.481877589300615e-29, -3.03030385876274e-15, -2.2971633792998767e-15, 2.7870486931442677e-29, 3.030303858819234e-15, -2.2971633770354625e-15, 70.0, -3.030303858665061e-15, 2.2971633774760756e-15, 2.279415487678551e-28, 3.0303038587231877e-15, -0.06842317062840672, 8.380323646367003e-16, 0.6202205637974135, 0.06842317065445308, 1.7140231153082762e-15, -0.6202205638418692, 0.0684231716565614, 2.0265936924545162e-14, 0.6202205639481154, -0.06842317143183885, 5.922709252235486e-15, -0.6202205640799128, -0.3402167549348843, -3.670800367584554e-15, -16.890471847469847, 0.34021675461394596, -8.651061134804136e-16, 16.89047184749696, 0.3402167557304752, -3.030303858665061e-15, 53.10952815273397, -0.34021675569809484, -1.7758543935807626e-14, 16.8904718474032, -0.9247078485902591, -9.425169610228685e-16, -0.19119738993376653, 0.9247078485867664, -1.1194061714000132e-15, 0.19119738994015442, 0.9247078477859847, -1.5780551938896808e-14, -0.19119739002565647, -0.9247078479252869, -4.138242476290367e-15, 0.19119739008856812, -16.161918255875044, 2.275043481744264e-15, -0.34021675562667464, 16.161918256006913, 1.895532844907673e-16, 0.34021675558271314, 16.161918255248995, 2.2971633774760756e-15, -0.34021675569809484, 53.838081744718764, 1.4073392140508631e-14, 0.34021675567680537, -2.5303964890232324e-14, -1.606236360339176e-28, -2.4648411548861833e-14, 2.5303964890583528e-14, -1.7216726841673385e-28, 2.4648411549009306e-14, 2.530396489553277e-14, -1.974037779713769e-27, -2.4648411548261974e-14, -2.530396489482837e-14, -4.801400691697333e-28, 2.4648411548594816e-14, 1.4073392145583487e-14, 3.7016576389143722e-28, -1.7758543935906552e-14, -1.4073392145574098e-14, 1.590564693232048e-28, 1.775854393591505e-14, -1.4073392140919488e-14, 2.279415487678551e-28, -1.7758543935807626e-14, 1.4073392140508631e-14, 70.0, 1.7758543935500658e-14, 0.06842317084125366, -8.380323651048588e-16, -0.6202205636147096, -0.06842317086730099, -1.7140231154403868e-15, 0.6202205636591643, -0.06842317186940633, -2.026593692465752e-14, -0.6202205637654117, 0.06842317164468487, -5.922709252466861e-15, 0.62022056389721, 0.34021675491359615, 3.670800368074868e-15, 16.890471847607024, -0.3402167545926555, 8.651061139775016e-16, -16.89047184763414, -0.3402167557091852, 3.0303038587231877e-15, 16.8904718474032, 0.34021675567680537, 1.7758543935500658e-14, 53.109528152459625]]}, {"__ndarray__": [[24], "float64", [9.872654167883846, 3.1177686247653753, 0.12525025604393325, 1.6239527922938854, 1.039256208255125, 4.227753055022232, 7.372256272382582, 1.039256208255125, 2.3017519115769804, 4.124350687795119, 3.1177686247653753, 2.051251399489223, 1.372027741028239, 3.1177686247653753, 1.7766638188322983, 10.124579219149597, 1.039256208255125, 2.5763394922338554, 4.376275739060538, 1.039256208255125, 3.9531654743653215, 7.120331221117212, 3.1177686247653753, 0.399837836700805]]}, {"__ndarray__": [[24], "float64", [-0.000110622629659003, -8.630463653236017e-18, -7.672645418562601e-05, 0.0001106226297176334, 1.1905009789123485e-18, 7.672645413422507e-05, 0.00011062263146497384, 2.5787728056974538e-17, -7.672645392932083e-05, -0.00011062263103503911, 3.0826148270046582e-18, 7.672645371435433e-05, -3.432062445343298e-05, -1.97368472828898e-18, -7.568501877704983e-05, 3.432062392956644e-05, 9.159126766820107e-18, 7.568501883782348e-05, 3.432062580017558e-05, -3.9417695392737332e-19, -7.568501846482085e-05, -3.432062576489347e-05, -2.3634339694428386e-17, 7.568501867041681e-05]]}, 0.2]