[{"__ndarray__": [[24, 24], "float64", [53.92271480713615, 2.014886192066166e-15, -0.1499321169634763, 16.07728519290126, 1.1846859399680816e-15, 0.1499321169614577, 16.07728519332284, -2.9624294514906304e-15, -0.14993211694335423, -16.077285193160435, 4.3296513120105286e-16, 0.14993211696476336, -0.7304340689267811, -8.811555344593253e-16, 0.0005134645683021882, 0.7304340687719691, -1.4935794556273978e-15, -0.0005134645558717565, 0.7304340691903426, -5.293985772287186e-16, 0.0005134645539747185, -0.7304340692146855, 2.7236355726950212e-15, -0.0005134645472323757, 2.014886192066166e-15, 70.0, -4.339582383659447e-16, -2.014886192044524e-15, 8.513101868568542e-30, 4.3395823837374e-16, -2.014886193289832e-15, -2.570820501421384e-29, -4.3395823834011875e-16, 2.014886192923195e-15, -1.0808043105547868e-29, 4.3395823836363893e-16, -3.628936969471463e-15, -6.377770835555949e-30, -3.5966738147274125e-16, 3.628936969812295e-15, -1.4953345227886335e-29, 3.5966738156709394e-16, 3.628936968522074e-15, 8.463206076703921e-30, -3.596673814312316e-16, -3.628936968456742e-15, 2.3525062450092803e-29, 3.596673814569029e-16, -0.1499321169634763, -4.339582383659447e-16, 53.34228690346485, 0.14993211696605385, 2.38585747309577e-16, 16.657713096523544, 0.14993211698976747, 9.057793502138273e-16, -16.65771309653284, -0.14993211696307793, 2.923877141443137e-15, 16.6577130965265, -0.18553161941565763, -2.4278599016037856e-16, 0.6891485976398872, 0.18553161939451135, 3.7765734498675753e-16, -0.6891485976461378, 0.18553161942331695, -2.8942850755450536e-15, 0.6891485976385376, -0.18553161945344876, -1.03533244445152e-15, -0.6891485976390707, 16.07728519290126, -2.014886192044524e-15, 0.14993211696605385, 53.92271480706135, -1.184685940071458e-15, -0.14993211696403472, -16.077285193360247, 2.962429451267909e-15, 0.1499321169459318, 16.077285193197838, -4.329651314465717e-16, -0.14993211696733974, 0.7304340688663713, 8.811555345517396e-16, -0.0005134645625195638, -0.7304340687115585, 1.4935794556174842e-15, 0.0005134645500901591, -0.7304340691299328, 5.293985774519859e-16, -0.0005134645481931904, 0.7304340691542749, -2.7236355725130078e-15, 0.0005134645414505701, 1.1846859399680816e-15, 8.513101868568542e-30, 2.38585747309577e-16, -1.184685940071458e-15, 70.0, -2.385857472688298e-16, -1.184685940814224e-15, -1.1000076414350915e-29, 2.385857472626892e-16, 1.1846859405130801e-15, -2.5562883583320483e-30, -2.3858574729241926e-16, -1.6454174568238798e-15, -3.1542137226868878e-30, 8.53388990991753e-17, 1.6454174570784705e-15, -6.382330624399802e-30, -8.533889915211635e-17, 1.6454174563429823e-15, 1.3856121632630613e-30, 8.533889913300511e-17, -1.6454174562727619e-15, 9.98225165160543e-30, -8.533889914218912e-17, 0.1499321169614577, 4.3395823837374e-16, 16.657713096523544, -0.14993211696403472, -2.385857472688298e-16, 53.34228690348803, -0.14993211698774897, -9.057793501964889e-16, 16.657713096521228, 0.14993211696105918, -2.923877141408495e-15, -16.65771309651489, 0.18553161942974178, 2.4278599011838507e-16, -0.6891485976339821, -0.18553161940859614, -3.7765734498806936e-16, 0.6891485976402344, -0.18553161943740298, 2.8942850755196555e-15, -0.6891485976326329, 0.1855316194675335, 1.035332444434415e-15, 0.6891485976331674, 16.07728519332284, -2.014886193289832e-15, 0.14993211698976747, -16.077285193360247, -1.184685940814224e-15, -0.14993211698774897, 53.92271480621818, 2.9624294510115394e-15, 0.14993211696964415, 16.077285193619414, -4.3296513268888486e-16, -0.14993211699105405, 0.7304340682969598, 8.811555351297526e-16, -0.0005134645113679392, -0.7304340681421484, 1.4935794564617752e-15, 0.0005134644989386039, -0.7304340685605207, 5.293985788319803e-16, -0.0005134644970419683, 0.730434068584864, -2.7236355721595787e-15, 0.0005134644903012631, -2.9624294514906304e-15, -2.570820501421384e-29, 9.057793502138273e-16, 2.962429451267909e-15, -1.1000076414350915e-29, -9.057793501964889e-16, 2.9624294510115394e-15, 70.0, 9.05779350156035e-16, -2.9624294512646213e-15, 1.4790074966590887e-29, -9.057793501697524e-16, 4.756250085173746e-15, 8.221583772593658e-30, 6.930227359965483e-16, -4.756250084838861e-15, 1.9549598905553974e-29, -6.930227361206264e-16, -4.756250085167506e-15, -1.1801511166678734e-29, 6.930227360293098e-16, 4.756250085307647e-15, -3.099981009091897e-29, -6.930227360449091e-16, -0.14993211694335423, -4.3395823834011875e-16, -16.65771309653284, 0.1499321169459318, 2.385857472626892e-16, 16.657713096521228, 0.14993211696964415, 9.05779350156035e-16, 53.342286903469486, -0.1499321169429556, 2.92387714137742e-15, 16.65771309652419, -0.18553161943140112, -2.4278599011754163e-16, 0.6891485976514303, 0.18553161941025623, 3.776573449642968e-16, -0.6891485976576815, 0.18553161943906143, -2.8942850754974873e-15, 0.6891485976500809, -0.18553161946919483, -1.0353324444205568e-15, -0.6891485976506144, -16.077285193160435, 2.014886192923195e-15, -0.14993211696307793, 16.077285193197838, 1.1846859405130801e-15, 0.14993211696105918, 16.077285193619414, -2.9624294512646213e-15, -0.1499321169429556, 53.92271480654298, 4.329651320780031e-16, 0.1499321169643647, -0.7304340685384574, -8.811555348903828e-16, 0.0005134645321139136, 0.7304340683836448, -1.493579456227801e-15, -0.0005134645196850501, 0.7304340688020181, -5.29398578194149e-16, 0.0005134645177870961, -0.730434068826362, 2.7236355724102795e-15, -0.0005134645110456693, 4.3296513120105286e-16, -1.0808043105547868e-29, 2.923877141443137e-15, -4.329651314465717e-16, -2.5562883583320483e-30, -2.923877141408495e-15, -4.3296513268888486e-16, 1.4790074966590887e-29, 2.92387714137742e-15, 4.329651320780031e-16, 70.0, -2.9238771413748593e-15, 6.739162013903883e-16, 1.7371816120416774e-30, 2.4657028401340974e-15, -6.739162006631873e-16, 8.474165209127808e-30, -2.4657028402405526e-15, -6.739162020589986e-16, -1.639709542101199e-29, 2.4657028401837656e-15, 6.739162022684407e-16, -1.4199039292070262e-29, -2.465702840195732e-15, 0.14993211696476336, 4.3395823836363893e-16, 16.6577130965265, -0.14993211696733974, -2.3858574729241926e-16, -16.65771309651489, -0.14993211699105405, -9.057793501697524e-16, 16.65771309652419, 0.1499321169643647, -2.9238771413748593e-15, 53.34228690348216, 0.18553161942752444, 2.4278599014059614e-16, -0.6891485976347694, -0.1855316194063785, -3.776573449814328e-16, 0.6891485976410214, -0.18553161943518484, 2.894285075491247e-15, -0.6891485976334206, 0.18553161946531593, 1.035332444419928e-15, 0.6891485976339538, -0.7304340689267811, -3.628936969471463e-15, -0.18553161941565763, 0.7304340688663713, -1.6454174568238798e-15, 0.18553161942974178, 0.7304340682969598, 4.756250085173746e-15, -0.18553161943140112, -0.7304340685384574, 6.739162013903883e-16, 0.18553161942752444, 53.54142259202869, 1.286841291241085e-15, -0.3202558262265831, 16.458577408217423, 2.770190305364232e-15, 0.32025582622244586, 16.458577407586073, -4.471401175224589e-16, -0.3202558261971072, -16.45857740752637, -4.259022244309096e-15, 0.32025582620573434, -8.811555344593253e-16, -6.377770835555949e-30, -2.4278599016037856e-16, 8.811555345517396e-16, -3.1542137226868878e-30, 2.4278599011838507e-16, 8.811555351297526e-16, 8.221583772593658e-30, -2.4278599011754163e-16, -8.811555348903828e-16, 1.7371816120416774e-30, 2.4278599014059614e-16, 1.286841291241085e-15, 70.0, -1.4331082652956467e-16, -1.2868412914469068e-15, 4.786531769257389e-30, 1.433108265799888e-16, -1.2868412908718183e-15, -8.932851360507918e-31, -1.4331082655549448e-16, 1.2868412908179265e-15, -7.439999376148022e-30, 1.4331082656412156e-16, 0.0005134645683021882, -3.5966738147274125e-16, 0.6891485976398872, -0.0005134645625195638, 8.53388990991753e-17, -0.6891485976339821, -0.0005134645113679392, 6.930227359965483e-16, 0.6891485976514303, 0.0005134645321139136, 2.4657028401340974e-15, -0.6891485976347694, -0.3202558262265831, -1.4331082652956467e-16, 53.18086394319676, 0.32025582622824966, 2.8261242590681477e-16, 16.81913605682095, 0.3202558262287689, -2.2916930140072286e-15, -16.819136056799014, -0.32025582623878524, -8.231468207303575e-16, 16.819136056814543, 0.7304340687719691, 3.628936969812295e-15, 0.18553161939451135, -0.7304340687115585, 1.6454174570784705e-15, -0.18553161940859614, -0.7304340681421484, -4.756250084838861e-15, 0.18553161941025623, 0.7304340683836448, -6.739162006631873e-16, -0.1855316194063785, 16.458577408217423, -1.2868412914469068e-15, 0.32025582622824966, 53.54142259153648, -2.770190305583682e-15, -0.3202558262241119, -16.458577407832166, 4.471401167733699e-16, 0.32025582619877324, 16.458577407772463, 4.259022243987375e-15, -0.32025582620740184, -1.4935794556273978e-15, -1.4953345227886335e-29, 3.7765734498675753e-16, 1.4935794556174842e-15, -6.382330624399802e-30, -3.7765734498806936e-16, 1.4935794564617752e-15, 1.9549598905553974e-29, 3.776573449642968e-16, -1.493579456227801e-15, 8.474165209127808e-30, -3.776573449814328e-16, 2.770190305364232e-15, 4.786531769257389e-30, 2.8261242590681477e-16, -2.770190305583682e-15, 70.0, -2.826124259722123e-16, -2.770190304704326e-15, -6.733184529749732e-30, 2.8261242587577585e-16, 2.7701903046705966e-15, -1.7895663602565904e-29, -2.8261242589427553e-16, -0.0005134645558717565, 3.5966738156709394e-16, -0.6891485976461378, 0.0005134645500901591, -8.533889915211635e-17, 0.6891485976402344, 0.0005134644989386039, -6.930227361206264e-16, -0.6891485976576815, -0.0005134645196850501, -2.4657028402405526e-15, 0.6891485976410214, 0.32025582622244586, 1.433108265799888e-16, 16.81913605682095, -0.3202558262241119, -2.826124259722123e-16, 53.180863943161334, -0.3202558262246326, 2.2916930140861893e-15, 16.819136056816753, 0.3202558262346446, 8.231468208083041e-16, -16.819136056832278, 0.7304340691903426, 3.628936968522074e-15, 0.18553161942331695, -0.7304340691299328, 1.6454174563429823e-15, -0.18553161943740298, -0.7304340685605207, -4.756250085167506e-15, 0.18553161943906143, 0.7304340688020181, -6.739162020589986e-16, -0.18553161943518484, 16.458577407586073, -1.2868412908718183e-15, 0.3202558262287689, -16.458577407832166, -2.770190304704326e-15, -0.3202558262246326, 53.54142259279918, 4.471401183200446e-16, 0.3202558261992948, 16.45857740714111, 4.259022244414975e-15, -0.3202558262079207, -5.293985772287186e-16, 8.463206076703921e-30, -2.8942850755450536e-15, 5.293985774519859e-16, 1.3856121632630613e-30, 2.8942850755196555e-15, 5.293985788319803e-16, -1.1801511166678734e-29, -2.8942850754974873e-15, -5.29398578194149e-16, -1.639709542101199e-29, 2.894285075491247e-15, -4.471401175224589e-16, -8.932851360507918e-31, -2.2916930140072286e-15, 4.471401167733699e-16, -6.733184529749732e-30, 2.2916930140861893e-15, 4.471401183200446e-16, 70.0, -2.291693014064859e-15, -4.471401185256391e-16, 1.1444026652866121e-29, 2.2916930140724832e-15, 0.0005134645539747185, -3.596673814312316e-16, 0.6891485976385376, -0.0005134645481931904, 8.533889913300511e-17, -0.6891485976326329, -0.0005134644970419683, 6.930227360293098e-16, 0.6891485976500809, 0.0005134645177870961, 2.4657028401837656e-15, -0.6891485976334206, -0.3202558261971072, -1.4331082655549448e-16, -16.819136056799014, 0.32025582619877324, 2.8261242587577585e-16, 16.819136056816753, 0.3202558261992948, -2.291693014064859e-15, 53.1808639432052, -0.3202558262093101, -8.231468207658278e-16, 16.81913605681034, -0.7304340692146855, -3.628936968456742e-15, -0.18553161945344876, 0.7304340691542749, -1.6454174562727619e-15, 0.1855316194675335, 0.730434068584864, 4.756250085307647e-15, -0.18553161946919483, -0.730434068826362, 6.739162022684407e-16, 0.18553161946531593, -16.45857740752637, 1.2868412908179265e-15, -0.32025582623878524, 16.458577407772463, 2.7701903046705966e-15, 0.3202558262346446, 16.45857740714111, -4.471401185256391e-16, -0.3202558262093101, 53.54142259291859, -4.259022244545394e-15, 0.3202558262179374, 2.7236355726950212e-15, 2.3525062450092803e-29, -1.03533244445152e-15, -2.7236355725130078e-15, 9.98225165160543e-30, 1.035332444434415e-15, -2.7236355721595787e-15, -3.099981009091897e-29, -1.0353324444205568e-15, 2.7236355724102795e-15, -1.4199039292070262e-29, 1.035332444419928e-15, -4.259022244309096e-15, -7.439999376148022e-30, -8.231468207303575e-16, 4.259022243987375e-15, -1.7895663602565904e-29, 8.231468208083041e-16, 4.259022244414975e-15, 1.1444026652866121e-29, -8.231468207658278e-16, -4.259022244545394e-15, 70.0, 8.231468207756854e-16, -0.0005134645472323757, 3.596673814569029e-16, -0.6891485976390707, 0.0005134645414505701, -8.533889914218912e-17, 0.6891485976331674, 0.0005134644903012631, -6.930227360449091e-16, -0.6891485976506144, -0.0005134645110456693, -2.465702840195732e-15, 0.6891485976339538, 0.32025582620573434, 1.4331082656412156e-16, 16.819136056814543, -0.32025582620740184, -2.8261242589427553e-16, -16.819136056832278, -0.3202558262079207, 2.2916930140724832e-15, 16.81913605681034, 0.3202558262179374, 8.231468207756854e-16, 53.18086394317414]]}, {"__ndarray__": [[24], "float64", [10.019660769970892, 3.164817447070687, 0.17128117327848905, 1.6504362348775172, 1.0549391490235625, 4.24741132256233, 7.4854847373016415, 1.0549391490235625, 2.3806274211988914, 4.184612267546719, 3.164817447070687, 2.038065074641928, 1.4282435585958084, 3.164817447070687, 1.710642964110344, 10.241853446252698, 1.0549391490235625, 2.7080495317304814, 4.406804943828308, 1.0549391490235625, 3.9199892120307482, 7.263292061020147, 3.164817447070687, 0.4987032838100641]]}, {"__ndarray__": [[24], "float64", [-0.0004135756923736537, 8.534414972743948e-20, -6.503409151961193e-05, 0.0004135756924843638, -3.3973753876103094e-18, 6.503409149291714e-05, 0.0004135756936807782, 2.3924088100736458e-18, -6.503409149920703e-05, -0.0004135756931885306, 1.199214823811127e-18, 6.503409150628318e-05, 0.0006597162722003548, 2.6346499355732173e-18, 7.715699031785332e-05, -0.0006597162726915404, 7.787001112322152e-19, -7.715699031036457e-05, -0.0006597162714378913, 3.0366284508358607e-19, 7.715699027582477e-05, 0.0006597162713261188, -2.663952556749825e-18, -7.715699026369417e-05]]}, 0.2]