[{"__ndarray__": [[24, 24], "float64", [54.09353051625913, 5.3373132856467e-15, -0.16375124588469267, 15.90646948381026, 2.863588906396727e-16, 0.16375124588243128, 15.906469483724042, -1.8993755669206e-14, -0.16375124590324486, -15.906469483823969, 2.993222214704554e-15, 0.1637512458957975, -0.9294257050565049, -3.901313102521788e-15, -0.027161888620079504, 0.9294257052697991, -2.935519422951132e-15, 0.027161888599521754, 0.9294257050666046, 9.52918369970338e-16, -0.027161888607108838, -0.9294257051182254, 1.6279325186378754e-14, 0.02716188864176578, 5.3373132856467e-15, 70.0, 1.730627120568925e-14, -5.33731328083463e-15, 2.7041204028550567e-28, -1.7306271204495576e-14, -5.337313291800225e-15, -1.438182422911312e-27, 1.7306271203786037e-14, 5.337313284742549e-15, -4.489129126690935e-28, -1.7306271204114746e-14, -1.3812822835319257e-14, -2.1173879013322703e-28, 8.651400470309137e-15, 1.381282284350258e-14, -8.923005956996557e-28, -8.651400471158267e-15, 1.3812822831419757e-14, 5.1753350868224905e-28, 8.651400469768274e-15, -1.3812822836657568e-14, 1.5507236938150925e-27, -8.651400469811489e-15, -0.16375124588469267, 1.730627120568925e-14, 53.305058387753526, 0.16375124578404524, 8.240905028506498e-15, 16.6949416122238, 0.16375124602740346, -3.804278432049795e-14, -16.69494161221051, -0.16375124590140805, -1.1578911198400805e-14, 16.694941612212443, -0.17249959409879734, -6.378874782914085e-15, 0.600812837683383, 0.17249959399843479, -2.0972502358658112e-14, -0.600812837663995, 0.17249959419898486, 1.2743980749340005e-14, 0.6008128377007643, -0.17249959409966248, 4.0037536726126926e-14, -0.6008128376776812, 15.90646948381026, -5.33731328083463e-15, 0.16375124578404524, 54.093530516120325, -2.863588920006952e-16, -0.16375124578178452, -15.90646948379345, 1.89937556657318e-14, 0.1637512458025983, 15.90646948389338, -2.9932222164559333e-15, -0.16375124579514963, 0.9294257053245893, 3.9013131031171355e-15, 0.02716188853838479, -0.9294257055378812, 2.9355194191637594e-15, -0.027161888517827228, -0.9294257053346877, -9.529183677582561e-16, 0.027161888525414443, 0.9294257053863103, -1.627932518349432e-14, -0.027161888560072192, 2.863588906396727e-16, 2.7041204028550567e-28, 8.240905028506498e-15, -2.863588920006952e-16, 70.0, -8.240905028869958e-15, -2.8635888967679105e-16, -5.605159017060123e-28, 8.240905029174149e-15, 2.8635889195446086e-16, -1.6404511746862865e-28, -8.240905028967871e-15, -3.0199460311253823e-15, -8.858753180045934e-29, 4.490152810108417e-15, 3.019946028028805e-15, -3.341138682995243e-28, -4.4901528098059766e-15, 3.0199460311865876e-15, 1.8287800503180278e-28, 4.4901528101707924e-15, -3.0199460294385886e-15, 6.010643131986503e-28, -4.4901528101482815e-15, 0.16375124588243128, -1.7306271204495576e-14, 16.6949416122238, -0.16375124578178452, -8.240905028869958e-15, 53.305058387798894, -0.1637512460251429, 3.804278431972343e-14, 16.694941612187822, 0.16375124589914725, 1.157891119832251e-14, -16.694941612189755, 0.1724995941512607, 6.378874782968107e-15, -0.6008128377056573, -0.1724995940508945, 2.097250235783885e-14, 0.6008128376862694, -0.17249959425144806, -1.2743980749095439e-14, -0.6008128377230422, 0.17249959415212246, -4.003753672555743e-14, 0.6008128376999538, 15.906469483724042, -5.337313291800225e-15, 0.16375124602740346, -15.90646948379345, -2.8635888967679105e-16, -0.1637512460251429, 54.09353051629279, 1.8993755674235533e-14, 0.16375124604595825, 15.906469483807166, -2.99322221189022e-15, -0.16375124603851005, 0.9294257047368703, 3.901313102387927e-15, 0.027161888748485893, -0.9294257049501641, 2.9355194277636e-15, -0.027161888727927706, -0.9294257047469696, -9.529183734735092e-16, 0.027161888735514894, 0.9294257047985905, -1.6279325190421395e-14, -0.027161888770172254, -1.8993755669206e-14, -1.438182422911312e-27, -3.804278432049795e-14, 1.89937556657318e-14, -5.605159017060123e-28, 3.804278431972343e-14, 1.8993755674235533e-14, 70.0, -3.804278431909109e-14, -1.8993755669939735e-14, 8.6161662819257e-28, 3.8042784319557504e-14, 3.119435112412264e-14, 4.6821353107335795e-28, -2.1746410212812115e-14, -3.1194351129510636e-14, 1.771274159145482e-27, 2.1746410213829733e-14, -3.1194351120059994e-14, -1.0175362546212919e-27, -2.1746410213025215e-14, 3.119435112302269e-14, -3.222002183112887e-27, 2.1746410212682843e-14, -0.16375124590324486, 1.7306271203786037e-14, -16.69494161221051, 0.1637512458025983, 8.240905029174149e-15, 16.694941612187822, 0.16375124604595825, -3.804278431909109e-14, 53.305058387825476, -0.1637512459199621, -1.157891119811253e-14, 16.694941612176464, -0.17249959419973127, -6.37887478312976e-15, 0.6008128377190931, 0.17249959409936777, -2.0972502357323176e-14, -0.6008128376997054, 0.17249959429992096, 1.274398074876602e-14, 0.6008128377364773, -0.17249959420059596, 4.003753672507375e-14, -0.6008128377133912, -15.906469483823969, 5.337313284742549e-15, -0.16375124590140805, 15.90646948389338, 2.8635889195446086e-16, 0.16375124589914725, 15.906469483807166, -1.8993755669939735e-14, -0.1637512459199621, 54.09353051609291, 2.993222214421991e-15, 0.16375124591251505, -0.9294257051780302, -3.901313103157416e-15, -0.027161888601658753, 0.9294257053913217, -2.9355194225305712e-15, 0.027161888581100635, 0.9294257051881282, 9.52918369839268e-16, -0.0271618885886879, -0.9294257052397492, 1.627932518731019e-14, 0.027161888623345058, 2.993222214704554e-15, -4.489129126690935e-28, -1.1578911198400805e-14, -2.9932222164559333e-15, -1.6404511746862865e-28, 1.157891119832251e-14, -2.99322221189022e-15, 8.6161662819257e-28, -1.157891119811253e-14, 2.993222214421991e-15, 70.0, 1.1578911197762702e-14, 1.3210995964028514e-14, 9.978188798657868e-29, -7.49155986274263e-15, -1.3210995965575661e-14, 6.196908411163911e-28, 7.491559862864199e-15, -1.3210995961794995e-14, -4.426049952128271e-28, -7.491559862299178e-15, 1.3210995963420926e-14, -9.562040913522074e-28, 7.491559862575383e-15, 0.1637512458957975, -1.7306271204114746e-14, 16.694941612212443, -0.16375124579514963, -8.240905028967871e-15, -16.694941612189755, -0.16375124603851005, 3.8042784319557504e-14, 16.694941612176464, 0.16375124591251505, 1.1578911197762702e-14, 53.3050583878216, 0.1724995941905641, 6.3788747830986245e-15, -0.6008128377150148, -0.1724995940901981, 2.097250235740025e-14, 0.6008128376956253, -0.1724995942907514, -1.2743980748494374e-14, -0.6008128377323965, 0.17249959419142746, -4.003753672537933e-14, 0.6008128377093109, -0.9294257050565049, -1.3812822835319257e-14, -0.17249959409879734, 0.9294257053245893, -3.0199460311253823e-15, 0.1724995941512607, 0.9294257047368703, 3.119435112412264e-14, -0.17249959419973127, -0.9294257051780302, 1.3210995964028514e-14, 0.1724995941905641, 54.011905992390695, 3.0303806521011516e-15, -0.34969630910827043, 15.988094008161024, 1.892839276246257e-14, 0.34969630906411653, 15.988094007444879, -1.8901615648670632e-14, -0.3496963091265323, -15.988094007723848, -3.211610862987216e-14, 0.349696309163552, -3.901313102521788e-15, -2.1173879013322703e-28, -6.378874782914085e-15, 3.9013131031171355e-15, -8.858753180045934e-29, 6.378874782968107e-15, 3.901313102387927e-15, 4.6821353107335795e-28, -6.37887478312976e-15, -3.901313103157416e-15, 9.978188798657868e-29, 6.3788747830986245e-15, 3.0303806521011516e-15, 70.0, -3.6287726362237e-15, -3.0303806508541644e-15, 2.440390937665097e-28, 3.62877263610182e-15, -3.0303806519054233e-15, -1.1889807156173454e-28, -3.6287726363169105e-15, 3.030380651224702e-15, -4.878580471113803e-28, 3.6287726362007e-15, -0.027161888620079504, 8.651400470309137e-15, 0.600812837683383, 0.02716188853838479, 4.490152810108417e-15, -0.6008128377056573, 0.027161888748485893, -2.1746410212812115e-14, 0.6008128377190931, -0.027161888601658753, -7.49155986274263e-15, -0.6008128377150148, -0.34969630910827043, -3.6287726362237e-15, 53.107584880631016, 0.34969630897752535, -1.0340004702911918e-14, 16.892415119380832, 0.3496963091887979, 9.038449777282264e-15, -16.89241511935417, -0.34969630908739174, 2.1864028624013262e-14, 16.892415119360503, 0.9294257052697991, 1.381282284350258e-14, 0.17249959399843479, -0.9294257055378812, 3.019946028028805e-15, -0.1724995940508945, -0.9294257049501641, -3.1194351129510636e-14, 0.17249959409936777, 0.9294257053913217, -1.3210995965575661e-14, -0.1724995940901981, 15.988094008161024, -3.0303806508541644e-15, 0.34969630897752535, 54.01190599128725, -1.8928392768416477e-14, -0.349696308933372, -15.988094007996608, 1.8901615651344558e-14, 0.3496963089957873, 15.98809400827558, 3.211610863395603e-14, -0.3496963090328057, -2.935519422951132e-15, -8.923005956996557e-28, -2.0972502358658112e-14, 2.9355194191637594e-15, -3.341138682995243e-28, 2.097250235783885e-14, 2.9355194277636e-15, 1.771274159145482e-27, -2.0972502357323176e-14, -2.9355194225305712e-15, 6.196908411163911e-28, 2.097250235740025e-14, 1.892839276246257e-14, 2.440390937665097e-28, -1.0340004702911918e-14, -1.8928392768416477e-14, 70.0, 1.0340004703467844e-14, -1.892839275920183e-14, -7.082092944753897e-28, -1.0340004702288502e-14, 1.8928392763317514e-14, -1.9318989758948912e-27, 1.034000470248242e-14, 0.027161888599521754, -8.651400471158267e-15, -0.600812837663995, -0.027161888517827228, -4.4901528098059766e-15, 0.6008128376862694, -0.027161888727927706, 2.1746410213829733e-14, -0.6008128376997054, 0.027161888581100635, 7.491559862864199e-15, 0.6008128376956253, 0.34969630906411653, 3.62877263610182e-15, 16.892415119380832, -0.349696308933372, 1.0340004703467844e-14, 53.107584880607305, -0.3496963091446443, -9.03844977751476e-15, 16.89241511936603, 0.3496963090432378, -2.1864028624826407e-14, -16.892415119372373, 0.9294257050666046, 1.3812822831419757e-14, 0.17249959419898486, -0.9294257053346877, 3.0199460311865876e-15, -0.17249959425144806, -0.9294257047469696, -3.1194351120059994e-14, 0.17249959429992096, 0.9294257051881282, -1.3210995961794995e-14, -0.1724995942907514, 15.988094007444879, -3.0303806519054233e-15, 0.3496963091887979, -15.988094007996608, -1.892839275920183e-14, -0.3496963091446443, 54.01190599271954, 1.890161564613108e-14, 0.3496963092070591, 15.988094007559438, 3.211610862634938e-14, -0.3496963092440764, 9.52918369970338e-16, 5.1753350868224905e-28, 1.2743980749340005e-14, -9.529183677582561e-16, 1.8287800503180278e-28, -1.2743980749095439e-14, -9.529183734735092e-16, -1.0175362546212919e-27, 1.274398074876602e-14, 9.52918369839268e-16, -4.426049952128271e-28, -1.2743980748494374e-14, -1.8901615648670632e-14, -1.1889807156173454e-28, 9.038449777282264e-15, 1.8901615651344558e-14, -7.082092944753897e-28, -9.03844977751476e-15, 1.890161564613108e-14, 70.0, 9.038449776885344e-15, -1.8901615648481804e-14, 1.1164051191962188e-27, -9.038449777092445e-15, -0.027161888607108838, 8.651400469768274e-15, 0.6008128377007643, 0.027161888525414443, 4.4901528101707924e-15, -0.6008128377230422, 0.027161888735514894, -2.1746410213025215e-14, 0.6008128377364773, -0.0271618885886879, -7.491559862299178e-15, -0.6008128377323965, -0.3496963091265323, -3.6287726363169105e-15, -16.89241511935417, 0.3496963089957873, -1.0340004702288502e-14, 16.89241511936603, 0.3496963092070591, 9.038449776885344e-15, 53.107584880660625, -0.349696309105653, 2.186402862411341e-14, 16.892415119345696, -0.9294257051182254, -1.3812822836657568e-14, -0.17249959409966248, 0.9294257053863103, -3.0199460294385886e-15, 0.17249959415212246, 0.9294257047985905, 3.119435112302269e-14, -0.17249959420059596, -0.9294257052397492, 1.3210995963420926e-14, 0.17249959419142746, -15.988094007723848, 3.030380651224702e-15, -0.34969630908739174, 15.98809400827558, 1.8928392763317514e-14, 0.3496963090432378, 15.988094007559438, -1.8901615648481804e-14, -0.349696309105653, 54.011905992161616, -3.2116108628702237e-14, 0.34969630914267347, 1.6279325186378754e-14, 1.5507236938150925e-27, 4.0037536726126926e-14, -1.627932518349432e-14, 6.010643131986503e-28, -4.003753672555743e-14, -1.6279325190421395e-14, -3.222002183112887e-27, 4.003753672507375e-14, 1.627932518731019e-14, -9.562040913522074e-28, -4.003753672537933e-14, -3.211610862987216e-14, -4.878580471113803e-28, 2.1864028624013262e-14, 3.211610863395603e-14, -1.9318989758948912e-27, -2.1864028624826407e-14, 3.211610862634938e-14, 1.1164051191962188e-27, 2.186402862411341e-14, -3.2116108628702237e-14, 70.0, -2.186402862389988e-14, 0.02716188864176578, -8.651400469811489e-15, -0.6008128376776812, -0.027161888560072192, -4.4901528101482815e-15, 0.6008128376999538, -0.027161888770172254, 2.1746410212682843e-14, -0.6008128377133912, 0.027161888623345058, 7.491559862575383e-15, 0.6008128377093109, 0.349696309163552, 3.6287726362007e-15, 16.892415119360503, -0.3496963090328057, 1.034000470248242e-14, -16.892415119372373, -0.3496963092440764, -9.038449777092445e-15, 16.892415119345696, 0.34969630914267347, -2.186402862389988e-14, 53.10758488064796]]}, {"__ndarray__": [[24], "float64", [9.783946683162679, 3.0864027432284997, 0.13462112059379525, 1.5970002472346108, 1.0288009144095, 4.174589400622609, 7.287473712433142, 1.0288009144095, 2.289226381201965, 4.09347321796401, 3.0864027432284997, 2.0199841400144134, 1.3467137349997127, 3.0864027432284997, 1.780744320495265, 10.034233195397631, 1.0288009144095, 2.528466200721125, 4.343759730198875, 1.0288009144095, 3.9353495811034414, 7.037187200198317, 3.0864027432284997, 0.3738609401129426]]}, {"__ndarray__": [[24], "float64", [0.00012520132959634544, 1.2999277020680793e-15, -0.0002747395404218754, -0.00012520133003420236, -1.1956497763432341e-15, 0.0002747395403347036, -0.00012520132901088922, -1.3818074783303488e-15, -0.00027473954026577133, 0.0001252013297336232, 1.2707590117840789e-15, 0.00027473954027960705, 0.0006605197778413118, 8.936171736184774e-16, -0.00020139397466678187, -0.0006605197786098002, -1.0043201519033834e-15, 0.00020139397473702288, -0.0006605197774991412, -9.721951819948876e-16, -0.00020139397461767998, 0.0006605197779827579, 1.0918843642436598e-15, 0.00020139397462079635]]}, 0.2]