[{"__ndarray__": [[24, 24], "float64", [54.018124301297306, -1.228409080978673e-15, -0.20773014330217238, 15.98187569896124, -3.031745769953799e-15, 0.20773014312936416, 15.981875698455672, 2.3654288296746876e-15, -0.2077301433677781, -15.981875699116092, 5.160862178431356e-15, 0.20773014352318414, -0.8660345506977593, 2.220277791237932e-15, -0.05029302074118726, 0.8660345512890728, 3.028704515879365e-16, 0.050293020886916256, 0.8660345508815105, -4.256454094975053e-15, -0.05029302096635789, -0.8660345509427216, -2.356301029454769e-15, 0.05029302090319632, -1.228409080978673e-15, 70.0, 7.271320177614595e-16, 1.2284090818643664e-15, 1.5082557233430734e-30, -7.271320180995168e-16, 1.2284090799049917e-15, -1.5362393728602194e-30, 7.271320175107298e-16, -1.228409082073492e-15, 7.895457528737222e-31, -7.271320170658e-16, 2.1605285760900384e-15, -3.6574872085345525e-30, 4.704011972429719e-16, -2.160528574088493e-15, -3.436624586970343e-30, -4.704011969486079e-16, -2.1605285757893014e-15, -8.65424530408389e-31, 4.704011965127465e-16, 2.1605285751586414e-15, 7.2626138657754655e-31, -4.704011967795023e-16, -0.20773014330217238, 7.271320177614595e-16, 53.358346965395036, 0.20773014344718438, -3.40024859047413e-15, 16.641653034450947, 0.20773014305894552, -2.4502879050728144e-15, -16.641653034670917, -0.2077301436273675, 5.909774461468125e-15, 16.641653034792867, -0.1482454164666655, 1.6158341616979021e-15, 0.6535805359642506, 0.1482454170003744, -1.8122843033960955e-15, -0.6535805358698755, 0.14824541663420843, -4.2920120502152554e-15, 0.6535805358060287, -0.14824541670174313, 2.5309768235954045e-15, -0.653580535834277, 15.98187569896124, 1.2284090818643664e-15, 0.20773014344718438, 54.018124300780215, 3.0317457699514026e-15, -0.20773014327437747, -15.981875698714223, -2.365428830523825e-15, 0.20773014351279043, 15.98187569937465, -5.160862179697669e-15, -0.2077301436681969, 0.8660345506671652, -2.2202777913393307e-15, 0.05029302085602534, -0.8660345512584766, -3.02870452113075e-16, -0.050293021001753244, -0.8660345508509164, 4.256454096139536e-15, 0.050293021081196584, 0.8660345509121252, 2.356301030362494e-15, -0.05029302101803462, -3.031745769953799e-15, 1.5082557233430734e-30, -3.40024859047413e-15, 3.0317457699514026e-15, 70.0, 3.400248590768432e-15, 3.0317457702054276e-15, 6.635282669425271e-30, -3.4002485903776496e-15, -3.0317457696569027e-15, -4.9390061572487794e-29, 3.4002485901746667e-15, 2.654400544550956e-15, -1.731452792936928e-29, -1.8969633097061826e-15, -2.654400545184389e-15, 8.486526626130908e-30, 1.8969633095834974e-15, -2.654400544847572e-15, 3.5523391569406344e-29, -1.896963309414774e-15, 2.654400544810656e-15, -7.835909940462417e-30, 1.896963309486848e-15, 0.20773014312936416, -7.271320180995168e-16, 16.641653034450947, -0.20773014327437747, 3.400248590768432e-15, 53.35834696570305, -0.2077301428861371, 2.450287905335527e-15, 16.64165303451689, 0.2077301434545601, -5.909774460563486e-15, -16.64165303463883, 0.1482454164193714, -1.6158341619987088e-15, -0.653580536100488, -0.1482454169530783, 1.8122843035528894e-15, 0.6535805360061144, -0.14824541658691331, 4.29201204940076e-15, -0.6535805359422672, 0.14824541665444874, -2.530976823831197e-15, 0.6535805359705131, 15.981875698455672, 1.2284090799049917e-15, 0.20773014305894552, -15.981875698714223, 3.0317457702054276e-15, -0.2077301428861371, 54.01812430179134, -2.365428829431693e-15, 0.20773014312455057, 15.981875698869082, -5.160862176742445e-15, -0.20773014327995637, 0.8660345507555192, -2.220277791618952e-15, 0.05029302055427118, -0.8660345513468313, -3.0287045081541026e-16, -0.05029302069999754, -0.8660345509392704, 4.256454093658552e-15, 0.05029302077944116, 0.8660345510004799, 2.356301029190175e-15, -0.050293020716279155, 2.3654288296746876e-15, -1.5362393728602194e-30, -2.4502879050728144e-15, -2.365428830523825e-15, 6.635282669425271e-30, 2.450287905335527e-15, -2.365428829431693e-15, 70.0, -2.4502879049426547e-15, 2.3654288308529445e-15, -1.0077034764204913e-29, 2.4502879047456344e-15, -1.6235216301405694e-16, -3.1425163586127982e-30, -1.587157074277407e-15, 1.6235216185031365e-16, 4.485648403857897e-30, 1.58715707407304e-15, 1.6235216270835805e-16, 6.2253692296288674e-30, -1.5871570738156507e-15, -1.6235216223760097e-16, -1.0593813449940542e-29, 1.587157074006386e-15, -0.2077301433677781, 7.271320175107298e-16, -16.641653034670917, 0.20773014351279043, -3.4002485903776496e-15, 16.64165303451689, 0.20773014312455057, -2.4502879049426547e-15, 53.35834696526316, -0.207730143692974, 5.909774461935478e-15, 16.641653034858802, -0.14824541645368922, 1.6158341615440965e-15, 0.6535805359161952, 0.14824541698739813, -1.8122843032223922e-15, -0.6535805358218214, 0.14824541662123264, -4.292012050573389e-15, 0.6535805357579755, -0.14824541668876662, 2.530976823479308e-15, -0.6535805357862208, -15.981875699116092, -1.228409082073492e-15, -0.2077301436273675, 15.98187569937465, -3.0317457696569027e-15, 0.2077301434545601, 15.981875698869082, 2.3654288308529445e-15, -0.207730143692974, 54.01812430047049, 5.160862180676929e-15, 0.2077301438483792, -0.8660345507244809, 2.2202777910080012e-15, -0.05029302101055659, 0.8660345513157938, 3.028704521721163e-16, 0.05029302115628426, 0.8660345509082354, -4.256454097059374e-15, -0.05029302123572718, -0.8660345509694398, -2.356301030641873e-15, 0.05029302117256451, 5.160862178431356e-15, 7.895457528737222e-31, 5.909774461468125e-15, -5.160862179697669e-15, -4.9390061572487794e-29, -5.909774460563486e-15, -5.160862176742445e-15, -1.0077034764204913e-29, 5.909774461935478e-15, 5.160862180676929e-15, 70.0, -5.909774462649108e-15, -3.637180227742223e-15, 2.6742577599833964e-29, 3.581652854745675e-15, 3.637180224179311e-15, -1.567165292467295e-29, -3.581652855234295e-15, 3.637180227045626e-15, -6.057480190946001e-29, 3.5816528560123756e-15, -3.63718022606332e-15, 1.1393135721096793e-29, -3.581652855648292e-15, 0.20773014352318414, -7.271320170658e-16, 16.641653034792867, -0.2077301436681969, 3.4002485901746667e-15, -16.64165303463883, -0.20773014327995637, 2.4502879047456344e-15, 16.641653034858802, 0.2077301438483792, -5.909774462649108e-15, 53.35834696501925, 0.14824541647314032, -1.615834161332445e-15, -0.6535805358218703, -0.1482454170068485, 1.812284302926738e-15, 0.6535805357274941, -0.14824541664068286, 4.292012051206725e-15, -0.6535805356636476, 0.1482454167082185, -2.530976823284161e-15, 0.6535805356918946, -0.8660345506977593, 2.1605285760900384e-15, -0.1482454164666655, 0.8660345506671652, 2.654400544550956e-15, 0.1482454164193714, 0.8660345507555192, -1.6235216301405694e-16, -0.14824541645368922, -0.8660345507244809, -3.637180227742223e-15, 0.14824541647314032, 53.78166316711627, -2.5769463519819654e-15, -0.3197751286056248, 16.218336832825663, -5.419938768081589e-16, 0.3197751286390685, 16.218336832983816, 2.9281882891124434e-15, -0.31977512857570833, -16.218336832796737, -9.990513181818848e-17, 0.3197751285825614, 2.220277791237932e-15, -3.6574872085345525e-30, 1.6158341616979021e-15, -2.2202777913393307e-15, -1.731452792936928e-29, -1.6158341619987088e-15, -2.220277791618952e-15, -3.1425163586127982e-30, 1.6158341615440965e-15, 2.2202777910080012e-15, 2.6742577599833964e-29, -1.615834161332445e-15, -2.5769463519819654e-15, 70.0, 9.582344428376e-16, 2.576946352654648e-15, -3.0872258863370538e-30, -9.582344427399843e-16, 2.576946352254843e-15, -1.918578137446665e-29, 9.58234442535845e-16, -2.5769463522910714e-15, 4.1694795093041396e-30, -9.582344425848903e-16, -0.05029302074118726, 4.704011972429719e-16, 0.6535805359642506, 0.05029302085602534, -1.8969633097061826e-15, -0.653580536100488, 0.05029302055427118, -1.587157074277407e-15, 0.6535805359161952, -0.05029302101055659, 3.581652854745675e-15, -0.6535805358218703, -0.3197751286056248, 9.582344428376e-16, 53.16048632159944, 0.31977512904024996, -1.1260314645747805e-15, 16.839513678483527, 0.3197751287423176, -2.8677971942927794e-15, -16.839513678539305, -0.3197751287885535, 1.5716189598750759e-15, 16.83951367850649, 0.8660345512890728, -2.160528574088493e-15, 0.1482454170003744, -0.8660345512584766, -2.654400545184389e-15, -0.1482454169530783, -0.8660345513468313, 1.6235216185031365e-16, 0.14824541698739813, 0.8660345513157938, 3.637180224179311e-15, -0.1482454170068485, 16.218336832825663, 2.576946352654648e-15, 0.31977512904024996, 53.781663167232374, 5.419938756216938e-16, -0.31977512907369254, -16.218336832925765, -2.9281882861054224e-15, 0.31977512901033434, 16.218336832738686, 9.990513299766816e-17, -0.31977512901718486, 3.028704515879365e-16, -3.436624586970343e-30, -1.8122843033960955e-15, -3.02870452113075e-16, 8.486526626130908e-30, 1.8122843035528894e-15, -3.0287045081541026e-16, 4.485648403857897e-30, -1.8122843032223922e-15, 3.028704521721163e-16, -1.567165292467295e-29, 1.812284302926738e-15, -5.419938768081589e-16, -3.0872258863370538e-30, -1.1260314645747805e-15, 5.419938756216938e-16, 70.0, 1.12603146439418e-15, 5.419938766267362e-16, 1.1322597873208293e-29, -1.126031464111939e-15, -5.419938762248616e-16, -4.425259370954754e-30, 1.1260314642868143e-15, 0.050293020886916256, -4.704011969486079e-16, -0.6535805358698755, -0.050293021001753244, 1.8969633095834974e-15, 0.6535805360061144, -0.05029302069999754, 1.58715707407304e-15, -0.6535805358218214, 0.05029302115628426, -3.581652855234295e-15, 0.6535805357274941, 0.3197751286390685, -9.582344427399843e-16, 16.839513678483527, -0.31977512907369254, 1.12603146439418e-15, 53.160486321433496, -0.31977512877576164, 2.867797194736341e-15, 16.839513678622264, 0.3197751288219952, -1.5716189596602684e-15, -16.839513678589455, 0.8660345508815105, -2.1605285757893014e-15, 0.14824541663420843, -0.8660345508509164, -2.654400544847572e-15, -0.14824541658691331, -0.8660345509392704, 1.6235216270835805e-16, 0.14824541662123264, 0.8660345509082354, 3.637180227045626e-15, -0.14824541664068286, 16.218336832983816, 2.576946352254843e-15, 0.3197751287423176, -16.218336832925765, 5.419938766267362e-16, -0.31977512877576164, 53.78166316691608, -2.9281882884849787e-15, 0.3197751287123994, 16.21833683289684, 9.9905132129649e-17, -0.3197751287192523, -4.256454094975053e-15, -8.65424530408389e-31, -4.2920120502152554e-15, 4.256454096139536e-15, 3.5523391569406344e-29, 4.29201204940076e-15, 4.256454093658552e-15, 6.2253692296288674e-30, -4.292012050573389e-15, -4.256454097059374e-15, -6.057480190946001e-29, 4.292012051206725e-15, 2.9281882891124434e-15, -1.918578137446665e-29, -2.8677971942927794e-15, -2.9281882861054224e-15, 1.1322597873208293e-29, 2.867797194736341e-15, -2.9281882884849787e-15, 70.0, -2.86779719540343e-15, 2.9281882876902258e-15, -6.950927107799006e-30, 2.8677971950668862e-15, -0.05029302096635789, 4.704011965127465e-16, 0.6535805358060287, 0.050293021081196584, -1.896963309414774e-15, -0.6535805359422672, 0.05029302077944116, -1.5871570738156507e-15, 0.6535805357579755, -0.05029302123572718, 3.5816528560123756e-15, -0.6535805356636476, -0.31977512857570833, 9.58234442535845e-16, -16.839513678539305, 0.31977512901033434, -1.126031464111939e-15, 16.839513678622264, 0.3197751287123994, -2.86779719540343e-15, 53.160486321321955, -0.3197751287586357, 1.5716189594151187e-15, 16.83951367864522, -0.8660345509427216, 2.1605285751586414e-15, -0.14824541670174313, 0.8660345509121252, 2.654400544810656e-15, 0.14824541665444874, 0.8660345510004799, -1.6235216223760097e-16, -0.14824541668876662, -0.8660345509694398, -3.63718022606332e-15, 0.1482454167082185, -16.218336832796737, -2.5769463522910714e-15, -0.3197751287885535, 16.218336832738686, -5.419938762248616e-16, 0.3197751288219952, 16.21833683289684, 2.9281882876902258e-15, -0.3197751287586357, 53.78166316729023, -9.990513258917123e-17, 0.3197751287654874, -2.356301029454769e-15, 7.2626138657754655e-31, 2.5309768235954045e-15, 2.356301030362494e-15, -7.835909940462417e-30, -2.530976823831197e-15, 2.356301029190175e-15, -1.0593813449940542e-29, 2.530976823479308e-15, -2.356301030641873e-15, 1.1393135721096793e-29, -2.530976823284161e-15, -9.990513181818848e-17, 4.1694795093041396e-30, 1.5716189598750759e-15, 9.990513299766816e-17, -4.425259370954754e-30, -1.5716189596602684e-15, 9.9905132129649e-17, -6.950927107799006e-30, 1.5716189594151187e-15, -9.990513258917123e-17, 70.0, -1.57161895961743e-15, 0.05029302090319632, -4.704011967795023e-16, -0.653580535834277, -0.05029302101803462, 1.896963309486848e-15, 0.6535805359705131, -0.050293020716279155, 1.587157074006386e-15, -0.6535805357862208, 0.05029302117256451, -3.581652855648292e-15, 0.6535805356918946, 0.3197751285825614, -9.582344425848903e-16, 16.83951367850649, -0.31977512901718486, 1.1260314642868143e-15, -16.839513678589455, -0.3197751287192523, 2.8677971950668862e-15, 16.83951367864522, 0.3197751287654874, -1.57161895961743e-15, 53.160486321387594]]}, {"__ndarray__": [[24], "float64", [9.871727009942763, 3.1177686247653753, 0.13681021530602644, 1.6248799502349307, 1.039256208255125, 4.216193095760174, 7.373183430323882, 1.039256208255125, 2.3133118708391103, 4.123423529853992, 3.1177686247653753, 2.039691440227007, 1.3705102165527683, 3.1177686247653753, 1.7605770614779466, 10.12609674362482, 1.039256208255125, 2.5924262495881663, 4.377793263536049, 1.039256208255125, 3.937078717011073, 7.118813696641685, 3.1177686247653753, 0.4159245940550925]]}, {"__ndarray__": [[24], "float64", [-0.0005104585586266461, -2.565607216717291e-18, -0.0005036137805996134, 0.0005104585589379194, -4.8386162770018074e-18, 0.0005036137803305833, 0.0005104585581808824, -4.914160439246595e-18, -0.0005036137807113035, -0.0005104585592173162, -1.6942196454478382e-18, 0.0005036137809117199, 0.00026311942780807957, 6.667483668155562e-18, -0.0003484621437285268, -0.0002631194268079766, -1.893346287380872e-18, 0.00034846214390233526, -0.00026311942759355065, 2.650116721372506e-18, -0.00034846214409597496, 0.0002631194273186013, 7.811706750990525e-18, 0.000348462143990776]]}, 0.2]