atom_pair_direct: 0.0008708728490164503
hf_hardy: 0.15428922803903697
hf_unfolded: 0.0012123467850033193
