atom_pair_direct: 0.0005667878130334429
hf_hardy: 0.09259803877101512
hf_unfolded: 0.0009569584730197675
