atom_pair_direct: [9.080540117452074e-07, 8.978766806535532e-07, 9.024551465017794e-07]
finite_differences_1e-04: [2.119223222803157e-05, 2.1207958695299567e-05, 2.1206490911140463e-05]
strain_direct: [1.2780235288119002e-06, 1.273436851590759e-06, 1.2720909624022169e-06]
strain_graph: [9.80625549289016e-07, 9.790468027404131e-07, 9.773641112928999e-07]
strain_system: [1.3288111055089758e-06, 1.3123465097919506e-06, 1.3107610048450623e-06]
unfolded_direct_unfolded: [6.454627236394117e-07, 6.472453525816491e-07, 6.464264189958157e-07]
unfolded_strain_unfolded: [6.68513718721897e-07, 6.688240541734558e-07, 6.699156142531137e-07]
