atom_pair_direct: [1.237479756969993e-06, 1.23016573841731e-06, 1.2244337012816686e-06]
finite_differences_1e-04: [3.8237587817194354e-05, 3.9313140336835876e-05, 3.838686792705967e-05]
strain_direct: [1.6473959038665742e-06, 1.6419178356483354e-06, 1.639282499969273e-06]
strain_graph: [1.300072185215497e-06, 1.3016748726605092e-06, 1.3078648495408103e-06]
strain_system: [1.8095658772465497e-06, 1.7900342222505802e-06, 1.7769597407432565e-06]
unfolded_direct_unfolded: [1.0376012649902367e-06, 1.0406271308225029e-06, 1.0391296401158562e-06]
unfolded_strain_unfolded: [1.0939135544403043e-06, 1.0869804571956156e-06, 1.0897890532322451e-06]
