atom_pair_direct: [4.5268127979625203e-07, 4.527188227712031e-07, 4.525420170580219e-07]
finite_differences_1e-03: [1.585920378664696e-05, 1.6371697021952515e-05, 1.6368030448234093e-05]
strain_direct: [6.745336132780722e-07, 6.732550375545543e-07, 6.764988661984717e-07]
strain_graph: [5.177461718517407e-07, 5.148846151996622e-07, 5.162728925824922e-07]
strain_system: [7.223605527428844e-07, 7.155333222499393e-07, 7.118780981727468e-07]
unfolded_direct_unfolded: [5.311143935387008e-07, 5.295614872693477e-07, 5.309455146402797e-07]
unfolded_strain_unfolded: [5.392125219714217e-07, 5.384458490880206e-07, 5.372151005644809e-07]
