atom_pair_direct: [7.245582974401595e-07, 7.224635959978008e-07, 7.235344931325893e-07]
finite_differences_1e-03: [3.089291579979342e-05, 3.1714853197896714e-05, 3.339305584490325e-05]
strain_direct: [9.448996653965744e-07, 9.426596770936157e-07, 9.426417857833224e-07]
strain_graph: [7.68465159732538e-07, 7.678176783277498e-07, 7.655026342103223e-07]
strain_system: [1.0747297061176074e-06, 1.048038436339185e-06, 1.052259660894008e-06]
unfolded_direct_unfolded: [8.942776758986939e-07, 8.948018610815915e-07, 8.989127245850223e-07]
unfolded_strain_unfolded: [9.30026392409302e-07, 9.213547742143015e-07, 9.21345577538617e-07]
