atom_pair_direct: [3.637545554956887e-07, 3.641244777536485e-07, 3.5983128123916685e-07]
finite_differences_1e-03: [9.925388415751513e-06, 9.900233220483643e-06, 9.909683537262025e-06]
strain_direct: [5.806205752596724e-07, 5.808718377375044e-07, 5.768829807639123e-07]
strain_graph: [4.463845667487476e-07, 4.544371612428222e-07, 4.5142837925232017e-07]
strain_system: [6.029771742469165e-07, 6.047796820057556e-07, 6.013622464961372e-07]
unfolded_direct_unfolded: [3.6695252550998704e-07, 3.6658815102418884e-07, 3.6811567351105623e-07]
unfolded_strain_unfolded: [3.736853800073732e-07, 3.75546524010133e-07, 3.724511032633018e-07]
