atom_pair_direct: [7.073772584844846e-07, 7.07091294520069e-07, 7.062031427340116e-07]
finite_differences_1e-04: [1.407457171275746e-05, 1.4078002014488448e-05, 1.4066132806241512e-05]
strain_direct: [1.0413604742498136e-06, 1.0410940254805609e-06, 1.039897784765344e-06]
strain_graph: [7.968018759856932e-07, 7.974102807638701e-07, 7.96344688773388e-07]
strain_system: [1.0645429492578842e-06, 1.0622813185036648e-06, 1.0610542167560197e-06]
unfolded_direct_unfolded: [4.6577455976512284e-07, 4.66697844240116e-07, 4.6424229847616513e-07]
unfolded_strain_unfolded: [4.905790152552072e-07, 4.893705779977609e-07, 4.875641169783194e-07]
