[{"__ndarray__": [[24, 24], "float64", [53.987841251103745, -5.2296205566009994e-14, -0.1995104690732874, 16.01215874958332, 4.0023357001148794e-14, 0.19951046906028563, 16.01215874935284, 1.4476836480967882e-14, -0.199510468686774, -16.01215875067194, -1.0656951686643648e-13, 0.1995104687293669, -0.876457871720968, -3.1495512360146455e-14, -0.032955991328406244, 0.8764578721784338, 4.091492822174787e-14, 0.03295599141804289, 0.8764578723700456, 9.005277202575764e-14, -0.03295599150537486, -0.8764578721310562, 3.3056660483114936e-15, 0.032955991544343415, -5.2296205566009994e-14, 70.0, -1.2364541938271387e-13, 5.229620554428185e-14, -5.737644258336566e-26, 1.2364541941086133e-13, 5.229620547460988e-14, -1.5163283162603513e-26, -1.2364541941351746e-13, -5.2296205538077515e-14, 2.198808908242124e-26, 1.236454193945259e-13, 1.3273781875260067e-14, 4.7887499710038997e-26, -1.9191528755192865e-14, -1.3273781820733887e-14, -4.715862408434963e-26, 1.9191528764549078e-14, -1.3273781890780962e-14, -7.889099000413724e-27, -1.9191528743025907e-14, 1.3273781901847759e-14, 4.991181404295936e-27, 1.9191528770263094e-14, -0.1995104690732874, -1.2364541938271387e-13, 53.36526967186538, 0.19951046939210373, 1.4647505115621732e-13, 16.634730328141536, 0.19951046924073151, 4.819079467591958e-14, -16.634730327915587, -0.19951047001038277, -6.215199157256089e-14, 16.634730327945487, -0.2742246235018321, -1.2835800125784952e-13, 0.5902506613321946, 0.27422462379329954, 1.0611310761086658e-13, -0.5902506612637524, 0.27422462389879737, 3.2494326424830513e-14, 0.5902506612237212, -0.2742246237196219, -1.8392836690479738e-14, -0.5902506611873051, 16.01215874958332, 5.229620554428185e-14, 0.19951046939210373, 53.98784124972961, -4.0023357100150023e-14, -0.199510469379101, -16.012158750039905, -1.4476836460093865e-14, 0.19951046900559077, 16.012158751359006, 1.0656951678809785e-13, -0.1995104690481833, 0.876457872533327, 3.149551245867852e-14, 0.03295599142481032, -0.8764578729907957, -4.091492819542619e-14, -0.03295599151444449, -0.8764578731824072, -9.005277196336443e-14, 0.03295599160177868, 0.8764578729434177, -3.3056660570912378e-15, -0.03295599164074747, 4.0023357001148794e-14, -5.737644258336566e-26, 1.4647505115621732e-13, -4.0023357100150023e-14, 70.0, -1.4647505116069345e-13, -4.00233571443998e-14, 1.6616054832482447e-26, 1.4647505112316392e-13, 4.002335718323738e-14, -1.8553387125893356e-26, -1.464750511367163e-13, -3.298436364652648e-14, -5.453947611174608e-26, 2.3175550934161102e-14, 3.29843636566029e-14, 5.228573240045464e-26, -2.3175550926632883e-14, 3.298436356296561e-14, 3.289387638443503e-27, 2.3175550906422573e-14, -3.2984363491661957e-14, -5.5450920171026216e-27, -2.3175550903731683e-14, 0.19951046906028563, 1.2364541941086133e-13, 16.634730328141536, -0.199510469379101, -1.4647505116069345e-13, 53.36526967185155, -0.19951046922772825, -4.8190794691035403e-14, 16.63473032792253, 0.1995104699973817, 6.215199158456948e-14, -16.63473032795242, 0.27422462348427457, 1.2835800126168555e-13, -0.5902506613329285, -0.2742246237757397, -1.0611310762856047e-13, 0.5902506612644884, -0.2742246238812359, -3.249432643591935e-14, -0.5902506612244544, 0.2742246237020604, 1.8392836697102717e-14, 0.5902506611880403, 16.01215874935284, 5.229620547460988e-14, 0.19951046924073151, -16.012158750039905, -4.00233571443998e-14, -0.19951046922772825, 53.98784125019057, -1.4476836435063208e-14, 0.19951046885421914, 16.012158751128528, 1.0656951672347058e-13, -0.19951046889681034, 0.8764578723480443, 3.149551250945816e-14, 0.032955991381232876, -0.8764578728055089, -4.091492813684042e-14, -0.03295599147086972, -0.876457872997123, -9.00527719151497e-14, 0.03295599155820392, 0.8764578727581321, -3.3056660639058537e-15, -0.03295599159717028, 1.4476836480967882e-14, -1.5163283162603513e-26, 4.819079467591958e-14, -1.4476836460093865e-14, 1.6616054832482447e-26, -4.8190794691035403e-14, -1.4476836435063208e-14, 70.0, 4.8190794692714226e-14, 1.4476836423357572e-14, -8.400202469717317e-27, -4.8190794683377255e-14, -7.532247185271708e-15, -1.3903088631574366e-26, 1.968195388401061e-14, 7.532247202472448e-15, 1.3543003940728576e-26, -1.9681953883393196e-14, 7.532247222562034e-15, 4.2998661335024006e-27, 1.9681953879950895e-14, -7.5322472257017e-15, -1.6066493386595675e-27, -1.968195388858059e-14, -0.199510468686774, -1.2364541941351746e-13, -16.634730327915587, 0.19951046900559077, 1.4647505112316392e-13, 16.63473032792253, 0.19951046885421914, 4.8190794692714226e-14, 53.365269672303405, -0.1995104696238714, -6.215199161422747e-14, 16.634730327726484, -0.2742246230446065, -1.283580012233001e-13, 0.5902506613997895, 0.27422462333607195, 1.0611310763714469e-13, -0.5902506613313494, 0.27422462344156795, 3.249432645781237e-14, 0.5902506612913175, -0.2742246232623928, -1.8392836696702784e-14, -0.5902506612549026, -16.01215875067194, -5.2296205538077515e-14, -0.19951047001038277, 16.012158751359006, 4.002335718323738e-14, 0.1995104699973817, 16.012158751128528, 1.4476836423357572e-14, -0.1995104696238714, 53.987841247552396, -1.0656951676353686e-13, 0.19951046966646108, -0.8764578739496047, -3.1495512536267535e-14, -0.03295599158486889, 0.8764578744070708, 4.091492817085467e-14, 0.03295599167450391, 0.8764578745986846, 9.005277195913553e-14, -0.032955991761838624, -0.8764578743596919, 3.30566608089196e-15, 0.03295599180080702, -1.0656951686643648e-13, 2.198808908242124e-26, -6.215199157256089e-14, 1.0656951678809785e-13, -1.8553387125893356e-26, 6.215199158456948e-14, 1.0656951672347058e-13, -8.400202469717317e-27, -6.215199161422747e-14, -1.0656951676353686e-13, 70.0, 6.215199158338974e-14, -2.863548643728568e-14, 1.3926194500028763e-26, -5.871797075879682e-14, 2.863548649394838e-14, -1.8287759114106358e-26, 5.871797076585906e-14, 2.8635486396380766e-14, -3.219277956756915e-26, -5.871797077100641e-14, -2.8635486340537744e-14, 2.481552210930141e-27, 5.871797079107001e-14, 0.1995104687293669, 1.236454193945259e-13, 16.634730327945487, -0.1995104690481833, -1.464750511367163e-13, -16.63473032795242, -0.19951046889681034, -4.8190794683377255e-14, 16.634730327726484, 0.19951046966646108, 6.215199158338974e-14, 53.36526967224364, 0.27422462308438017, 1.2835800123783446e-13, -0.5902506613871402, -0.274224623375847, -1.0611310762372972e-13, 0.5902506613186983, -0.27422462348134236, -3.249432643043155e-14, -0.5902506612786658, 0.2742246233021667, 1.8392836693952026e-14, 0.5902506612422508, -0.876457871720968, 1.3273781875260067e-14, -0.2742246235018321, 0.876457872533327, -3.298436364652648e-14, 0.27422462348427457, 0.8764578723480443, -7.532247185271708e-15, -0.2742246230446065, -0.8764578739496047, -2.863548643728568e-14, 0.27422462308438017, 53.93017640951735, 3.978589838638701e-14, -0.3338335089621273, 16.06982359112121, -5.385079872590651e-15, 0.3338335090574483, 16.06982359132906, 2.5238412603052958e-14, -0.3338335091232025, -16.069823591157583, -2.4640632123313225e-15, 0.3338335091694244, -3.1495512360146455e-14, 4.7887499710038997e-26, -1.2835800125784952e-13, 3.149551245867852e-14, -5.453947611174608e-26, 1.2835800126168555e-13, 3.149551250945816e-14, -1.3903088631574366e-26, -1.283580012233001e-13, -3.1495512536267535e-14, 1.3926194500028763e-26, 1.2835800123783446e-13, 3.978589838638701e-14, 70.0, -2.3752064586485548e-14, -3.9785898407103144e-14, -4.362479013693353e-26, 2.3752064577361696e-14, -3.9785898307052123e-14, -1.3153912994296319e-27, -2.3752064558736195e-14, 3.9785898233135206e-14, 4.646920234444907e-27, 2.3752064553688283e-14, -0.032955991328406244, -1.9191528755192865e-14, 0.5902506613321946, 0.03295599142481032, 2.3175550934161102e-14, -0.5902506613329285, 0.032955991381232876, 1.968195388401061e-14, 0.5902506613997895, -0.03295599158486889, -5.871797075879682e-14, -0.5902506613871402, -0.3338335089621273, -2.3752064586485548e-14, 53.10156175251953, 0.33383350901462133, 8.627871143058969e-15, 16.89843824749985, 0.3338335090336012, 5.6106232716117735e-14, -16.89843824752232, -0.3338335089693929, -7.677349789051847e-15, 16.898438247529906, 0.8764578721784338, -1.3273781820733887e-14, 0.27422462379329954, -0.8764578729907957, 3.29843636566029e-14, -0.2742246237757397, -0.8764578728055089, 7.532247202472448e-15, 0.27422462333607195, 0.8764578744070708, 2.863548649394838e-14, -0.274224623375847, 16.06982359112121, -3.9785898407103144e-14, 0.33383350901462133, 53.930176408240236, 5.385079841587995e-15, -0.3338335091099418, -16.069823591967626, -2.5238412660821924e-14, 0.3338335091756951, 16.06982359179615, 2.4640631910724677e-15, -0.3338335092219147, 4.091492822174787e-14, -4.715862408434963e-26, 1.0611310761086658e-13, -4.091492819542619e-14, 5.228573240045464e-26, -1.0611310762856047e-13, -4.091492813684042e-14, 1.3543003940728576e-26, 1.0611310763714469e-13, 4.091492817085467e-14, -1.8287759114106358e-26, -1.0611310762372972e-13, -5.385079872590651e-15, -4.362479013693353e-26, 8.627871143058969e-15, 5.385079841587995e-15, 70.0, -8.627871150367758e-15, 5.38507990377869e-15, 5.4828286696646326e-27, 8.627871140983378e-15, -5.3850799241703025e-15, -4.4784628164260494e-27, -8.627871159402782e-15, 0.03295599141804289, 1.9191528764549078e-14, -0.5902506612637524, -0.03295599151444449, -2.3175550926632883e-14, 0.5902506612644884, -0.03295599147086972, -1.9681953883393196e-14, -0.5902506613313494, 0.03295599167450391, 5.871797076585906e-14, 0.5902506613186983, 0.3338335090574483, 2.3752064577361696e-14, 16.89843824749985, -0.3338335091099418, -8.627871150367758e-15, 53.101561752480755, -0.33383350912892107, -5.610623272182556e-14, 16.898438247541705, 0.33383350906471415, 7.677349787400706e-15, -16.898438247549294, 0.8764578723700456, -1.3273781890780962e-14, 0.27422462389879737, -0.8764578731824072, 3.298436356296561e-14, -0.2742246238812359, -0.876457872997123, 7.532247222562034e-15, 0.27422462344156795, 0.8764578745986846, 2.8635486396380766e-14, -0.27422462348134236, 16.06982359132906, -3.9785898307052123e-14, 0.3338335090336012, -16.069823591967626, 5.38507990377869e-15, -0.33383350912892107, 53.93017640782454, -2.5238412584172765e-14, 0.3338335091946749, 16.069823592004003, 2.4640631903833346e-15, -0.33383350924089783, 9.005277202575764e-14, -7.889099000413724e-27, 3.2494326424830513e-14, -9.005277196336443e-14, 3.289387638443503e-27, -3.249432643591935e-14, -9.00527719151497e-14, 4.2998661335024006e-27, 3.249432645781237e-14, 9.005277195913553e-14, -3.219277956756915e-26, -3.249432643043155e-14, 2.5238412603052958e-14, -1.3153912994296319e-27, 5.6106232716117735e-14, -2.5238412660821924e-14, 5.4828286696646326e-27, -5.610623272182556e-14, -2.5238412584172765e-14, 70.0, 5.6106232722710744e-14, 2.5238412543286243e-14, -1.142364659058295e-27, -5.6106232740442235e-14, -0.03295599150537486, -1.9191528743025907e-14, 0.5902506612237212, 0.03295599160177868, 2.3175550906422573e-14, -0.5902506612244544, 0.03295599155820392, 1.9681953879950895e-14, 0.5902506612913175, -0.032955991761838624, -5.871797077100641e-14, -0.5902506612786658, -0.3338335091232025, -2.3752064558736195e-14, -16.89843824752232, 0.3338335091756951, 8.627871140983378e-15, 16.898438247541705, 0.3338335091946749, 5.6106232722710744e-14, 53.10156175243582, -0.3338335091304678, -7.677349787230141e-15, 16.898438247571764, -0.8764578721310562, 1.3273781901847759e-14, -0.2742246237196219, 0.8764578729434177, -3.2984363491661957e-14, 0.2742246237020604, 0.8764578727581321, -7.5322472257017e-15, -0.2742246232623928, -0.8764578743596919, -2.8635486340537744e-14, 0.2742246233021667, -16.069823591157583, 3.9785898233135206e-14, -0.3338335089693929, 16.06982359179615, -5.3850799241703025e-15, 0.33383350906471415, 16.069823592004003, 2.5238412543286243e-14, -0.3338335091304678, 53.93017640816747, -2.464063191685564e-15, 0.33383350917668797, 3.3056660483114936e-15, 4.991181404295936e-27, -1.8392836690479738e-14, -3.3056660570912378e-15, -5.5450920171026216e-27, 1.8392836697102717e-14, -3.3056660639058537e-15, -1.6066493386595675e-27, -1.8392836696702784e-14, 3.30566608089196e-15, 2.481552210930141e-27, 1.8392836693952026e-14, -2.4640632123313225e-15, 4.646920234444907e-27, -7.677349789051847e-15, 2.4640631910724677e-15, -4.4784628164260494e-27, 7.677349787400706e-15, 2.4640631903833346e-15, -1.142364659058295e-27, -7.677349787230141e-15, -2.464063191685564e-15, 70.0, 7.677349789287451e-15, 0.032955991544343415, 1.9191528770263094e-14, -0.5902506611873051, -0.03295599164074747, -2.3175550903731683e-14, 0.5902506611880403, -0.03295599159717028, -1.968195388858059e-14, -0.5902506612549026, 0.03295599180080702, 5.871797079107001e-14, 0.5902506612422508, 0.3338335091694244, 2.3752064553688283e-14, 16.898438247529906, -0.3338335092219147, -8.627871159402782e-15, -16.898438247549294, -0.33383350924089783, -5.6106232740442235e-14, 16.898438247571764, 0.33383350917668797, 7.677349789287451e-15, 53.101561752420636]]}, {"__ndarray__": [[24], "float64", [9.846352592775318, 3.108358860304312, 0.14110026573822682, 1.6155563584683093, 1.0361196201014375, 4.198765208372992, 7.346510834090097, 1.0361196201014375, 2.3110330027938444, 4.11539811715344, 3.108358860304312, 2.0288324713173775, 1.3624169724031, 3.108358860304312, 1.7596606474017442, 10.099491978840524, 1.0361196201014375, 2.580204826709479, 4.368537503218755, 1.0361196201014375, 3.9295933844573603, 7.0933714480248335, 3.108358860304312, 0.41027208965386436]]}, {"__ndarray__": [[24], "float64", [-9.198270200109593e-05, 1.427473531730793e-15, -0.00025868174387064105, 9.198270178696914e-05, -1.2451602031131406e-15, 0.0002586817438817526, 9.198270161362473e-05, -1.2704551521134367e-15, -0.0002586817439584393, -9.198270125460958e-05, 1.3812231678672485e-15, 0.000258681743961044, 6.822878480370253e-05, 8.99247249956727e-16, -1.326104140318834e-05, -6.822878510515389e-05, -1.074555070896613e-15, 1.3261041401561184e-05, -6.822878534258538e-05, -1.0342771459743902e-15, -1.3261041474449162e-05, 6.822878549914754e-05, 9.162670970984074e-16, 1.3261041462356049e-05]]}, 0.2]