atom_pair_direct: [7.348962072919002e-06, 7.3482765971372525e-06, 7.335645115677768e-06]
finite_differences_1e-04: [0.00011119353166442898, 0.00011090546668169231, 0.00011025460543991088]
strain_direct: [7.452351702441875e-06, 7.454984277703463e-06, 7.455585344966191e-06]
strain_graph: [7.413561598325571e-06, 7.405338176020585e-06, 7.39838158672986e-06]
strain_system: [7.597002072914081e-06, 7.5546678160241786e-06, 7.561012328719867e-06]
unfolded_direct_unfolded: [1.6881909888912492e-05, 1.68826621585241e-05, 1.6882037686257346e-05]
unfolded_strain_unfolded: [1.6907040150491177e-05, 1.688925592235238e-05, 1.689362703473307e-05]
