atom_pair_direct: [3.2990319918166344e-06, 3.291819297441247e-06, 3.303718607639894e-06]
finite_differences_1e-03: [6.192847057981351e-05, 6.211116105205966e-05, 6.195223367130556e-05]
strain_direct: [3.387560972273436e-06, 3.393782422386317e-06, 3.4020081863369946e-06]
strain_graph: [3.3124818830940597e-06, 3.317851259284739e-06, 3.322047186412857e-06]
strain_system: [3.534419743152318e-06, 3.5025000161786685e-06, 3.5254341366655556e-06]
unfolded_direct_unfolded: [6.967880457119059e-06, 6.97291177197325e-06, 6.9691577454149306e-06]
unfolded_strain_unfolded: [6.992535321774927e-06, 6.993879733744069e-06, 6.996563176976956e-06]
