atom_pair_direct: 0.013493851609062404
strain_direct: 0.013672872373950668
strain_graph: 0.013614932626020163
strain_system: 0.013847159712924622
unfolded_direct_unfolded: 0.02714178725495003
unfolded_strain_unfolded: 0.027554243916994892
