atom_pair_direct: [2.7196941523470742e-06, 2.742720291507794e-06, 2.7176482275308446e-06]
finite_differences_1e-03: [4.243303504006235e-05, 4.2410286504377835e-05, 4.262070285301434e-05]
strain_direct: [2.7717597124023998e-06, 2.8150566840849933e-06, 2.7760158442333703e-06]
strain_graph: [2.7418115092814333e-06, 2.756345951183903e-06, 2.7425739487512146e-06]
strain_system: [2.8245350190445606e-06, 2.829656790027002e-06, 2.8251443549720533e-06]
unfolded_direct_unfolded: [5.3304693998939e-06, 5.38701631933236e-06, 5.315302994176818e-06]
unfolded_strain_unfolded: [5.3251240049121404e-06, 5.451489422341637e-06, 5.3733716576971345e-06]
