atom_pair_direct: [6.364815947250463e-06, 6.365196769242175e-06, 6.365706360724289e-06]
finite_differences_1e-04: [8.324238202450215e-05, 8.324665665076463e-05, 8.323423776749404e-05]
strain_direct: [6.462246286770096e-06, 6.4690312845050356e-06, 6.463775154727046e-06]
strain_graph: [6.430080710997572e-06, 6.454364132252522e-06, 6.431678417749936e-06]
strain_system: [6.467007544240914e-06, 6.476866449986119e-06, 6.453374595759669e-06]
unfolded_direct_unfolded: [1.1337869462760864e-05, 1.13107213882613e-05, 1.131138051074231e-05]
unfolded_strain_unfolded: [1.1323747865768383e-05, 1.1369891851994907e-05, 1.1325877971743466e-05]
