atom_pair_direct: [2.58249617376714e-06, 2.583031505229883e-06, 2.5828904364898336e-06]
finite_differences_1e-03: [3.6430493318737716e-05, 3.643502028775401e-05, 3.645906442098203e-05]
strain_direct: [2.6300815815047825e-06, 2.6299177525215784e-06, 2.6271513655083253e-06]
strain_graph: [2.594925960263936e-06, 2.6086718797450886e-06, 2.597916005004663e-06]
strain_system: [2.643581194744911e-06, 2.661832765734289e-06, 2.6453278714907356e-06]
unfolded_direct_unfolded: [4.530125952005619e-06, 4.4993912014761005e-06, 4.4974062992550895e-06]
unfolded_strain_unfolded: [4.5028241787513256e-06, 4.5260630327393305e-06, 4.503099019231741e-06]
