atom_pair_direct: [6.578778090840842e-06, 6.567077549789247e-06, 6.580079906711944e-06]
finite_differences_1e-04: [9.103270060057867e-05, 9.157902303661558e-05, 9.160957842334482e-05]
strain_direct: [6.7049401645249414e-06, 6.696655935570561e-06, 6.707913582545189e-06]
strain_graph: [6.626410776334524e-06, 6.618269173372937e-06, 6.6276659072173065e-06]
strain_system: [6.762629345701044e-06, 6.730988739263921e-06, 6.7459153193567545e-06]
unfolded_direct_unfolded: [1.3246456275851415e-05, 1.3246055248544053e-05, 1.3242880628411059e-05]
unfolded_strain_unfolded: [1.3247005014136449e-05, 1.3235180378899259e-05, 1.32493704086869e-05]
