atom_pair_direct: 0.005557285340037197
strain_direct: 0.0056645184989320115
strain_graph: 0.005600115604000166
strain_system: 0.005772944852942601
unfolded_direct_unfolded: 0.010888311104034074
unfolded_strain_unfolded: 0.010905768992961385
