[{"__ndarray__": [[24, 24], "float64", [53.88474463664246, -3.08055207717754e-14, -0.1656271409198925, 16.115255363346424, 1.0021998663214157e-13, 0.16562714135419435, 16.11525536522622, -9.654094429556616e-14, -0.16562714069120787, -16.11525536545223, 4.4708100958080563e-14, 0.1656271408032167, -0.7811036886914291, -1.266309025135813e-13, 0.000799888077976027, 0.7811036884300165, 8.521095197037356e-14, -0.0007998886243155007, 0.7811036899156687, -6.277175866454972e-14, 0.0007998887162215668, -0.781103689978264, 7.688903034657665e-14, -0.000799888574420482, -3.08055207717754e-14, 70.0, -6.451216629297488e-14, 3.080552043010208e-14, 2.863050195793775e-27, 6.451216668333351e-14, 3.08055195638682e-14, 2.3132647627148726e-27, -6.451216650317438e-14, -3.080551904813352e-14, 7.768894647994801e-27, 6.45121663431613e-14, 8.512315993088935e-14, -7.127934101178001e-30, -3.570856732075128e-14, -8.512316055221953e-14, -1.942925686050326e-26, 3.57085671065321e-14, -8.512316127625506e-14, -2.9467364350527326e-27, -3.5708567172059404e-14, 8.512316170970901e-14, -3.600964556370492e-27, 3.5708567262658173e-14, -0.1656271409198925, -6.451216629297488e-14, 53.286847573159505, 0.16562714092063766, -7.261542094164707e-14, 16.71315242732174, 0.16562714183201319, -1.2683668912995702e-14, -16.713152426824617, -0.16562714147372767, 2.8380395388351086e-14, 16.713152426672, -0.17698545792018827, 4.612044828040093e-14, 0.5949649786992, 0.1769854579336385, 7.011363801508788e-14, -0.5949649793538208, 0.17698545835358367, -1.8177677987375783e-14, 0.5949649792877272, -0.17698545794363815, 2.1392902761529386e-14, -0.5949649791751115, 16.115255363346424, 3.080552043010208e-14, 0.16562714092063766, 53.884744636664664, -1.002199863310688e-13, -0.16562714135494042, -16.115255365215113, 9.654094416746342e-14, 0.16562714069195408, 16.115255365441122, -4.4708101223311856e-14, -0.16562714080396157, 0.7811036850437943, 1.2663090229126498e-13, -0.0007998875761886376, -0.7811036847823822, -8.521095187463966e-14, 0.0007998881225286802, -0.7811036862680314, 6.277175893530814e-14, -0.0007998882144346631, 0.7811036863306271, -7.688903003577268e-14, 0.0007998880726343693, 1.0021998663214157e-13, 2.863050195793775e-27, -7.261542094164707e-14, -1.002199863310688e-13, 70.0, 7.261542076321442e-14, -1.0021998598996066e-13, -2.96353610151529e-27, -7.261542078796848e-14, 1.00219985760753e-13, -9.710889394726924e-28, 7.2615420889775e-14, -2.5303891577810993e-14, -1.1368772739894501e-26, -5.327338998736167e-14, 2.5303891803730204e-14, -6.145152221589511e-28, 5.327339014107402e-14, 2.5303892175726564e-14, -1.7754016675434217e-27, -5.327339011238777e-14, -2.5303892423232846e-14, 2.0911504871589227e-27, 5.3273390025689986e-14, 0.16562714135419435, 6.451216668333351e-14, 16.71315242732174, -0.16562714135494042, 7.261542076321442e-14, 53.286847572197, -0.165627142266315, 1.2683668941450508e-14, 16.713152427305875, 0.16562714190802832, -2.8380395219750634e-14, -16.71315242715326, 0.17698546128936377, -4.612044813676683e-14, -0.5949649791765552, -0.17698546130281345, -7.011363819566617e-14, 0.5949649798311752, -0.17698546172275934, 1.817767779034881e-14, -0.5949649797650847, 0.17698546131281115, -2.1392902954400853e-14, 0.5949649796524673, 16.11525536522622, 3.08055195638682e-14, 0.16562714183201319, -16.115255365215113, -1.0021998598996066e-13, -0.165627142266315, 53.88474463290508, 9.65409441260006e-14, 0.16562714160332925, 16.115255367320916, -4.470810159694155e-14, -0.16562714171533754, 0.7811036814102116, 1.266309020568515e-13, -0.0007998866483419909, -0.781103681148798, -8.52109515127644e-14, 0.0007998871946805902, -0.7811036826344488, 6.277175938294682e-14, -0.0007998872865881274, 0.7811036826970448, -7.688902962594916e-14, 0.000799887144786543, -9.654094429556616e-14, 2.3132647627148726e-27, -1.2683668912995702e-14, 9.654094416746342e-14, -2.96353610151529e-27, 1.2683668941450508e-14, 9.65409441260006e-14, 70.0, -1.2683668945294672e-14, -9.654094400413254e-14, -1.598825484227125e-26, 1.268366890116804e-14, 1.4550533561239683e-13, 9.827678779430391e-27, -6.891283526901448e-14, -1.4550533571971362e-13, -1.2611014453068635e-26, 6.891283523129115e-14, -1.455053357789516e-13, 1.0778735509662498e-26, -6.891283523199948e-14, 1.4550533583244568e-13, -1.4841994050395056e-26, 6.891283528795362e-14, -0.16562714069120787, -6.451216650317438e-14, -16.713152426824617, 0.16562714069195408, -7.261542078796848e-14, 16.713152427305875, 0.16562714160332925, -1.2683668945294672e-14, 53.28684757319126, -0.1656271412450462, 2.8380395303174455e-14, 16.713152426656123, -0.17698545967071513, 4.612044816255239e-14, 0.5949649790325346, 0.17698545968416865, 7.011363807049307e-14, -0.5949649796871539, 0.1769854601041126, -1.8177677881743597e-14, 0.5949649796210636, -0.17698545969416535, 2.1392902906186552e-14, -0.5949649795084478, -16.11525536545223, -3.080551904813352e-14, -0.16562714147372767, 16.115255365441122, 1.00219985760753e-13, 0.16562714190802832, 16.115255367320916, -9.654094400413254e-14, -0.1656271412450462, 53.88474463245308, 4.470810162464107e-14, 0.16562714135705411, -0.7811036778122624, -1.266309018337394e-13, 0.0007998858847898943, 0.7811036775508475, 8.521095124649765e-14, -0.0007998864311289933, 0.7811036790364984, -6.277175949315506e-14, 0.0007998865230359059, -0.7811036790990932, 7.688902932148783e-14, -0.0007998863812351265, 4.4708100958080563e-14, 7.768894647994801e-27, 2.8380395388351086e-14, -4.4708101223311856e-14, -9.710889394726924e-28, -2.8380395219750634e-14, -4.470810159694155e-14, -1.598825484227125e-26, 2.8380395303174455e-14, 4.470810162464107e-14, 70.0, -2.8380395449476472e-14, -1.5515066756715857e-14, -3.862592283242941e-27, 7.778414186555061e-14, 1.551506669628174e-14, -6.93619738416579e-27, -7.778414192062221e-14, 1.551506638277125e-14, -1.5877276191620335e-26, 7.77841419605193e-14, -1.551506621553385e-14, 9.4981303732112e-27, -7.778414184591573e-14, 0.1656271408032167, 6.45121663431613e-14, 16.713152426672, -0.16562714080396157, 7.2615420889775e-14, -16.71315242715326, -0.16562714171533754, 1.268366890116804e-14, 16.713152426656123, 0.16562714135705411, -2.8380395449476472e-14, 53.28684757349649, 0.17698545805711258, -4.6120448226890335e-14, -0.5949649786769294, -0.1769854580705637, -7.011363803820796e-14, 0.594964979331551, -0.1769854584905072, 1.817767802852437e-14, -0.5949649792654594, 0.17698545808056185, -2.1392902761281614e-14, 0.5949649791528415, -0.7811036886914291, 8.512315993088935e-14, -0.17698545792018827, 0.7811036850437943, -2.5303891577810993e-14, 0.17698546128936377, 0.7811036814102116, 1.4550533561239683e-13, -0.17698545967071513, -0.7811036778122624, -1.5515066756715857e-14, 0.17698545805711258, 53.842608597763494, 7.134425170399592e-14, -0.36705673320576493, 16.157391398981414, -1.7918756192558286e-13, 0.3670567305329303, 16.157391393901804, 2.620136244254544e-14, -0.3670567307626361, -16.157391390904596, -9.679692159043774e-14, 0.36705673223493634, -1.266309025135813e-13, -7.127934101178001e-30, 4.612044828040093e-14, 1.2663090229126498e-13, -1.1368772739894501e-26, -4.612044813676683e-14, 1.266309020568515e-13, 9.827678779430391e-27, 4.612044816255239e-14, -1.266309018337394e-13, -3.862592283242941e-27, -4.6120448226890335e-14, 7.134425170399592e-14, 70.0, 1.8388236088519827e-14, -7.134425192651824e-14, -5.280783263157828e-27, -1.83882362152592e-14, -7.134425218914519e-14, 5.216838393715096e-27, 1.8388236180789113e-14, 7.134425238006194e-14, -6.791443432185268e-27, -1.838823612578068e-14, 0.000799888077976027, -3.570856732075128e-14, 0.5949649786992, -0.0007998875761886376, -5.327338998736167e-14, -0.5949649791765552, -0.0007998866483419909, -6.891283526901448e-14, 0.5949649790325346, 0.0007998858847898943, 7.778414186555061e-14, -0.5949649786769294, -0.36705673320576493, 1.8388236088519827e-14, 53.12755851722141, 0.3670567336521543, 5.69303642076344e-14, 16.87244148322347, 0.36705673460111776, -4.61058987851018e-14, -16.872441483102975, -0.36705673521797283, 4.860115544304439e-14, 16.87244148294634, 0.7811036884300165, -8.512316055221953e-14, 0.1769854579336385, -0.7811036847823822, 2.5303891803730204e-14, -0.17698546130281345, -0.781103681148798, -1.4550533571971362e-13, 0.17698545968416865, 0.7811036775508475, 1.551506669628174e-14, -0.1769854580705637, 16.157391398981414, -7.134425192651824e-14, 0.3670567336521543, 53.842608604273686, 1.7918756229682565e-13, -0.3670567309793173, -16.15739139064671, -2.620136228944609e-14, 0.36705673120902416, 16.157391387649497, 9.679692187472072e-14, -0.3670567326813219, 8.521095197037356e-14, -1.942925686050326e-26, 7.011363801508788e-14, -8.521095187463966e-14, -6.145152221589511e-28, -7.011363819566617e-14, -8.52109515127644e-14, -1.2611014453068635e-26, 7.011363807049307e-14, 8.521095124649765e-14, -6.93619738416579e-27, -7.011363803820796e-14, -1.7918756192558286e-13, -5.280783263157828e-27, 5.69303642076344e-14, 1.7918756229682565e-13, 70.0, -5.693036413332959e-14, 1.7918756251825358e-13, 1.3460580422306111e-27, 5.693036416918623e-14, -1.7918756270496724e-13, 1.0266532074314618e-26, -5.69303641740863e-14, -0.0007998886243155007, 3.57085671065321e-14, -0.5949649793538208, 0.0007998881225286802, 5.327339014107402e-14, 0.5949649798311752, 0.0007998871946805902, 6.891283523129115e-14, -0.5949649796871539, -0.0007998864311289933, -7.778414192062221e-14, 0.594964979331551, 0.3670567305329303, -1.83882362152592e-14, 16.87244148322347, -0.3670567309793173, -5.693036413332959e-14, 53.127558516331675, -0.3670567319282826, 4.610589886012216e-14, 16.872441483547846, 0.3670567325451375, -4.8601155300951845e-14, -16.872441483391217, 0.7811036899156687, -8.512316127625506e-14, 0.17698545835358367, -0.7811036862680314, 2.5303892175726564e-14, -0.17698546172275934, -0.7811036826344488, -1.455053357789516e-13, 0.1769854601041126, 0.7811036790364984, 1.551506638277125e-14, -0.1769854584905072, 16.157391393901804, -7.134425218914519e-14, 0.36705673460111776, -16.15739139064671, 1.7918756251825358e-13, -0.3670567319282826, 53.8426086144329, -2.6201361908987438e-14, 0.36705673215798795, 16.157391382569894, 9.679692230382176e-14, -0.36705673363028674, -6.277175866454972e-14, -2.9467364350527326e-27, -1.8177677987375783e-14, 6.277175893530814e-14, -1.7754016675434217e-27, 1.817767779034881e-14, 6.277175938294682e-14, 1.0778735509662498e-26, -1.8177677881743597e-14, -6.277175949315506e-14, -1.5877276191620335e-26, 1.817767802852437e-14, 2.620136244254544e-14, 5.216838393715096e-27, -4.61058987851018e-14, -2.620136228944609e-14, 1.3460580422306111e-27, 4.610589886012216e-14, -2.6201361908987438e-14, 70.0, -4.610589887777155e-14, 2.6201361715216795e-14, -7.170019763564411e-27, 4.6105898767349866e-14, 0.0007998887162215668, -3.5708567172059404e-14, 0.5949649792877272, -0.0007998882144346631, -5.327339011238777e-14, -0.5949649797650847, -0.0007998872865881274, -6.891283523199948e-14, 0.5949649796210636, 0.0007998865230359059, 7.77841419605193e-14, -0.5949649792654594, -0.3670567307626361, 1.8388236180789113e-14, -16.872441483102975, 0.36705673120902416, 5.693036416918623e-14, 16.872441483547846, 0.36705673215798795, -4.610589887777155e-14, 53.127558516572655, -0.367056732774843, 4.86011553177615e-14, 16.872441483270713, -0.781103689978264, 8.512316170970901e-14, -0.17698545794363815, 0.7811036863306271, -2.5303892423232846e-14, 0.17698546131281115, 0.7811036826970448, 1.4550533583244568e-13, -0.17698545969416535, -0.7811036790990932, -1.551506621553385e-14, 0.17698545808056185, -16.157391390904596, 7.134425238006194e-14, -0.36705673521797283, 16.157391387649497, -1.7918756270496724e-13, 0.3670567325451375, 16.157391382569894, 2.6201361715216795e-14, -0.367056732774843, 53.84260862042731, -9.679692254153351e-14, 0.36705673424714114, 7.688903034657665e-14, -3.600964556370492e-27, 2.1392902761529386e-14, -7.688903003577268e-14, 2.0911504871589227e-27, -2.1392902954400853e-14, -7.688902962594916e-14, -1.4841994050395056e-26, 2.1392902906186552e-14, 7.688902932148783e-14, 9.4981303732112e-27, -2.1392902761281614e-14, -9.679692159043774e-14, -6.791443432185268e-27, 4.860115544304439e-14, 9.679692187472072e-14, 1.0266532074314618e-26, -4.8601155300951845e-14, 9.679692230382176e-14, -7.170019763564411e-27, 4.86011553177615e-14, -9.679692254153351e-14, 70.0, -4.8601155439030076e-14, -0.000799888574420482, 3.5708567262658173e-14, -0.5949649791751115, 0.0007998880726343693, 5.3273390025689986e-14, 0.5949649796524673, 0.000799887144786543, 6.891283528795362e-14, -0.5949649795084478, -0.0007998863812351265, -7.778414184591573e-14, 0.5949649791528415, 0.36705673223493634, -1.838823612578068e-14, 16.87244148294634, -0.3670567326813219, -5.69303641740863e-14, -16.872441483391217, -0.36705673363028674, 4.6105898767349866e-14, 16.872441483270713, 0.36705673424714114, -4.8601155439030076e-14, 53.1275585168859]]}, {"__ndarray__": [[24], "float64", [9.90979574825972, 3.1303149773801247, 0.14451472600313162, 1.6330752238301534, 1.043438325793375, 4.226005701002979, 7.40451070987506, 1.043438325793375, 2.3297749395061227, 4.138360262214949, 3.1303149773801247, 2.040745487499881, 1.3813664853028025, 3.1303149773801247, 1.7440703753369222, 10.161504486787075, 1.043438325793375, 2.6264500516690568, 4.3900690007420575, 1.043438325793375, 3.929330588839999, 7.152801971347944, 3.1303149773801247, 0.4411898381660647]]}, {"__ndarray__": [[24], "float64", [-4.409494013279345e-05, 1.2465280693777508e-15, -2.2168012248891715e-05, 4.4094940661517485e-05, -1.3123159822612587e-15, 2.216801184767251e-05, 4.409494145648238e-05, -1.2973222011479685e-15, -2.2168011943691406e-05, -4.409494197970469e-05, 1.3261022339889507e-15, 2.2168012211968343e-05, 0.00012062428064283704, 9.573704777989394e-16, -2.2086489510460153e-05, -0.00012062428014858722, -9.280186955662575e-16, 2.208648981940085e-05, -0.00012062427934751273, -9.75460675993256e-16, -2.2086489761660147e-05, 0.00012062427884776297, 9.82920193942348e-16, 2.2086489585658843e-05]]}, 0.2]