[{"__ndarray__": [[24, 24], "float64", [53.94624565110946, 2.17121389911962e-14, -0.1242592611044413, 16.053754348615552, 9.124734648706279e-15, 0.12425926110231944, 16.053754349253982, -1.2632689300091947e-13, -0.12425926103069947, -16.053754349044446, -2.4082966381050213e-14, 0.12425926097024176, -0.8373860212084454, -1.47543600548316e-14, 0.01910688629459483, 0.8373860209290184, -9.246834691810523e-15, -0.019106886265534154, 0.8373860216438218, 2.5158975855726285e-14, 0.019106886362996914, -0.8373860213364759, 1.1841364679497432e-13, -0.019106886308388304, 2.17121389911962e-14, 70.0, 5.517196167816291e-15, -2.171213906432838e-14, 1.5392014018609736e-27, -5.517196163346314e-15, -2.1712138946907868e-14, 3.6357181943410214e-27, 5.517196169937932e-15, 2.171213898350943e-14, 5.3192203643583345e-28, -5.5171961893158885e-15, 1.870454159405705e-14, -5.4432971570534125e-28, 1.0013327434154998e-15, -1.8704541630619164e-14, -2.7773850726611325e-27, -1.0013327370728389e-15, -1.8704541518057535e-14, -1.3103529424842328e-27, 1.0013327590249146e-15, 1.8704541559655787e-14, -3.751508891950267e-27, -1.0013327457695728e-15, -0.1242592611044413, 5.517196167816291e-15, 53.31442211480448, 0.12425926096592095, -2.2650992995020197e-14, 16.685577885194302, 0.12425926117143204, 1.176969403935359e-14, -16.685577885190696, -0.12425926105822038, 7.385011698863064e-14, 16.685577885137945, -0.19338510443830054, 1.2972191287478762e-14, 0.6553762759084678, 0.19338510438957382, -1.1228956258393845e-14, -0.6553762758945665, 0.19338510459608743, -6.477666149232969e-14, 0.6553762759197698, -0.19338510459829275, -6.272966116718219e-15, -0.6553762759235789, 16.053754348615552, -2.171213906432838e-14, 0.12425926096592095, 53.946245651659424, -9.124734655139868e-15, -0.12425926096379934, -16.053754348978984, 1.263268929241004e-13, 0.12425926089217848, 16.05375434876945, 2.4082966346028736e-14, -0.12425926083172169, 0.8373860220400526, 1.4754360057502802e-14, -0.01910688629311516, -0.8373860217606266, 9.246834763742956e-15, 0.01910688626405479, -0.837386022475428, -2.5158975817958177e-14, -0.01910688636151691, 0.8373860221680821, -1.1841364671614558e-13, 0.019106886306908162, 9.124734648706279e-15, 1.5392014018609736e-27, -2.2650992995020197e-14, -9.124734655139868e-15, 70.0, 2.2650992991482903e-14, -9.124734617311618e-15, 3.7245912739598415e-27, -2.2650992987417913e-14, 9.124734633139535e-15, -1.790726320497344e-27, 2.2650992987614677e-14, 2.738771889715388e-14, -7.509355112117622e-28, -2.049921503352481e-14, -2.7387718909157922e-14, -1.6667531037652374e-27, 2.049921503456437e-14, -2.7387718866649382e-14, 8.918101838976305e-28, -2.049921503135497e-14, 2.738771888267031e-14, -3.9315485721210794e-27, 2.049921503199883e-14, 0.12425926110231944, -5.517196163346314e-15, 16.685577885194302, -0.12425926096379934, 2.2650992991482903e-14, 53.31442211480694, -0.12425926116931091, -1.1769694042580018e-14, 16.685577885189474, 0.12425926105609933, -7.385011698605643e-14, -16.68557788513672, 0.19338510443317802, -1.297219128443085e-14, -0.6553762758915123, -0.1933851043844514, 1.1228956254482688e-14, 0.6553762758776129, -0.19338510459096528, 6.477666149008768e-14, -0.6553762759028139, 0.19338510459317013, 6.27296611953071e-15, 0.6553762759066247, 16.053754349253982, -2.1712138946907868e-14, 0.12425926117143204, -16.053754348978984, -9.124734617311618e-15, -0.12425926116931091, 53.94624565038259, 1.2632689310930421e-13, 0.12425926109768931, 16.053754349407875, 2.408296640500013e-14, -0.12425926103723248, 0.8373860202526052, 1.4754360030493978e-14, -0.01910688610528795, -0.8373860199731802, 9.24683464378043e-15, 0.019106886076226945, -0.8373860206879817, -2.5158975884873278e-14, -0.019106886173689594, 0.8373860203806356, -1.1841364690152128e-13, 0.01910688611908043, -1.2632689300091947e-13, 3.6357181943410214e-27, 1.176969403935359e-14, 1.263268929241004e-13, 3.7245912739598415e-27, -1.1769694042580018e-14, 1.2632689310930421e-13, 70.0, 1.176969405985415e-14, -1.2632689303715045e-13, 5.604501232798531e-27, -1.1769694074624265e-14, 1.5891620696808074e-13, -9.486828322882543e-29, 1.1625370304316187e-14, -1.5891620703902468e-13, -6.2127967951876476e-27, -1.162537029521778e-14, -1.589162068409199e-13, -7.785596616533252e-27, 1.1625370321178467e-14, 1.589162069173095e-13, -3.216986127690389e-26, -1.1625370309250884e-14, -0.12425926103069947, 5.517196169937932e-15, -16.685577885190696, 0.12425926089217848, -2.2650992987417913e-14, 16.685577885189474, 0.12425926109768931, 1.176969405985415e-14, 53.31442211481412, -0.12425926098447886, 7.385011699985053e-14, 16.685577885133114, -0.19338510460727626, 1.2972191280014083e-14, 0.6553762759464584, 0.1933851045585495, -1.1228956262431201e-14, -0.6553762759325592, 0.19338510476506282, -6.47766615033048e-14, 0.6553762759577613, -0.19338510476726783, -6.272966135668589e-15, -0.655376275961571, -16.053754349044446, 2.171213898350943e-14, -0.12425926105822038, 16.05375434876945, 9.124734633139535e-15, 0.12425926105609933, 16.053754349407875, -1.2632689303715045e-13, -0.12425926098447886, 53.94624565080166, -2.4082966384672703e-14, 0.12425926092402172, -0.8373860209006154, -1.475436004254149e-14, 0.01910688617406999, 0.837386020621189, -9.246834682249125e-15, -0.019106886145008543, 0.8373860213359913, 2.5158975862181423e-14, 0.019106886242470394, -0.8373860210286458, 1.18413646830049e-13, -0.01910688618786286, -2.4082966381050213e-14, 5.3192203643583345e-28, 7.385011698863064e-14, 2.4082966346028736e-14, -1.790726320497344e-27, -7.385011698605643e-14, 2.408296640500013e-14, 5.604501232798531e-27, 7.385011699985053e-14, -2.4082966384672703e-14, 70.0, -7.385011700086696e-14, -6.7622546897072795e-15, 1.1397865567536373e-27, 6.779044675624026e-14, 6.762254660493368e-15, -1.3532821886724299e-27, -6.779044675466141e-14, 6.762254737017666e-15, -7.123623136064015e-27, 6.77904467632225e-14, -6.7622546976132435e-15, -5.006116319883983e-27, -6.779044676173129e-14, 0.12425926097024176, -5.5171961893158885e-15, 16.685577885137945, -0.12425926083172169, 2.2650992987614677e-14, -16.68557788513672, -0.12425926103723248, -1.1769694074624265e-14, 16.685577885133114, 0.12425926092402172, -7.385011700086696e-14, 53.31442211491962, 0.1933851048176498, -1.2972191281754045e-14, -0.6553762759131718, -0.19338510476892426, 1.1228956280370634e-14, 0.6553762758992725, -0.19338510497543893, 6.477666150583031e-14, -0.6553762759244749, 0.19338510497764294, 6.2729661519135925e-15, 0.6553762759282841, -0.8373860212084454, 1.870454159405705e-14, -0.19338510443830054, 0.8373860220400526, 2.738771889715388e-14, 0.19338510443317802, 0.8373860202526052, 1.5891620696808074e-13, -0.19338510460727626, -0.8373860209006154, -6.7622546897072795e-15, 0.1933851048176498, 53.610234912722106, -2.1069347174199827e-15, -0.3197305301415108, 16.38976508797488, -3.085958640979734e-14, 0.31973053003444163, 16.3897650860171, -1.094340607580268e-14, -0.3197305303138921, -16.389765086721994, -1.5661023410083783e-13, 0.3197305301855584, -1.47543600548316e-14, -5.4432971570534125e-28, 1.2972191287478762e-14, 1.4754360057502802e-14, -7.509355112117622e-28, -1.297219128443085e-14, 1.4754360030493978e-14, -9.486828322882543e-29, 1.2972191280014083e-14, -1.475436004254149e-14, 1.1397865567536373e-27, -1.2972191281754045e-14, -2.1069347174199827e-15, 70.0, 9.47983784722574e-15, 2.106934727272584e-15, 4.484840195532225e-28, -9.479837847803392e-15, 2.1069346934296245e-15, -8.457914147991683e-28, 9.47983784611137e-15, -2.1069347074988136e-15, 2.501408882843983e-28, -9.479837845592044e-15, 0.01910688629459483, 1.0013327434154998e-15, 0.6553762759084678, -0.01910688629311516, -2.049921503352481e-14, -0.6553762758915123, -0.01910688610528795, 1.1625370304316187e-14, 0.6553762759464584, 0.01910688617406999, 6.779044675624026e-14, -0.6553762759131718, -0.3197305301415108, 9.47983784722574e-15, 53.145065616132754, 0.3197305301420326, -5.039179255998236e-15, 16.8549343838616, 0.31973053021476394, -5.73700546113072e-14, -16.854934383832273, -0.3197305301716456, -7.302688198083144e-15, 16.854934383877588, 0.8373860209290184, -1.8704541630619164e-14, 0.19338510438957382, -0.8373860217606266, -2.7387718909157922e-14, -0.1933851043844514, -0.8373860199731802, -1.5891620703902468e-13, 0.1933851045585495, 0.837386020621189, 6.762254660493368e-15, -0.19338510476892426, 16.38976508797488, 2.106934727272584e-15, 0.3197305301420326, 53.610234911328135, 3.085958644870449e-14, -0.31973053003496105, -16.389765086714082, 1.0943406105978692e-14, 0.3197305303144139, 16.38976508741896, 1.566102341704783e-13, -0.31973053018608166, -9.246834691810523e-15, -2.7773850726611325e-27, -1.1228956258393845e-14, 9.246834763742956e-15, -1.6667531037652374e-27, 1.1228956254482688e-14, 9.24683464378043e-15, -6.2127967951876476e-27, -1.1228956262431201e-14, -9.246834682249125e-15, -1.3532821886724299e-27, 1.1228956280370634e-14, -3.085958640979734e-14, 4.484840195532225e-28, -5.039179255998236e-15, 3.085958644870449e-14, 70.0, 5.039179249787248e-15, 3.0859586331211745e-14, 2.2487065636491694e-27, -5.039179271361098e-15, -3.085958637537357e-14, 6.23469535865103e-27, 5.039179258890069e-15, -0.019106886265534154, -1.0013327370728389e-15, -0.6553762758945665, 0.01910688626405479, 2.049921503456437e-14, 0.6553762758776129, 0.019106886076226945, -1.162537029521778e-14, -0.6553762759325592, -0.019106886145008543, -6.779044675466141e-14, 0.6553762758992725, 0.31973053003444163, -9.479837847803392e-15, 16.8549343838616, -0.31973053003496105, 5.039179249787248e-15, 53.14506561614402, -0.3197305301076949, 5.737005460933088e-14, 16.854934383826624, 0.31973053006457863, 7.302688188819405e-15, -16.85493438387193, 0.8373860216438218, -1.8704541518057535e-14, 0.19338510459608743, -0.837386022475428, -2.7387718866649382e-14, -0.19338510459096528, -0.8373860206879817, -1.589162068409199e-13, 0.19338510476506282, 0.8373860213359913, 6.762254737017666e-15, -0.19338510497543893, 16.3897650860171, 2.1069346934296245e-15, 0.31973053021476394, -16.389765086714082, 3.0859586331211745e-14, -0.3197305301076949, 53.6102349152437, 1.0943406023824711e-14, 0.3197305303871463, 16.389765085461192, 1.5661023397448208e-13, -0.31973053025881204, 2.5158975855726285e-14, -1.3103529424842328e-27, -6.477666149232969e-14, -2.5158975817958177e-14, 8.918101838976305e-28, 6.477666149008768e-14, -2.5158975884873278e-14, -7.785596616533252e-27, -6.47766615033048e-14, 2.5158975862181423e-14, -7.123623136064015e-27, 6.477666150583031e-14, -1.094340607580268e-14, -8.457914147991683e-28, -5.73700546113072e-14, 1.0943406105978692e-14, 2.2487065636491694e-27, 5.737005460933088e-14, 1.0943406023824711e-14, 70.0, -5.737005461917401e-14, -1.0943406063872383e-14, 7.25626248519351e-27, 5.737005461659327e-14, 0.019106886362996914, 1.0013327590249146e-15, 0.6553762759197698, -0.01910688636151691, -2.049921503135497e-14, -0.6553762759028139, -0.019106886173689594, 1.1625370321178467e-14, 0.6553762759577613, 0.019106886242470394, 6.77904467632225e-14, -0.6553762759244749, -0.3197305303138921, 9.47983784611137e-15, -16.854934383832273, 0.3197305303144139, -5.039179271361098e-15, 16.854934383826624, 0.3197305303871463, -5.737005461917401e-14, 53.145065616202686, -0.31973053034402876, -7.302688215405747e-15, 16.85493438384261, -0.8373860213364759, 1.8704541559655787e-14, -0.19338510459829275, 0.8373860221680821, 2.738771888267031e-14, 0.19338510459317013, 0.8373860203806356, 1.589162069173095e-13, -0.19338510476726783, -0.8373860210286458, -6.7622546976132435e-15, 0.19338510497764294, -16.389765086721994, -2.1069347074988136e-15, -0.3197305301716456, 16.38976508741896, -3.085958637537357e-14, 0.31973053006457863, 16.389765085461192, -1.0943406063872383e-14, -0.31973053034402876, 53.61023491383393, -1.5661023404946183e-13, 0.3197305302156932, 1.1841364679497432e-13, -3.751508891950267e-27, -6.272966116718219e-15, -1.1841364671614558e-13, -3.9315485721210794e-27, 6.27296611953071e-15, -1.1841364690152128e-13, -3.216986127690389e-26, -6.272966135668589e-15, 1.18413646830049e-13, -5.006116319883983e-27, 6.2729661519135925e-15, -1.5661023410083783e-13, 2.501408882843983e-28, -7.302688198083144e-15, 1.566102341704783e-13, 6.23469535865103e-27, 7.302688188819405e-15, 1.5661023397448208e-13, 7.25626248519351e-27, -7.302688215405747e-15, -1.5661023404946183e-13, 70.0, 7.302688202603544e-15, -0.019106886308388304, -1.0013327457695728e-15, -0.6553762759235789, 0.019106886306908162, 2.049921503199883e-14, 0.6553762759066247, 0.01910688611908043, -1.1625370309250884e-14, -0.655376275961571, -0.01910688618786286, -6.779044676173129e-14, 0.6553762759282841, 0.3197305301855584, -9.479837845592044e-15, 16.854934383877588, -0.31973053018608166, 5.039179258890069e-15, -16.85493438387193, -0.31973053025881204, 5.737005461659327e-14, 16.85493438384261, 0.3197305302156932, 7.302688202603544e-15, 53.1450656161121]]}, {"__ndarray__": [[24], "float64", [9.970316401201554, 3.1491345063022496, 0.15513181930432834, 1.6419505887567662, 1.04971150210075, 4.24166428161159, 7.448084083735721, 1.04971150210075, 2.353529869762282, 4.1641829062224005, 3.1491345063022496, 2.043266231153689, 1.4085100810611488, 3.1491345063022496, 1.7328751583560746, 10.203756908897123, 1.04971150210075, 2.663920942559816, 4.397623413917802, 1.04971150210075, 3.931273208814029, 7.214643576040342, 3.1491345063022496, 0.4655228921018995]]}, {"__ndarray__": [[24], "float64", [-7.803779099871367e-05, 5.235495456663155e-16, -4.054700908008319e-05, 7.803779027193707e-05, -5.250029399952019e-16, 4.054700903824795e-05, 7.803779189908286e-05, -4.842594901789567e-16, -4.054700891769052e-05, -7.803779126681757e-05, 6.665046435585206e-16, 4.054700875383657e-05, 0.00024104692458465924, 3.7536733269656186e-16, 1.72653972745141e-05, -0.00024104692513274577, -3.9150549883522966e-16, -1.7265397180361007e-05, -0.00024104692346745569, -5.150356599447942e-16, 1.7265397415698364e-05, 0.0002410469241100532, 3.555629786471871e-16, -1.726539730416063e-05]]}, 0.2]