[{"__ndarray__": [[24, 24], "float64", [53.98186344268765, 6.071841183575313e-15, -0.13543643394654536, 16.01813655964854, -8.341506157894283e-14, 0.13543643314959147, 16.01813655347452, -1.2764825841246517e-15, -0.1354364337973809, -16.018136555067176, 3.965324783815559e-14, 0.13543643460001384, -0.915725642427085, 8.496911731883482e-14, -0.044015034216053434, 0.9157256437442258, -1.1496461675021916e-14, 0.04401503509341269, 0.9157256397513793, -3.781160560103358e-14, -0.044015035770997024, -0.9157256421104706, 8.342739163533224e-15, 0.04401503475475983, 6.071841183575313e-15, 70.0, -1.6248190902888216e-14, -6.0718416399413176e-15, 4.750103388382326e-26, 1.6248190981299583e-14, -6.071840332588872e-15, -4.4566577616532854e-26, -1.6248190866195784e-14, 6.071840625752708e-15, -4.640264533092665e-26, 1.6248190719488936e-14, -1.3726413889538466e-13, -4.579623846850107e-26, -1.9917268698004833e-14, 1.372641386771359e-13, -3.763917675619065e-26, 1.9917268647897007e-14, 1.3726413997493997e-13, 5.1206985698149513e-26, -1.9917268497916374e-14, -1.3726413946481652e-13, 2.8472486596640105e-26, 1.991726862741913e-14, -0.13543643394654536, -1.6248190902888216e-14, 53.43139253076598, 0.13543643517396586, 1.3858598053421573e-13, 16.568607468779984, 0.1354364318754538, 7.407643642160581e-14, -16.56860746915927, -0.1354364327272637, -1.5857910307251957e-13, 16.5686074696, -0.24601403603880106, -1.1487526792410283e-13, 0.663919909652071, 0.24601403681288336, 1.893330330609461e-14, -0.6639199091617793, 0.24601403462962018, 1.5003163711405184e-13, 0.6639199087915819, -0.24601403598087787, -8.683799645767004e-14, -0.6639199093631041, 16.01813655964854, -6.0718416399413176e-15, 0.13543643517396586, 53.98186343801531, 8.341506124143345e-14, -0.13543643437701225, -16.018136555810678, 1.2764824450172478e-15, 0.13543643502480227, 16.018136557403338, -3.9653247434053424e-14, -0.13543643582743614, 0.9157256450530633, -8.49691170552648e-14, 0.04401503475947091, -0.9157256463702053, 1.1496462159567245e-14, -0.044015035636830804, -0.9157256423773581, 3.78116052319507e-14, 0.044015036314413274, 0.9157256447364478, -8.342739019692932e-15, -0.044015035298176186, -8.341506157894283e-14, 4.750103388382326e-26, 1.3858598053421573e-13, 8.341506124143345e-14, 70.0, -1.3858598045719898e-13, 8.341506190446307e-14, -1.990433559413556e-27, 1.385859805095845e-13, -8.341506173246097e-14, -1.3864431939269145e-25, -1.385859805995923e-13, -5.19922749315466e-14, -1.2121492231937447e-25, -1.2656186788303474e-14, 5.19922748054588e-14, -3.888752213239922e-26, 1.265618677397515e-14, 5.199227549295835e-14, 1.34566341377089e-25, -1.2656186706475611e-14, -5.199227525207649e-14, -2.0504520668803404e-26, 1.2656186774730272e-14, 0.13543643314959147, 1.6248190981299583e-14, 16.568607468779984, -0.13543643437701225, -1.3858598045719898e-13, 53.43139253167404, -0.13543643107850065, -7.407643637448748e-14, 16.568607468705245, 0.13543643193030946, 1.5857910299628065e-13, -16.568607469145967, 0.24601403517439518, 1.1487526786600344e-13, -0.663919909854893, -0.2460140359484765, -1.893330339603856e-14, 0.6639199093645992, -0.24601403376521164, -1.5003163704726137e-13, -0.6639199089944054, 0.24601403511647066, 8.683799641318498e-14, 0.6639199095659256, 16.01813655347452, -6.071840332588872e-15, 0.1354364318754538, -16.018136555810678, 8.341506190446307e-14, -0.13543643107850065, 53.98186345036333, 1.2764825043893934e-15, 0.1354364317262893, 16.018136551229315, -3.965324853735643e-14, -0.13543643252892337, 0.9157256384153317, -8.496911756429156e-14, 0.04401503335489451, -0.9157256397324699, 1.1496460774404538e-14, -0.044015034232256285, -0.915725635739623, 3.781160629859619e-14, 0.04401503490983887, 0.9157256380987153, -8.342739110128982e-15, -0.04401503389360156, -1.2764825841246517e-15, -4.4566577616532854e-26, 7.407643642160581e-14, 1.2764824450172478e-15, -1.990433559413556e-27, -7.407643637448748e-14, 1.2764825043893934e-15, 70.0, 7.407643636791266e-14, -1.2764824545387106e-15, 5.05394484540424e-28, -7.407643639447085e-14, 1.5773348471110515e-13, 9.647332319693901e-27, 6.159077688384999e-15, -1.5773348474524352e-13, 3.5806272952931407e-26, -6.159077695227342e-15, -1.5773348469018219e-13, -9.887424906486215e-27, 6.159077690721034e-15, 1.57733484715629e-13, -5.279796369650295e-26, -6.1590776707407304e-15, -0.1354364337973809, -1.6248190866195784e-14, -16.56860746915927, 0.13543643502480227, 1.385859805095845e-13, 16.568607468705245, 0.1354364317262893, 7.407643636791266e-14, 53.43139253091547, -0.13543643257809973, -1.5857910308091644e-13, 16.56860746952525, -0.24601403584214604, -1.1487526790512314e-13, 0.6639199096904755, 0.24601403661622867, 1.893330326787768e-14, -0.6639199092001834, 0.2460140344329625, 1.5003163713219587e-13, 0.6639199088299863, -0.24601403578422246, -8.683799640874558e-14, -0.6639199094015097, -16.018136555067176, 6.071840625752708e-15, -0.1354364327272637, 16.018136557403338, -8.341506173246097e-14, 0.13543643193030946, 16.018136551229315, -1.2764824545387106e-15, -0.13543643257809973, 53.98186344717802, 3.965324827713333e-14, 0.13543643338073133, -0.9157256401551426, 8.496911743198303e-14, -0.04401503370225616, 0.9157256414722843, -1.149646108430096e-14, 0.04401503457961674, 0.9157256374794356, -3.7811606053803336e-14, -0.04401503525719809, -0.9157256398385308, 8.342739056421463e-15, 0.04401503424096134, 3.965324783815559e-14, -4.640264533092665e-26, -1.5857910307251957e-13, -3.9653247434053424e-14, -1.3864431939269145e-25, 1.5857910299628065e-13, -3.965324853735643e-14, 5.05394484540424e-28, -1.5857910308091644e-13, 3.965324827713333e-14, 70.0, 1.5857910321309166e-13, 8.838530743261009e-14, 1.1886356751242786e-25, -6.97383360091343e-15, -8.83853071954114e-14, 3.800481248117827e-26, 6.9738336464091526e-15, -8.838530829513814e-14, -1.343863428273038e-25, -6.9738337548475945e-15, 8.838530791842875e-14, 2.1697615246444226e-26, 6.9738336518306686e-15, 0.13543643460001384, 1.6248190719488936e-14, 16.5686074696, -0.13543643582743614, -1.385859805995923e-13, -16.568607469145967, -0.13543643252892337, -7.407643639447085e-14, 16.56860746952525, 0.13543643338073133, 1.5857910321309166e-13, 53.43139253003404, 0.24601403669466482, 1.1487526797448335e-13, -0.6639199094976452, -0.24601403746874523, -1.8933303112708552e-14, 0.6639199090073533, -0.2460140352854816, -1.5003163725607962e-13, -0.663919908637157, 0.2460140366367394, 8.683799643728445e-14, 0.663919909208677, -0.915725642427085, -1.3726413889538466e-13, -0.24601403603880106, 0.9157256450530633, -5.19922749315466e-14, 0.24601403517439518, 0.9157256384153317, 1.5773348471110515e-13, -0.24601403584214604, -0.9157256401551426, 8.838530743261009e-14, 0.24601403669466482, 53.74950082212399, 5.733158173019262e-14, -0.3350283011659837, 16.25049917925542, 1.1146372831215511e-13, 0.33502830220331165, 16.250499175216152, -1.1249020565600006e-13, -0.3350283028988821, -16.25049917783258, -1.1217288333042655e-13, 0.33502830174107123, 8.496911731883482e-14, -4.579623846850107e-26, -1.1487526792410283e-13, -8.49691170552648e-14, -1.2121492231937447e-25, 1.1487526786600344e-13, -8.496911756429156e-14, 9.647332319693901e-27, -1.1487526790512314e-13, 8.496911743198303e-14, 1.1886356751242786e-25, 1.1487526797448335e-13, 5.733158173019262e-14, 70.0, 7.041883640701828e-15, -5.73315816368143e-14, 3.731041120850471e-26, -7.041883633344987e-15, -5.733158217086667e-14, -1.1654083104230213e-25, 7.0418835799976785e-15, 5.733158198453333e-14, 1.1218809964479988e-26, -7.041883632585191e-15, -0.044015034216053434, -1.9917268698004833e-14, 0.663919909652071, 0.04401503475947091, -1.2656186788303474e-14, -0.663919909854893, 0.04401503335489451, 6.159077688384999e-15, 0.6639199096904755, -0.04401503370225616, -6.97383360091343e-15, -0.6639199094976452, -0.3350283011659837, 7.041883640701828e-15, 53.13546812036503, 0.33502830151738494, 2.2332945863379544e-14, 16.8645318798282, 0.33502830049198656, 1.2520809149360708e-14, -16.864531879979268, -0.33502830106016296, -7.978835602456402e-15, 16.864531879747762, 0.9157256437442258, 1.372641386771359e-13, 0.24601403681288336, -0.9157256463702053, 5.19922748054588e-14, -0.2460140359484765, -0.9157256397324699, -1.5773348474524352e-13, 0.24601403661622867, 0.9157256414722843, -8.83853071954114e-14, -0.24601403746874523, 16.25049917925542, -5.73315816368143e-14, 0.33502830151738494, 53.74950081936519, -1.1146372807906678e-13, -0.3350283025547112, -16.25049917659556, 1.1249020543008557e-13, 0.3350283032502814, 16.250499179211985, 1.1217288336688818e-13, -0.33502830209246853, -1.1496461675021916e-14, -3.763917675619065e-26, 1.893330330609461e-14, 1.1496462159567245e-14, -3.888752213239922e-26, -1.893330339603856e-14, 1.1496460774404538e-14, 3.5806272952931407e-26, 1.893330326787768e-14, -1.149646108430096e-14, 3.800481248117827e-26, -1.8933303112708552e-14, 1.1146372831215511e-13, 3.731041120850471e-26, 2.2332945863379544e-14, -1.1146372807906678e-13, 70.0, -2.233294580631777e-14, -1.1146372944926228e-13, -4.178065248754502e-26, 2.233294564893314e-14, 1.1146372890928217e-13, -2.2783216456476749e-26, -2.2332945783980113e-14, 0.04401503509341269, 1.9917268647897007e-14, -0.6639199091617793, -0.044015035636830804, 1.265618677397515e-14, 0.6639199093645992, -0.044015034232256285, -6.159077695227342e-15, -0.6639199092001834, 0.04401503457961674, 6.9738336464091526e-15, 0.6639199090073533, 0.33502830220331165, -7.041883633344987e-15, 16.8645318798282, -0.3350283025547112, -2.233294580631777e-14, 53.135468119978555, -0.3350283015293146, -1.2520809193562806e-14, 16.864531880172486, 0.33502830209749085, 7.978835607395315e-15, -16.86453187994099, 0.9157256397513793, 1.3726413997493997e-13, 0.24601403462962018, -0.9157256423773581, 5.199227549295835e-14, -0.24601403376521164, -0.915725635739623, -1.5773348469018219e-13, 0.2460140344329625, 0.9157256374794356, -8.838530829513814e-14, -0.2460140352854816, 16.250499175216152, -5.733158217086667e-14, 0.33502830049198656, -16.25049917659556, -1.1146372944926228e-13, -0.3350283015293146, 53.74950082744372, 1.1249020649286374e-13, 0.33502830222488433, 16.250499175172717, 1.1217288327541637e-13, -0.33502830106707315, -3.781160560103358e-14, 5.1206985698149513e-26, 1.5003163711405184e-13, 3.78116052319507e-14, 1.34566341377089e-25, -1.5003163704726137e-13, 3.781160629859619e-14, -9.887424906486215e-27, 1.5003163713219587e-13, -3.7811606053803336e-14, -1.343863428273038e-25, -1.5003163725607962e-13, -1.1249020565600006e-13, -1.1654083104230213e-25, 1.2520809149360708e-14, 1.1249020543008557e-13, -4.178065248754502e-26, -1.2520809193562806e-14, 1.1249020649286374e-13, 70.0, 1.252080929972695e-14, -1.124902061299745e-13, -1.3530117043529955e-26, -1.2520809203418342e-14, -0.044015035770997024, -1.9917268497916374e-14, 0.6639199087915819, 0.044015036314413274, -1.2656186706475611e-14, -0.6639199089944054, 0.04401503490983887, 6.159077690721034e-15, 0.6639199088299863, -0.04401503525719809, -6.9738337548475945e-15, -0.663919908637157, -0.3350283028988821, 7.0418835799976785e-15, -16.864531879979268, 0.3350283032502814, 2.233294564893314e-14, 16.864531880172486, 0.33502830222488433, 1.252080929972695e-14, 53.13546811967645, -0.3350283027930608, -7.978835607356162e-15, 16.864531880092052, -0.9157256421104706, -1.3726413946481652e-13, -0.24601403598087787, 0.9157256447364478, -5.199227525207649e-14, 0.24601403511647066, 0.9157256380987153, 1.57733484715629e-13, -0.24601403578422246, -0.9157256398385308, 8.838530791842875e-14, 0.2460140366367394, -16.25049917783258, 5.733158198453333e-14, -0.33502830106016296, 16.250499179211985, 1.1146372890928217e-13, 0.33502830209749085, 16.250499175172717, -1.124902061299745e-13, -0.3350283027930608, 53.74950082221086, -1.1217288331013301e-13, 0.3350283016352494, 8.342739163533224e-15, 2.8472486596640105e-26, -8.683799645767004e-14, -8.342739019692932e-15, -2.0504520668803404e-26, 8.683799641318498e-14, -8.342739110128982e-15, -5.279796369650295e-26, -8.683799640874558e-14, 8.342739056421463e-15, 2.1697615246444226e-26, 8.683799643728445e-14, -1.1217288333042655e-13, 1.1218809964479988e-26, -7.978835602456402e-15, 1.1217288336688818e-13, -2.2783216456476749e-26, 7.978835607395315e-15, 1.1217288327541637e-13, -1.3530117043529955e-26, -7.978835607356162e-15, -1.1217288331013301e-13, 70.0, 7.978835585769097e-15, 0.04401503475475983, 1.991726862741913e-14, -0.6639199093631041, -0.044015035298176186, 1.2656186774730272e-14, 0.6639199095659256, -0.04401503389360156, -6.1590776707407304e-15, -0.6639199094015097, 0.04401503424096134, 6.9738336518306686e-15, 0.663919909208677, 0.33502830174107123, -7.041883632585191e-15, 16.864531879747762, -0.33502830209246853, -2.2332945783980113e-14, -16.86453187994099, -0.33502830106707315, -1.2520809203418342e-14, 16.864531880092052, 0.3350283016352494, 7.978835585769097e-15, 53.13546812013944]]}, {"__ndarray__": [[24], "float64", [9.89182728540252, 3.12404180107275, 0.13078200744930124, 1.6279116807311533, 1.04134726702425, 4.230979861586848, 7.38778116379835, 1.04134726702425, 2.311662941967332, 4.131957802335537, 3.12404180107275, 2.0500989270687193, 1.3786272884857749, 3.12404180107275, 1.7680128394042558, 10.14111167764796, 1.04134726702425, 2.593749029631824, 4.381242194581334, 1.04134726702425, 3.948893773922354, 7.138496771552588, 3.12404180107275, 0.4128680951137773]]}, {"__ndarray__": [[24], "float64", [2.592393543821936e-05, 8.915503587073329e-16, -0.0001397726959430877, -2.592393444051538e-05, -7.907359020732771e-16, 0.00013977269571042918, -2.5923937166607734e-05, -9.619763016888875e-16, -0.00013977269596584792, 2.5923936521634618e-05, 8.565689590405431e-16, 0.00013977269627228812, 0.00022752435682746102, 6.145414777577471e-16, 1.1871231247184482e-05, -0.00022752435624399632, -7.111601715844288e-16, -1.1871231094085378e-05, -0.00022752435891396604, -6.952098663376273e-16, 1.1871230853680243e-05, 0.00022752435797774792, 7.878114208958305e-16, -1.187123108056516e-05]]}, 0.2]