[{"__ndarray__": [[24, 24], "float64", [54.1027420230341, 0.0067412912409632614, -0.09610440916335067, 15.893135772255388, -0.00023304025021190144, 0.08682055858398241, 15.941243380321742, -0.004671246318748225, -0.08877399475943287, -15.92774018046929, -0.0039047289492031107, 0.0949080735351705, -0.8696500891208137, 0.0046418259735417884, 0.1455655073081515, 0.8535370630071291, -0.006406152631888156, -0.14039328191860037, 0.9069908537734588, -0.0004146634160154636, 0.14230171997461652, -0.9002588229547324, 0.004246714554341597, -0.14432417370571485, 0.0067412912409632614, 69.99998956518566, -0.00048253635602931106, -0.006735475952637741, 2.79650541994929e-06, 0.0005005842788162185, -0.006849026419541892, 1.107185035468528e-05, -0.0004993622897261798, 0.006818266488016278, 6.4023711635843685e-06, 0.0004875741560466779, 0.0011897628902637135, -7.126654507004592e-06, 0.007637280616457213, -0.0011611075143538813, 6.271624806393226e-08, -0.007649505329534529, -0.0012752039830395108, 1.0980596982042434e-06, 0.007648295722460872, 0.0012714932500911841, -3.870034114099937e-06, -0.007642330798147684, -0.09610440916335067, -0.00048253635602931106, 53.34551985405974, 0.0940365584098588, -0.00033514391882261233, 16.65239062781819, 0.10496832553166341, 0.0005578918731047489, -16.65247374324563, -0.10473819699437609, -0.00048059294861032924, 16.653985060387104, -0.21471424937587283, -0.000915939736153597, 0.6468726353308653, 0.21162956704072983, -0.0033820244467582254, -0.6453913187193955, 0.23322579163180207, 0.0005988906080884929, 0.6476775548766041, -0.2283033872846841, 0.004439455015491342, -0.6485806704730804, 15.893135772255388, -0.006735475952637741, 0.0940365584098588, 54.111019673240115, 0.00022879326979794834, -0.08476674038085374, -15.93700386672439, 0.0046644028065603305, 0.0867141482960398, 15.923565055621154, 0.0039011434367745698, -0.09284575297537873, 0.8711481419986877, -0.004628337030207047, -0.14861555092310913, -0.8550349525025787, 0.006409027227160299, 0.14346780463179332, -0.9084905730035262, 0.00042917973736200307, -0.14539450547863975, 0.901660749268733, -0.0042687336976690955, 0.147404038565461, -0.00023304025021190144, 2.79650541994929e-06, -0.00033514391882261233, 0.00022879326979794834, 70.00000154684851, 0.0003324538403024279, 0.0002524816492357856, -1.285568104362882e-07, -0.000330346132287233, -0.0002519721529758046, -6.13400174313754e-08, 0.000333523115295145, 0.000911571565320323, 4.447278227137909e-09, -0.0004607331993368896, -0.0009176914093712047, -3.7282528088975634e-06, 0.00045885142291854613, -0.0008871210791163187, -2.7512699655583214e-06, -0.0004550765682846546, 0.0008969784072967049, 2.3216184301124784e-06, 0.0004564714401608398, 0.08682055858398241, 0.0005005842788162185, 16.65239062781819, -0.08476674038085374, 0.0003324538403024279, 53.34967103978485, -0.09551726764528146, -0.0005731846513283931, 16.65041073778946, 0.09532999002848197, 0.00047196849349569864, -16.65190412871927, 0.21323162754755762, 0.0009266637796002601, -0.6568184483296486, -0.21019541299593503, 0.0033753558790645373, 0.6553550862860883, -0.2316037266364232, -0.0006005746005866984, -0.6576368694246484, 0.22670097170300438, -0.004433267109575293, 0.6585319547600541, 15.941243380321742, -0.006849026419541892, 0.10496832553166341, -15.93700386672439, 0.0002524816492357856, -0.09551726764528146, 54.01378543607231, 0.004753836590343128, 0.09748177578859113, 15.972492222193587, 0.003947144391103078, -0.10371561179729433, 0.8558169132355221, -0.004681918962352155, -0.11112104157144329, -0.8393984706325589, 0.006460035434259283, 0.10583110345923313, -0.894034959016186, 0.00043183828363529833, -0.107803779441487, 0.8870993447022164, -0.004314391170038956, 0.1098764958235828, -0.004671246318748225, 1.107185035468528e-05, 0.0005578918731047489, 0.0046644028065603305, -1.285568104362882e-07, -0.0005731846513283931, 0.004753836590343128, 69.99999337688311, 0.0005717346750364692, -0.004732809151318145, -4.359950707059554e-06, -0.0005628572964936985, -0.0015725099245420633, 4.824180244847461e-06, -0.006155681003325431, 0.0015487323581828433, -7.899659525015442e-06, 0.00616589060747866, 0.001638370325924917, -1.4618017383754718e-06, -0.006162718127795071, -0.0016287766863175637, 4.577055114199867e-06, 0.006158923923038768, -0.08877399475943287, -0.0004993622897261798, -16.65247374324563, 0.0867141482960398, -0.000330346132287233, 16.65041073778946, 0.09748177578859113, 0.0005717346750364692, 53.34951276434172, -0.09729877161622202, -0.0004736759505012413, 16.65198758578195, -0.2152541938866148, -0.0009267209475582361, 0.6533806558563588, 0.212212485721655, -0.003373873321933272, -0.651927310291933, 0.2336619396184677, 0.000593230341314258, 0.6542131616176082, -0.22874338936698183, 0.004439013715953087, -0.6551038518147758, -15.92774018046929, 0.006818266488016278, -0.10473819699437609, 15.923565055621154, -0.0002519721529758046, 0.09532999002848197, 15.972492222193587, -0.004732809151318145, -0.09729877161622202, 54.04121529554355, -0.00393469830564426, 0.10349832663229919, -0.8556150575652722, 0.004679918039496778, 0.1231784385596097, 0.8392938942248951, -0.006439666675978706, -0.11789942952709195, 0.8935449756099474, -0.000409478009499962, 0.11983557089718852, -0.8867562053106022, 0.004270439970958329, -0.12190592812651257, -0.0039047289492031107, 6.4023711635843685e-06, -0.00048059294861032924, 0.0039011434367745698, -6.13400174313754e-08, 0.00047196849349569864, 0.003947144391103078, -4.359950707059554e-06, -0.0004736759505012413, -0.00393469830564426, 69.9999973132972, 0.00047764513165244156, -0.0027656075582377605, 4.287865740847737e-06, -0.004721569946620581, 0.0027517178980542086, -3.754738226757665e-06, 0.004729068485787694, 0.0027968263734141716, -3.702688636204041e-07, -0.004730269884934194, -0.002791797286195969, 5.427637620228252e-07, 0.004727426619536404, 0.0949080735351705, 0.0004875741560466779, 16.653985060387104, -0.09284575297537873, 0.000333523115295145, -16.65190412871927, -0.10371561179729433, -0.0005628572964936985, 16.65198758578195, 0.10349832663229919, 0.00047764513165244156, 53.346508733287656, 0.21524641547932566, 0.0009183133138833675, -0.6481975429087923, -0.21217810962863368, 0.0033804201197074205, 0.6467189668505529, -0.23370421926373128, -0.0005995532185691529, -0.6490005197933233, 0.22879087822246202, -0.004435065411780934, 0.6499018450795904, -0.8696500891208137, 0.0011897628902637135, -0.21471424937587283, 0.8711481419986877, 0.000911571565320323, 0.21323162754755762, 0.8558169132355221, -0.0015725099245420633, -0.2152541938866148, -0.8556150575652722, -0.0027656075582377605, 0.21524641547932566, 53.74428092584845, 0.0037160748106645014, -0.3873862791164392, 16.25637500151153, -0.001464809598619677, 0.3890740972247596, 16.242424523940127, 0.00021442006935677737, -0.39530057268150853, -16.2447803595851, -0.00022890219124843908, 0.3951031545826224, 0.0046418259735417884, -7.126654507004592e-06, -0.000915939736153597, -0.004628337030207047, 4.447278227137909e-09, 0.0009266637796002601, -0.004681918962352155, 4.824180244847461e-06, -0.0009267209475582361, 0.004679918039496778, 4.287865740847737e-06, 0.0009183133138833675, 0.0037160748106645014, 70.0000024238726, 0.00501584065881045, -0.003695857072660791, 3.1658119130104513e-06, -0.0050192802647224186, -0.0037778913746906143, 7.418642775161155e-06, 0.0050126256428633335, 0.0037461856162195185, -1.4998166177420279e-05, -0.005011502446392293, 0.1455655073081515, 0.007637280616457213, 0.6468726353308653, -0.14861555092310913, -0.0004607331993368896, -0.6568184483296486, -0.11112104157144329, -0.006155681003325431, 0.6533806558563588, 0.1231784385596097, -0.004721569946620581, -0.6481975429087923, -0.3873862791164392, 0.00501584065881045, 53.21548303096361, 0.3748947927892806, -0.004514714175232989, 16.79167625170774, 0.40859170473217354, 0.001315883428049426, -16.79323455473206, -0.40510757182110346, 0.0018836935370453315, 16.790837971821166, 0.8535370630071291, -0.0011611075143538813, 0.21162956704072983, -0.8550349525025787, -0.0009176914093712047, -0.21019541299593503, -0.8393984706325589, 0.0015487323581828433, 0.212212485721655, 0.8392938942248951, 0.0027517178980542086, -0.21217810962863368, 16.25637500151153, -0.003695857072660791, 0.3748947927892806, 53.742906509977054, 0.0014526733136592633, -0.376542320436927, -16.242880134312923, -0.00020867138939927748, 0.38277144811937247, 16.24520108846509, 0.00023020375307310778, -0.3825924503839907, -0.006406152631888156, 6.271624806393226e-08, -0.0033820244467582254, 0.006409027227160299, -3.7282528088975634e-06, 0.0033753558790645373, 0.006460035434259283, -7.899659525015442e-06, -0.003373873321933272, -0.006439666675978706, -3.754738226757665e-06, 0.0033804201197074205, -0.001464809598619677, 3.1658119130104513e-06, -0.004514714175232989, 0.0014526733136592633, 70.00001872487633, 0.0045200942135288505, 0.0015096298319227683, -5.268553920349562e-06, -0.00452860725416413, -0.0015207369002137039, -1.3021999020666698e-06, 0.004523348985634469, -0.14039328191860037, -0.007649505329534529, -0.6453913187193955, 0.14346780463179332, 0.00045885142291854613, 0.6553550862860883, 0.10583110345923313, 0.00616589060747866, -0.651927310291933, -0.11789942952709195, 0.004729068485787694, 0.6467189668505529, 0.3890740972247596, -0.0050192802647224186, 16.79167625170774, -0.376542320436927, 0.0045200942135288505, 53.201177592571284, -0.4104414311969953, -0.0013016979755830775, 16.800361286201152, 0.4069034578067535, -0.0019034210759562723, -16.797970554314258, 0.9069908537734588, -0.0012752039830395108, 0.23322579163180207, -0.9084905730035262, -0.0008871210791163187, -0.2316037266364232, -0.894034959016186, 0.001638370325924917, 0.2336619396184677, 0.8935449756099474, 0.0027968263734141716, -0.23370421926373128, 16.242424523940127, -0.0037778913746906143, 0.40859170473217354, -16.242880134312923, 0.0015096298319227683, -0.4104414311969953, 53.770405582625166, -0.00025604995498409023, 0.41667906070977445, 16.232039730118668, 0.0002514397976349117, -0.4164091193674233, -0.0004146634160154636, 1.0980596982042434e-06, 0.0005988906080884929, 0.00042917973736200307, -2.7512699655583214e-06, -0.0006005746005866984, 0.00043183828363529833, -1.4618017383754718e-06, 0.000593230341314258, -0.000409478009499962, -3.702688636204041e-07, -0.0005995532185691529, 0.00021442006935677737, 7.418642775161155e-06, 0.001315883428049426, -0.00020867138939927748, -5.268553920349562e-06, -0.0013016979755830775, -0.00025604995498409023, 70.00001703759773, 0.0012915827986462987, 0.00021342467995262657, -1.5702405893657165e-05, -0.0012977613812764728, 0.14230171997461652, 0.007648295722460872, 0.6476775548766041, -0.14539450547863975, -0.0004550765682846546, -0.6576368694246484, -0.107803779441487, -0.006162718127795071, 0.6542131616176082, 0.11983557089718852, -0.004730269884934194, -0.6490005197933233, -0.39530057268150853, 0.0050126256428633335, -16.79323455473206, 0.38277144811937247, -0.00452860725416413, 16.800361286201152, 0.41667906070977445, 0.0012915827986462987, 53.198117088747004, -0.4130889421426537, 0.001924167587434646, 16.79950285221633, -0.9002588229547324, 0.0012714932500911841, -0.2283033872846841, 0.901660749268733, 0.0008969784072967049, 0.22670097170300438, 0.8870993447022164, -0.0016287766863175637, -0.22874338936698183, -0.8867562053106022, -0.002791797286195969, 0.22879087822246202, -16.2447803595851, 0.0037461856162195185, -0.40510757182110346, 16.24520108846509, -0.0015207369002137039, 0.4069034578067535, 16.232039730118668, 0.00021342467995262657, -0.4130889421426537, 53.76579447555946, -0.00018677101765981823, 0.4128479826552436, 0.004246714554341597, -3.870034114099937e-06, 0.004439455015491342, -0.0042687336976690955, 2.3216184301124784e-06, -0.004433267109575293, -0.004314391170038956, 4.577055114199867e-06, 0.004439013715953087, 0.004270439970958329, 5.427637620228252e-07, -0.004435065411780934, -0.00022890219124843908, -1.4998166177420279e-05, 0.0018836935370453315, 0.00023020375307310778, -1.3021999020666698e-06, -0.0019034210759562723, 0.0002514397976349117, -1.5702405893657165e-05, 0.001924167587434646, -0.00018677101765981823, 70.00002843136888, -0.0019145762586832988, -0.14432417370571485, -0.007642330798147684, -0.6485806704730804, 0.147404038565461, 0.0004564714401608398, 0.6585319547600541, 0.1098764958235828, 0.006158923923038768, -0.6551038518147758, -0.12190592812651257, 0.004727426619536404, 0.6499018450795904, 0.3951031545826224, -0.005011502446392293, 16.790837971821166, -0.3825924503839907, 0.004523348985634469, -16.797970554314258, -0.4164091193674233, -0.0012977613812764728, 16.79950285221633, 0.4128479826552436, -0.0019145762586832988, 53.202880453016114]]}, {"__ndarray__": [[24], "float64", [9.908455238081615, 3.1303143133499938, 0.14458625208730827, 1.6344158997592286, 1.043438417928487, 4.225934905712911, 7.405848116839275, 1.0434389169925269, 2.329845994366656, 4.137021734727994, 3.1303152923445565, 2.040674085966151, 1.380398781129586, 3.1303146402286153, 1.743794066253916, 10.162473046101614, 1.0434382910553301, 2.626725841534841, 4.391036062239329, 1.043438121179936, 3.929054912893828, 7.151835009481006, 3.1303152196145856, 0.44146564920860937]]}, {"__ndarray__": [[24], "float64", [-0.0002869943323070303, 2.4533794013035887e-06, -0.00014180719067689905, 0.000286277244020305, -8.247983256612492e-07, 0.00013769634065540032, 0.00031231659242408357, -2.0012864109371774e-06, -0.00013855817554498954, -0.00030470113575265445, -1.1118941239201487e-06, 0.00014091246917809924, 0.00020171816776134638, 1.709662825610352e-06, -0.00011896131655485339, -0.000208081122521407, -1.7723200943018017e-06, 0.00012219340619585206, -0.00018471543201871638, 1.0586109672905965e-06, -0.00012090829087246978, 0.0001841800183940731, 4.886457606158385e-07, 0.00011943275761986005]]}, 0.2]