[{"__ndarray__": [[24, 24], "float64", [53.68999686595271, 0.0005674711828728232, -0.1368672018889947, 16.309997864268954, -0.00013128845500332163, 0.13675132086607444, 16.310000240728932, 7.327938248809059e-05, -0.1365981543219709, -16.310024081842723, -0.00048681423888474284, 0.13645092504343823, -0.7142335742201046, -3.092285243909945e-05, -0.006891871185620305, 0.7143263415774538, -0.0008228712206156442, 0.00724057557627723, 0.7141324088988796, 0.0012662258559795346, -0.006817097315919719, -0.7141960654151446, -0.0004350796634259429, 0.0067315032401762745, 0.0005674711828728232, 69.99997292974274, -0.007584727573616651, -0.0005833371865425506, -1.642278700617524e-06, 0.007597043141154211, -0.0005841066755607068, -1.7410472810165076e-06, -0.007625394686095978, 0.0006024457275916358, 2.7564775276472658e-05, 0.007622370627926519, 0.003654369975335881, -2.550566538963903e-06, -0.0027191421288803265, -0.0036709321256981915, 2.202581596266063e-05, 0.002707117884880574, -0.003673750873044619, -2.474980456955677e-05, -0.002739664502323312, 0.003687839974942536, 8.163363142528746e-06, 0.0027423972369845393, -0.1368672018889947, -0.007584727573616651, 53.195001512767554, 0.13323847539176065, -0.00017828781076137387, 16.808068260418818, 0.13340804676564355, -0.0007230228838472086, -16.814920895069413, -0.12911326479161198, 0.007543437515599473, 16.81423773032706, -0.18557004657502268, -0.0005287782582568413, 0.5786174949087255, 0.18165459131518238, 0.0062818725481918365, -0.5818523786545516, 0.18159049135921812, -0.0073761339272620805, 0.5738753059098555, -0.17834109152135078, 0.002565640291066645, -0.5730270305622649, 16.309997864268954, -0.0005833371865425506, 0.13323847539176065, 53.68999815860879, 0.0001302919784563795, -0.13311538238454332, -16.310004607618712, -7.431961403880585e-05, 0.13294558555253597, 16.310039141180372, 0.0005029878651135651, -0.1328002118128836, 0.715743956037772, 2.9443448052394698e-05, 0.004614471323823224, -0.7158463771605161, 0.0008359303765697137, -0.004970171431072194, -0.7156540957055206, -0.0012808906592151157, 0.004527734499927306, 0.7157259604398412, 0.00043989380064969017, -0.004440501152992184, -0.00013128845500332163, -1.642278700617524e-06, -0.00017828781076137387, 0.0001302919784563795, 69.99999988909971, 0.00017904647712347347, 0.0001302957268872074, -8.960407419165743e-08, -0.0001808108851630947, -0.00012913419784723763, 1.6626657500155852e-06, 0.0001806056816055829, -8.378488672297216e-05, -1.4388976534123754e-07, -0.0007142298698698887, 8.27473913758687e-05, 1.1760942043347292e-06, 0.0007134727397950314, 8.254028587844213e-05, -1.263931559173422e-06, -0.0007154301794643054, -8.166784303865123e-05, 4.118444300219901e-07, 0.0007156338467351624, 0.13675132086607444, 0.007597043141154211, 16.808068260418818, -0.13311538238454332, 0.00017904647712347347, 53.18885650148289, -0.13328477058762378, 0.0007238330474573719, 16.818009035076052, 0.12898160263222422, -0.007555772363372978, -16.81732443724048, 0.18436234309899832, 0.0005299345437324184, -0.5768717906989923, -0.1804393199183511, -0.006291615325579196, 0.5801119981079679, -0.18037390647974938, 0.0073867185714165, -0.5721204828634024, 0.1771181127181942, -0.0025691879930552415, 0.5712709156713415, 16.310000240728932, -0.0005841066755607068, 0.13340804676564355, -16.310004607618712, 0.0001302957268872074, -0.13328477058762378, 53.68999302691204, -7.435434231605114e-05, 0.13311440794351462, 16.31004205431364, 0.0005034352227756642, -0.13296906171769776, 0.7155607761583448, 2.932173010619527e-05, 0.004564757391706743, -0.7156636690275461, 0.0008358627611679565, -0.004920691871218717, -0.7154713156441602, -0.0012801278394385654, 0.004477792003662745, 0.7155434942284418, 0.0004396734254216402, -0.0043904799414365425, 7.327938248809059e-05, -1.7410472810165076e-06, -0.0007230228838472086, -7.431961403880585e-05, -8.960407419165743e-08, 0.0007238330474573719, -7.435434231605114e-05, 69.99999990974605, -0.0007256383205903794, 7.556213439432791e-05, 1.7730393612016916e-06, 0.000725484360283188, 0.00037316113640409874, -1.644468504432014e-07, 1.3834333480709847e-05, -0.000374248758461022, 1.2675713469618694e-06, -1.4645314188947787e-05, -0.00037441042905139087, -1.4138837959116695e-06, 1.2488712117261948e-05, 0.000375330490575201, 4.586252643121408e-07, -1.233393470909187e-05, -0.1365981543219709, -0.007625394686095978, -16.814920895069413, 0.13294558555253597, -0.0001808108851630947, 16.818009035076052, 0.13311440794351462, -0.0007256383205903794, 53.17509574762464, -0.12879199225235005, 0.007584566336773771, 16.824216432799382, -0.1816258219541996, -0.0005326572709220413, 0.5726097665975559, 0.17768544619759785, 0.006314415131577324, -0.5758625248531561, 0.17761710765734812, -0.007412000852432038, 0.567837052848179, -0.17434657876782425, 0.002577520448007937, -0.566984614977402, -16.310024081842723, 0.0006024457275916358, -0.12911326479161198, 16.310039141180372, -0.00012913419784723763, 0.12898160263222422, 16.31004205431364, 7.556213439432791e-05, -0.12879199225235005, 53.689910532169336, -0.000522228884193728, 0.12864879405389817, -0.7173908673614801, -2.761538560862297e-05, -0.0020232685807559866, 0.7175048965954459, -0.0008511651175606357, 0.00238732895017121, 0.7173144579021535, 0.001297499213342133, -0.001922366867885477, -0.7173961330076517, -0.00044536349918111804, 0.0018331668697452834, -0.00048681423888474284, 2.7564775276472658e-05, 0.007543437515599473, 0.0005029878651135651, 1.6626657500155852e-06, -0.007555772363372978, 0.0005034352227756642, 1.7730393612016916e-06, 0.007584566336773771, -0.000522228884193728, 69.99997235054958, -0.007581494330646907, -0.0033194325953820477, 2.6956761561265948e-06, 0.003208639772882357, 0.0033363996743671124, -2.176006451485502e-05, -0.003196635221628209, 0.0033392610395736226, 2.3601445681675962e-05, 0.00322922277251228, -0.003353608083261802, -7.888087314672295e-06, -0.0032319644821488178, 0.13645092504343823, 0.007622370627926519, 16.81423773032706, -0.1328002118128836, 0.0001806056816055829, -16.81732443724048, -0.13296906171769776, 0.000725484360283188, 16.824216432799382, 0.12864879405389817, -0.007581494330646907, 53.17647106635634, 0.18169754980665076, 0.0005323223437825729, -0.5735317157053634, -0.17775909988061064, -0.00631221363912169, 0.5767831103284473, -0.17769109550404508, 0.007409671056240869, -0.568761377370158, 0.1744221999565812, -0.0025767460012186623, 0.5679091904589438, -0.7142335742201046, 0.003654369975335881, -0.18557004657502268, 0.715743956037772, -8.378488672297216e-05, 0.18436234309899832, 0.7155607761583448, 0.00037316113640409874, -0.1816258219541996, -0.7173908673614801, -0.0033194325953820477, 0.18169754980665076, 53.58298834095281, 0.0003101360245438504, -0.2763610879245696, 16.41871456302107, -0.004015300271352641, 0.2779706948535088, 16.418407414849938, 0.004412869980993363, -0.27428235480269203, -16.419790609532825, -0.0013320193644803134, 0.27380872351191443, -3.092285243909945e-05, -2.550566538963903e-06, -0.0005287782582568413, 2.9443448052394698e-05, -1.4388976534123754e-07, 0.0005299345437324184, 2.932173010619527e-05, -1.644468504432014e-07, -0.0005326572709220413, -2.761538560862297e-05, 2.6956761561265948e-06, 0.0005323223437825729, 0.0003101360245438504, 69.99999992071052, -0.00026767759545334187, -0.00031166574495075997, 2.063794909107854e-06, 0.00026642900575502866, -0.0003119802082395472, -2.667842972202068e-06, -0.00026950500316366515, 0.0003132829885253131, 8.46564549367343e-07, 0.00026993223452908644, -0.006891871185620305, -0.0027191421288803265, 0.5786174949087255, 0.004614471323823224, -0.0007142298698698887, -0.5768717906989923, 0.004564757391706743, 1.3834333480709847e-05, 0.5726097665975559, -0.0020232685807559866, 0.003208639772882357, -0.5735317157053634, -0.2763610879245696, -0.00026767759545334187, 53.120080860620426, 0.27415841478190583, 0.0015695790288857163, 16.878850552425455, 0.27307708507906414, -0.0018207177477611645, -16.882749974241783, -0.2711385010097702, 0.0007297142764604634, 16.882994806053766, 0.7143263415774538, -0.0036709321256981915, 0.18165459131518238, -0.7158463771605161, 8.27473913758687e-05, -0.1804393199183511, -0.7156636690275461, -0.000374248758461022, 0.17768544619759785, 0.7175048965954459, 0.0033363996743671124, -0.17775909988061064, 16.41871456302107, -0.00031166574495075997, 0.27415841478190583, 53.57957248369033, 0.004029060743261205, -0.2757753949210856, -16.420122082019837, -0.004428497357457668, 0.2720671302574853, 16.421513843418, 0.0013371361782418708, -0.27159176784669653, -0.0008228712206156442, 2.202581596266063e-05, 0.0062818725481918365, 0.0008359303765697137, 1.1760942043347292e-06, -0.006291615325579196, 0.0008358627611679565, 1.2675713469618694e-06, 0.006314415131577324, -0.0008511651175606357, -2.176006451485502e-05, -0.00631221363912169, -0.004015300271352641, 2.063794909107854e-06, 0.0015695790288857163, 0.004029060743261205, 69.9999843341608, -0.0015597711971084224, 0.004031227497512145, 1.6369881400429922e-05, 0.0015857086763580025, -0.004042744768903488, -5.477254105368806e-06, -0.0015879752232296806, 0.00724057557627723, 0.002707117884880574, -0.5818523786545516, -0.004970171431072194, 0.0007134727397950314, 0.5801119981079679, -0.004920691871218717, -1.4645314188947787e-05, -0.5758625248531561, 0.00238732895017121, -0.003196635221628209, 0.5767831103284473, 0.2779706948535088, 0.00026642900575502866, 16.878850552425455, -0.2757753949210856, -0.0015597711971084224, 53.12221306154428, -0.2746952586269209, 0.0018101982235411195, 16.881672236517485, 0.27276291759452087, -0.0007261661907875225, -16.881916055375736, 0.7141324088988796, -0.003673750873044619, 0.18159049135921812, -0.7156540957055206, 8.254028587844213e-05, -0.18037390647974938, -0.7154713156441602, -0.00037441042905139087, 0.17761710765734812, 0.7173144579021535, 0.0033392610395736226, -0.17769109550404508, 16.418407414849938, -0.0003119802082395472, 0.27307708507906414, -16.420122082019837, 0.004031227497512145, -0.2746952586269209, 53.58018313086945, -0.004430751471733107, 0.2709835970479103, 16.421210080943474, 0.0013378641597899849, -0.27050802054740186, 0.0012662258559795346, -2.474980456955677e-05, -0.0073761339272620805, -0.0012808906592151157, -1.263931559173422e-06, 0.0073867185714165, -0.0012801278394385654, -1.4138837959116695e-06, -0.007412000852432038, 0.001297499213342133, 2.3601445681675962e-05, 0.007409671056240869, 0.004412869980993363, -2.667842972202068e-06, -0.0018207177477611645, -0.004428497357457668, 1.6369881400429922e-05, 0.0018101982235411195, -0.004430751471733107, 69.99998488694642, -0.001838405634604993, 0.00444367227744137, 5.2371893952167856e-06, 0.0018406703108928505, -0.006817097315919719, -0.002739664502323312, 0.5738753059098555, 0.004527734499927306, -0.0007154301794643054, -0.5721204828634024, 0.004477792003662745, 1.2488712117261948e-05, 0.567837052848179, -0.001922366867885477, 0.00322922277251228, -0.568761377370158, -0.27428235480269203, -0.00026950500316366515, -16.882749974241783, 0.2720671302574853, 0.0015857086763580025, 16.881672236517485, 0.2709835970479103, -0.001838405634604993, 53.1144043982434, -0.26903443494679236, 0.0007355852283333814, 16.885842840916236, -0.7141960654151446, 0.003687839974942536, -0.17834109152135078, 0.7157259604398412, -8.166784303865123e-05, 0.1771181127181942, 0.7155434942284418, 0.000375330490575201, -0.17434657876782425, -0.7173961330076517, -0.003353608083261802, 0.1744221999565812, -16.419790609532825, 0.0003132829885253131, -0.2711385010097702, 16.421513843418, -0.004042744768903488, 0.27276291759452087, 16.421210080943474, 0.00444367227744137, -0.26903443494679236, 53.57738942883155, -0.0013421050369807085, 0.2685573759910007, -0.0004350796634259429, 8.163363142528746e-06, 0.002565640291066645, 0.00043989380064969017, 4.118444300219901e-07, -0.0025691879930552415, 0.0004396734254216402, 4.586252643121408e-07, 0.002577520448007937, -0.00044536349918111804, -7.888087314672295e-06, -0.0025767460012186623, -0.0013320193644803134, 8.46564549367343e-07, 0.0007297142764604634, 0.0013371361782418708, -5.477254105368806e-06, -0.0007261661907875225, 0.0013378641597899849, 5.2371893952167856e-06, 0.0007355852283333814, -0.0013421050369807085, 69.99999824775462, -0.000736360058819205, 0.0067315032401762745, 0.0027423972369845393, -0.5730270305622649, -0.004440501152992184, 0.0007156338467351624, 0.5712709156713415, -0.0043904799414365425, -1.233393470909187e-05, -0.566984614977402, 0.0018331668697452834, -0.0032319644821488178, 0.5679091904589438, 0.27380872351191443, 0.00026993223452908644, 16.882994806053766, -0.27159176784669653, -0.0015879752232296806, -16.881916055375736, -0.27050802054740186, 0.0018406703108928505, 16.885842840916236, 0.2685573759910007, -0.000736360058819205, 53.113909947855305]]}, {"__ndarray__": [[24], "float64", [10.113568535300669, 3.199322878379332, 0.13822874372343802, 1.6837552494770327, 1.0664395711988381, 4.328635066344917, 7.5824166839691225, 1.0664404868508452, 2.3716631499849967, 4.214905373818449, 3.1993172680714146, 2.09520125241878, 1.460861557456439, 3.199320047863493, 1.7333325391510614, 10.336462429819973, 1.0664372163860603, 2.7335333003855515, 4.4378001614735565, 1.0664432076269714, 3.966765993360114, 7.359522159112354, 3.1993188796831986, 0.500098213333145]]}, {"__ndarray__": [[24], "float64", [-8.385316395940032e-07, -1.1356050827219555e-05, -0.00042187984087610074, -5.26130074350736e-06, -5.936413242952735e-07, 0.00042688851858586625, -4.578421282827991e-06, -7.688240919208271e-07, -0.00043779826047099594, 1.1732355797563558e-05, 1.1344095098045712e-05, 0.00043662978717265297, 0.00015571268594754306, -1.1386360692257418e-06, -0.0002301380414734457, -0.00016211616642207205, 9.077456225228919e-06, 0.00022524216285553001, -0.00016241977733959736, -9.578092651701683e-06, -0.00023823902390124606, 0.00016776915568249217, 3.0136936410884486e-06, 0.0002392946981077392]]}, 0.2]