[{"__ndarray__": [[24, 24], "float64", [53.83898362993557, -1.175129580247752e-14, -0.15882877025477404, 16.161016369984623, 1.9088990747178195e-14, 0.15882877027180126, 16.161016369946825, -1.8451052295610206e-14, -0.15882877031794773, -16.161016369797355, -5.1391363531557226e-14, 0.1588287702405309, -0.7327455788827939, -1.2582722615743954e-14, -0.03203359775060455, 0.732745578986449, 6.0859404140988924e-15, 0.03203359779735476, 0.7327455786703897, 4.530428892173102e-14, -0.032033597788612755, -0.7327455787647665, 2.386079631231712e-14, 0.032033597789287216, -1.175129580247752e-14, 70.0, 1.8457197914871894e-14, 1.175129579312422e-14, 1.1656130124932145e-27, -1.8457197915918485e-14, 1.1751295800187746e-14, 1.42371562417512e-27, 1.8457197916719863e-14, -1.1751295806372656e-14, 3.578587692646016e-27, -1.8457197914572685e-14, 3.2084908850867834e-14, -1.4511935123858251e-27, -7.170875297547907e-15, -3.208490884199139e-14, -3.0627743008525825e-27, 7.170875297367867e-15, -3.208490883860845e-14, -3.3143766329199606e-27, -7.170875297680988e-15, 3.208490884894117e-14, -2.329947393537646e-27, 7.170875296497713e-15, -0.15882877025477404, 1.8457197914871894e-14, 53.314778898648335, 0.15882877023395872, -1.2007584213263499e-14, 16.685221101336932, 0.15882877022212705, -3.2515221800864584e-18, -16.685221101374736, -0.15882877016156244, 4.3034470584932527e-16, 16.685221101360845, -0.20094792635553557, 1.3038729635119664e-14, 0.626350699812437, 0.20094792640197803, -1.7769576282445936e-14, -0.6263506997721805, 0.20094792631827518, -8.749511599189165e-16, 0.6263506997788499, -0.20094792638467887, -1.215831750942649e-15, -0.626350699791712, 16.161016369984623, 1.175129579312422e-14, 0.15882877023395872, 53.83898363009514, -1.9088990758653745e-14, -0.1588287702509853, -16.161016369867028, 1.8451052307405848e-14, 0.1588287702971316, 16.16101636971755, 5.139136354236413e-14, -0.15882877021971464, 0.7327455780347938, 1.2582722624759727e-14, 0.03203359764243091, -0.732745578138449, -6.085940404573987e-15, -0.03203359768918207, -0.7327455778223927, -4.5304288930912494e-14, 0.03203359768044084, 0.732745577916766, -2.3860796323533593e-14, -0.03203359768111619, 1.9088990747178195e-14, 1.1656130124932145e-27, -1.2007584213263499e-14, -1.9088990758653745e-14, 70.0, 1.2007584210500966e-14, -1.9088990743235888e-14, 4.0856403314362995e-28, -1.2007584208161115e-14, 1.9088990736420133e-14, 7.480873406794929e-28, 1.20075842135144e-14, 1.0016294452369569e-14, -1.1409638933166292e-27, -1.6434444529079133e-14, -1.0016294441944999e-14, -8.62455042872308e-28, 1.643444453044303e-14, -1.001629443091839e-14, -7.23894040576793e-28, -1.6434444530949147e-14, 1.0016294438981892e-14, -6.858220991420274e-28, 1.643444452774011e-14, 0.15882877027180126, -1.8457197915918485e-14, 16.685221101336932, -0.1588287702509853, 1.2007584210500966e-14, 53.31477889867779, -0.1588287702391535, 3.2515259368282602e-18, 16.685221101360007, 0.15882877017858876, -4.303447042868537e-16, -16.68522110134612, 0.20094792611217688, -1.3038729632922489e-14, -0.6263506998331229, -0.20094792615862012, 1.7769576284450876e-14, 0.6263506997928663, -0.20094792607491788, 8.749511583187894e-16, -0.6263506997995354, 0.2009479261413211, 1.215831746740155e-15, 0.6263506998123975, 16.161016369946825, 1.1751295800187746e-14, 0.15882877022212705, -16.161016369867028, -1.9088990743235888e-14, -0.1588287702391535, 53.838983630170766, 1.8451052291826943e-14, 0.15882877028529996, 16.161016369679754, 5.139136352386883e-14, -0.1588287702078834, 0.7327455789276593, 1.2582722614396723e-14, 0.03203359763430286, -0.7327455790313141, -6.085940414283587e-15, -0.03203359768105346, -0.7327455787152548, -4.530428891611344e-14, 0.03203359767231251, 0.7327455788096336, -2.3860796306564248e-14, -0.032033597672984526, -1.8451052295610206e-14, 1.42371562417512e-27, -3.2515221800864584e-18, 1.8451052307405848e-14, 4.0856403314362995e-28, 3.2515259368282602e-18, 1.8451052291826943e-14, 70.0, -3.2515275855175754e-18, -1.845105228387113e-14, 1.889491198737035e-27, 3.251523112374898e-18, 3.233282227770114e-14, -6.180733615947603e-28, -6.553000449260499e-15, -3.2332822289859186e-14, -1.0157423797905629e-27, 6.553000447570948e-15, -3.2332822300359304e-14, -1.736277864716327e-27, -6.553000448732852e-15, 3.23328222926828e-14, -1.3319247191655263e-27, 6.553000451206246e-15, -0.15882877031794773, 1.8457197916719863e-14, -16.685221101374736, 0.1588287702971316, -1.2007584208161115e-14, 16.685221101360007, 0.15882877028529996, -3.2515275855175754e-18, 53.31477889860217, -0.1588287702247358, 4.3034469982048893e-16, 16.685221101383927, -0.20094792607517564, 1.3038729631225595e-14, 0.6263506997874753, 0.2009479261216185, -1.776957628527848e-14, -0.6263506997472191, 0.20094792603791445, -8.749511544913452e-16, 0.6263506997538884, -0.20094792610431775, -1.215831745092832e-15, -0.6263506997667493, -16.161016369797355, -1.1751295806372656e-14, -0.15882877016156244, 16.16101636971755, 1.9088990736420133e-14, 0.15882877017858876, 16.161016369679754, -1.845105228387113e-14, -0.1588287702247358, 53.83898363046972, -5.139136351811632e-14, 0.15882877014731825, -0.7327455791786592, -1.2582722606599849e-14, -0.03203359757901536, 0.7327455792823123, 6.085940420707136e-15, 0.03203359762576763, 0.7327455789662538, 4.53042889089654e-14, -0.032033597617026566, -0.7327455790606299, 2.386079629865571e-14, 0.03203359761769964, -5.1391363531557226e-14, 3.578587692646016e-27, 4.3034470584932527e-16, 5.139136354236413e-14, 7.480873406794929e-28, -4.303447042868537e-16, 5.139136352386883e-14, 1.889491198737035e-27, 4.3034469982048893e-16, -5.139136351811632e-14, 70.0, -4.3034470509647586e-16, 5.774145515869121e-14, -1.2545251457391789e-27, -2.2893465765858354e-14, -5.774145516751168e-14, -2.5564478235926065e-27, 2.2893465763723554e-14, -5.77414551823729e-14, -4.559548999021258e-27, -2.2893465763975927e-14, 5.774145517846438e-14, -2.881160221044622e-27, 2.2893465767441093e-14, 0.1588287702405309, -1.8457197914572685e-14, 16.685221101360845, -0.15882877021971464, 1.20075842135144e-14, -16.68522110134612, -0.1588287702078834, 3.251523112374898e-18, 16.685221101383927, 0.15882877014731825, -4.3034470509647586e-16, 53.314778898629974, 0.2009479263413232, -1.3038729635445195e-14, -0.6263506997974824, -0.20094792638776576, 1.7769576282526453e-14, 0.6263506997572265, -0.20094792630406305, 8.74951159096936e-16, -0.6263506997638959, 0.20094792637046646, 1.2158317497385758e-15, 0.6263506997767571, -0.7327455788827939, 3.2084908850867834e-14, -0.20094792635553557, 0.7327455780347938, 1.0016294452369569e-14, 0.20094792611217688, 0.7327455789276593, 3.233282227770114e-14, -0.20094792607517564, -0.7327455791786592, 5.774145515869121e-14, 0.2009479263413232, 53.69733288081329, -1.7297614251172173e-14, -0.2921990063955289, 16.302667120005925, -2.0871837373759603e-14, 0.29219900662476855, 16.30266712024748, -5.276596865434816e-14, -0.29219900654056846, -16.302667119993636, -4.1422907520214036e-14, 0.29219900636850565, -1.2582722615743954e-14, -1.4511935123858251e-27, 1.3038729635119664e-14, 1.2582722624759727e-14, -1.1409638933166292e-27, -1.3038729632922489e-14, 1.2582722614396723e-14, -6.180733615947603e-28, 1.3038729631225595e-14, -1.2582722606599849e-14, -1.2545251457391789e-27, -1.3038729635445195e-14, -1.7297614251172173e-14, 70.0, 1.910218506107298e-14, 1.7297614240296984e-14, 1.0539254476809282e-27, -1.9102185061688197e-14, 1.7297614234203226e-14, 1.1816644811854667e-27, 1.910218506211143e-14, -1.7297614242142183e-14, 9.824855524440014e-28, -1.9102185059666725e-14, -0.03203359775060455, -7.170875297547907e-15, 0.626350699812437, 0.03203359764243091, -1.6434444529079133e-14, -0.6263506998331229, 0.03203359763430286, -6.553000449260499e-15, 0.6263506997874753, -0.03203359757901536, -2.2893465765858354e-14, -0.6263506997974824, -0.2921990063955289, 1.910218506107298e-14, 53.13733201888331, 0.2921990064991345, 2.21788656816012e-15, 16.862667981180127, 0.29219900630859813, 2.0497768671704256e-14, -16.86266798116651, -0.2921990063930488, 1.1317994529634334e-14, 16.86266798115638, 0.732745578986449, -3.208490884199139e-14, 0.20094792640197803, -0.732745578138449, -1.0016294441944999e-14, -0.20094792615862012, -0.7327455790313141, -3.2332822289859186e-14, 0.2009479261216185, 0.7327455792823123, -5.774145516751168e-14, -0.20094792638776576, 16.302667120005925, 1.7297614240296984e-14, 0.2921990064991345, 53.697332879174866, 2.087183736480451e-14, -0.2921990067283768, -16.302667121066687, 5.276596866398117e-14, 0.292199006644176, 16.302667120812842, 4.1422907532171015e-14, -0.2921990064721141, 6.0859404140988924e-15, -3.0627743008525825e-27, -1.7769576282445936e-14, -6.085940404573987e-15, -8.62455042872308e-28, 1.7769576284450876e-14, -6.085940414283587e-15, -1.0157423797905629e-27, -1.776957628527848e-14, 6.085940420707136e-15, -2.5564478235926065e-27, 1.7769576282526453e-14, -2.0871837373759603e-14, 1.0539254476809282e-27, 2.21788656816012e-15, 2.087183736480451e-14, 70.0, -2.2178865684718148e-15, 2.0871837358441048e-14, 2.3759450995711386e-27, 2.217886568252704e-15, -2.087183736867416e-14, 1.6898887107059685e-27, -2.2178865668971443e-15, 0.03203359779735476, 7.170875297367867e-15, -0.6263506997721805, -0.03203359768918207, 1.643444453044303e-14, 0.6263506997928663, -0.03203359768105346, 6.553000447570948e-15, -0.6263506997472191, 0.03203359762576763, 2.2893465763723554e-14, 0.6263506997572265, 0.29219900662476855, -1.9102185061688197e-14, 16.862667981180127, -0.2921990067283768, -2.2178865684718148e-15, 53.137332018756446, -0.29219900653783776, -2.0497768670099425e-14, 16.862667981229936, 0.2921990066222896, -1.1317994527640469e-14, -16.862667981219808, 0.7327455786703897, -3.208490883860845e-14, 0.20094792631827518, -0.7327455778223927, -1.001629443091839e-14, -0.20094792607491788, -0.7327455787152548, -3.2332822300359304e-14, 0.20094792603791445, 0.7327455789662538, -5.77414551823729e-14, -0.20094792630406305, 16.30266712024748, 1.7297614234203226e-14, 0.29219900630859813, -16.302667121066687, 2.0871837358441048e-14, -0.29219900653783776, 53.69733287869175, 5.276596867545257e-14, 0.2921990064536373, 16.302667121054398, 4.142290754426587e-14, -0.29219900628157613, 4.530428892173102e-14, -3.3143766329199606e-27, -8.749511599189165e-16, -4.5304288930912494e-14, -7.23894040576793e-28, 8.749511583187894e-16, -4.530428891611344e-14, -1.736277864716327e-27, -8.749511544913452e-16, 4.53042889089654e-14, -4.559548999021258e-27, 8.74951159096936e-16, -5.276596865434816e-14, 1.1816644811854667e-27, 2.0497768671704256e-14, 5.276596866398117e-14, 2.3759450995711386e-27, -2.0497768670099425e-14, 5.276596867545257e-14, 70.0, 2.0497768670632515e-14, -5.276596867103993e-14, 2.644452484270713e-27, -2.049776867353824e-14, -0.032033597788612755, -7.170875297680988e-15, 0.6263506997788499, 0.03203359768044084, -1.6434444530949147e-14, -0.6263506997995354, 0.03203359767231251, -6.553000448732852e-15, 0.6263506997538884, -0.032033597617026566, -2.2893465763975927e-14, -0.6263506997638959, -0.29219900654056846, 1.910218506211143e-14, -16.86266798116651, 0.292199006644176, 2.217886568252704e-15, 16.862667981229936, 0.2921990064536373, 2.0497768670632515e-14, 53.13733201878369, -0.29219900653809006, 1.1317994529200463e-14, 16.86266798120619, -0.7327455787647665, 3.208490884894117e-14, -0.20094792638467887, 0.732745577916766, 1.0016294438981892e-14, 0.2009479261413211, 0.7327455788096336, 3.23328222926828e-14, -0.20094792610431775, -0.7327455790606299, 5.774145517846438e-14, 0.20094792637046646, -16.302667119993636, -1.7297614242142183e-14, -0.2921990063930488, 16.302667120812842, -2.087183736867416e-14, 0.2921990066222896, 16.302667121054398, -5.276596867103993e-14, -0.29219900653809006, 53.69733287919944, -4.142290753717895e-14, 0.2921990063660276, 2.386079631231712e-14, -2.329947393537646e-27, -1.215831750942649e-15, -2.3860796323533593e-14, -6.858220991420274e-28, 1.215831746740155e-15, -2.3860796306564248e-14, -1.3319247191655263e-27, -1.215831745092832e-15, 2.386079629865571e-14, -2.881160221044622e-27, 1.2158317497385758e-15, -4.1422907520214036e-14, 9.824855524440014e-28, 1.1317994529634334e-14, 4.1422907532171015e-14, 1.6898887107059685e-27, -1.1317994527640469e-14, 4.142290754426587e-14, 2.644452484270713e-27, 1.1317994529200463e-14, -4.142290753717895e-14, 70.0, -1.1317994531649166e-14, 0.032033597789287216, 7.170875296497713e-15, -0.626350699791712, -0.03203359768111619, 1.643444452774011e-14, 0.6263506998123975, -0.032033597672984526, 6.553000451206246e-15, -0.6263506997667493, 0.03203359761769964, 2.2893465767441093e-14, 0.6263506997767571, 0.29219900636850565, -1.9102185059666725e-14, 16.86266798115638, -0.2921990064721141, -2.2178865668971443e-15, -16.862667981219808, -0.29219900628157613, -2.049776867353824e-14, 16.86266798120619, 0.2921990063660276, -1.1317994531649166e-14, 53.137332018803924]]}, {"__ndarray__": [[24], "float64", [9.98344248606687, 3.1554076826096242, 0.14622217719303462, 1.6519565098472797, 1.0518025608698747, 4.259332481692791, 7.4696560078045176, 1.0518025608698747, 2.3489995066359994, 4.165742988109714, 3.1554076826096242, 2.0565551522499024, 1.4070606208637426, 3.1554076826096242, 1.7321507040773478, 10.228338375050646, 1.0518025608698747, 2.6734039548085438, 4.410638877093516, 1.0518025608698747, 3.934928033520255, 7.224760118820793, 3.1554076826096242, 0.47062662536558697]]}, {"__ndarray__": [[24], "float64", [-0.0002651406566702082, 1.1363150033819571e-15, -5.4851502349004375e-05, 0.00026514065723418794, -1.2437079515560441e-15, 5.4851502547518215e-05, 0.0002651406565464633, -1.1741910519171178e-15, -5.4851502613167524e-05, -0.0002651406561717611, 1.1494152979156829e-15, 5.4851502374281464e-05, 0.0007010841855137439, 8.950533249350576e-16, -0.00015127143386768854, -0.000701084186068079, -8.062550952363657e-16, 0.00015127143377186296, -0.000701084186553064, -8.027195544974099e-16, -0.0001512714337944935, 0.0007010841861687163, 8.470558556167277e-16, 0.00015127143393069446]]}, 0.2]