[{"__ndarray__": [[24, 24], "float64", [53.925624122366806, -7.149689722142895e-14, -0.19601032790040498, 16.074375877949922, 6.975521894609998e-14, 0.19601032794889733, 16.0743758785811, 1.1550250210271477e-13, -0.19601032765855425, -16.074375879330706, -6.006390280432196e-14, 0.19601032771263707, -0.7666911042157758, -6.571493476918257e-14, -0.06973376488997067, 0.766691104972655, 4.095749240275043e-14, 0.06973376485287028, 0.7666911056819625, 5.777685268718564e-14, -0.06973376471744328, -0.7666911059003132, -8.563744404286898e-14, 0.06973376472019849, -7.149689722142895e-14, 70.0, -2.8433815378913116e-14, 7.149689723602805e-14, -7.285742648990916e-27, 2.8433815386487614e-14, 7.149689747920723e-14, -2.0058386285863298e-26, -2.84338153103773e-14, -7.149689762179815e-14, 1.804180181227299e-27, 2.843381533486664e-14, 9.679721964539321e-14, 7.496781952533565e-27, -6.192151850245903e-16, -9.679721950905142e-14, -1.251543565008052e-26, 6.192151876895896e-16, -9.679721927931371e-14, -2.6019389880420784e-27, -6.192151504870229e-16, 9.679721924358382e-14, 1.7191165830572945e-26, 6.192151461454354e-16, -0.19601032790040498, -2.8433815378913116e-14, 53.322936784861696, 0.1960103278784039, -4.400557735753043e-14, 16.677063215144557, 0.19601032790032571, 5.039129501069606e-14, -16.677063215110813, -0.19601032810309585, 9.662648549026213e-14, 16.677063215074494, -0.21010350437445074, 3.2808282590652384e-14, 0.6423715022853931, 0.2101035045485254, 1.7706618232257094e-14, -0.6423715022442084, 0.21010350448573412, -7.276087853744541e-14, 0.6423715021843426, -0.21010350461246413, -5.2637617570997475e-14, -0.6423715022551757, 16.074375877949922, 7.149689723602805e-14, 0.1960103278784039, 53.92562412173332, -6.975521889792016e-14, -0.1960103279268958, -16.074375878897843, -1.1550250195928678e-13, 0.19601032763655357, 16.074375879647445, 6.006390280714626e-14, -0.19601032769063578, 0.766691103565412, 6.571493471695944e-14, 0.06973376497352958, -0.7666911043222904, -4.095749239754488e-14, -0.06973376493642919, -0.7666911050315983, -5.777685270660602e-14, 0.06973376480100273, 0.766691105249949, 8.563744389934242e-14, -0.06973376480375608, 6.975521894609998e-14, -7.285742648990916e-27, -4.400557735753043e-14, -6.975521889792016e-14, 70.0, 4.4005577384200556e-14, -6.975521903354665e-14, 1.2811136167520812e-26, -4.4005577394840775e-14, 6.975521897659059e-14, -1.0339246581180175e-26, 4.4005577368988225e-14, -7.553421110313863e-14, -8.956954798762905e-27, -3.0730043727183346e-14, 7.553421110380455e-14, 4.366878092665586e-27, 3.0730043715148515e-14, 7.55342110454909e-14, 8.974377136117056e-27, -3.073004372010863e-14, -7.553421101160122e-14, -9.249149546839598e-27, 3.073004373652098e-14, 0.19601032794889733, 2.8433815386487614e-14, 16.677063215144557, -0.1960103279268958, 4.4005577384200556e-14, 53.322936784849205, -0.1960103279488179, -5.0391294981694136e-14, 16.677063215117048, 0.19601032815158873, -9.662648551975908e-14, -16.677063215080736, 0.21010350430559077, -3.280828261833792e-14, -0.6423715022791496, -0.2101035044796653, -1.770661824082141e-14, 0.6423715022379656, -0.21010350441687414, 7.276087856114229e-14, -0.6423715021781011, 0.210103504543605, 5.2637617549340795e-14, 0.6423715022489312, 16.0743758785811, 7.149689747920723e-14, 0.19601032790032571, -16.074375878897843, -6.975521903354665e-14, -0.1960103279488179, 53.92562412047099, -1.155025022191718e-13, 0.19601032765847567, 16.074375880278627, 6.006390281297972e-14, -0.19601032771255794, 0.7666911021922826, 6.571493487769483e-14, 0.06973376502271747, -0.7666911029491643, -4.0957492585242205e-14, -0.06973376498561555, -0.76669110365847, -5.777685273958548e-14, 0.0697337648501895, 0.766691103876821, 8.563744410318732e-14, -0.0697337648529433, 1.1550250210271477e-13, -2.0058386285863298e-26, 5.039129501069606e-14, -1.1550250195928678e-13, 1.2811136167520812e-26, -5.0391294981694136e-14, -1.155025022191718e-13, 70.0, 5.0391294998278056e-14, 1.1550250189667955e-13, -4.719894653148631e-27, -5.039129505480411e-14, -1.924385801476212e-13, -1.2866755924992846e-26, 4.659244805722939e-14, 1.9243858041768487e-13, 1.2182406044773535e-26, -4.659244808006101e-14, 1.9243858025065349e-13, 6.022188430668414e-27, 4.6592448078547475e-14, -1.9243858031262655e-13, -2.816392778563559e-26, -4.6592448070343195e-14, -0.19601032765855425, -2.84338153103773e-14, -16.677063215110813, 0.19601032763655357, -4.4005577394840775e-14, 16.677063215117048, 0.19601032765847567, 5.0391294998278056e-14, 53.32293678491667, -0.1960103278612458, 9.662648550002073e-14, 16.67706321504699, -0.2101035049655684, 3.280828263332498e-14, 0.6423715022215013, 0.21010350513964055, 1.7706618183497018e-14, -0.6423715021803168, 0.2101035050768489, -7.27608785600408e-14, 0.6423715021204529, -0.2101035052035808, -5.263761757193582e-14, -0.6423715021912855, -16.074375879330706, -7.149689762179815e-14, -0.19601032810309585, 16.074375879647445, 6.975521897659059e-14, 0.19601032815158873, 16.074375880278627, 1.1550250189667955e-13, -0.1960103278612458, 53.925624118971754, -6.006390282907945e-14, 0.19601032791532835, -0.7666911001735972, -6.57149348131902e-14, -0.06973376462151451, 0.7666911009304767, 4.095749266801487e-14, 0.06973376458441502, 0.7666911016397835, 5.777685280287217e-14, -0.06973376444898854, -0.7666911018581357, -8.563744377196139e-14, 0.06973376445174398, -6.006390280432196e-14, 1.804180181227299e-27, 9.662648549026213e-14, 6.006390280714626e-14, -1.0339246581180175e-26, -9.662648551975908e-14, 6.006390281297972e-14, -4.719894653148631e-27, 9.662648550002073e-14, -6.006390282907945e-14, 70.0, -9.662648550258737e-14, 3.710983764988959e-14, 8.772678021817385e-27, 6.809438221353951e-14, -3.7109837592200314e-14, -4.8124064565136935e-28, -6.809438221006423e-14, -3.710983764113005e-14, -1.220461501263984e-26, 6.809438220404871e-14, 3.7109837588500386e-14, 1.8819226351496992e-27, -6.809438221349979e-14, 0.19601032771263707, 2.843381533486664e-14, 16.677063215074494, -0.19601032769063578, 4.4005577368988225e-14, -16.677063215080736, -0.19601032771255794, -5.039129505480411e-14, 16.67706321504699, 0.19601032791532835, -9.662648550258737e-14, 53.32293678498933, 0.21010350489545415, -3.2808282602882625e-14, -0.6423715021528159, -0.21010350506952946, -1.770661820532929e-14, 0.6423715021116309, -0.21010350500673625, 7.276087856122293e-14, -0.6423715020517674, 0.2101035051334682, 5.263761762249075e-14, 0.6423715021225994, -0.7666911042157758, 9.679721964539321e-14, -0.21010350437445074, 0.766691103565412, -7.553421110313863e-14, 0.21010350430559077, 0.7666911021922826, -1.924385801476212e-13, -0.2101035049655684, -0.7666911001735972, 3.710983764988959e-14, 0.21010350489545415, 53.614311904772, 7.44512438685991e-14, -0.2907926475966699, 16.385688093295208, -4.986207412311003e-14, 0.2907926476395375, 16.385688091905863, -4.2662682110037426e-14, -0.2907926478470784, -16.38568809125115, 1.4969516532223026e-13, 0.29079264794319964, -6.571493476918257e-14, 7.496781952533565e-27, 3.2808282590652384e-14, 6.571493471695944e-14, -8.956954798762905e-27, -3.280828261833792e-14, 6.571493487769483e-14, -1.2866755924992846e-26, 3.280828263332498e-14, -6.57149348131902e-14, 8.772678021817385e-27, -3.2808282602882625e-14, 7.44512438685991e-14, 70.0, 2.3089101690290012e-14, -7.44512438713383e-14, -4.609738281725142e-27, -2.3089101676535983e-14, -7.44512437951821e-14, -7.742461531948443e-27, 2.308910168410903e-14, 7.445124376024283e-14, 9.517526747469228e-27, -2.3089101701307973e-14, -0.06973376488997067, -6.192151850245903e-16, 0.6423715022853931, 0.06973376497352958, -3.0730043727183346e-14, -0.6423715022791496, 0.06973376502271747, 4.659244805722939e-14, 0.6423715022215013, -0.06973376462151451, 6.809438221353951e-14, -0.6423715021528159, -0.2907926475966699, 2.3089101690290012e-14, 53.15739571244606, 0.2907926473610319, -1.5754800264809034e-14, 16.842604287462017, 0.29079264754964174, -4.947749978356645e-14, -16.842604287389296, -0.29079264749005707, -4.019347759137272e-14, 16.842604287490943, 0.766691104972655, -9.679721950905142e-14, 0.2101035045485254, -0.7666911043222904, 7.553421110380455e-14, -0.2101035044796653, -0.7666911029491643, 1.9243858041768487e-13, 0.21010350513964055, 0.7666911009304767, -3.7109837592200314e-14, -0.21010350506952946, 16.385688093295208, -7.44512438713383e-14, 0.2907926473610319, 53.614311908637596, 4.986207405408892e-14, -0.29079264740389765, -16.385688089973076, 4.266268200937634e-14, 0.2907926476114403, 16.385688089318354, -1.4969516561799862e-13, -0.2907926477075644, 4.095749240275043e-14, -1.251543565008052e-26, 1.7706618232257094e-14, -4.095749239754488e-14, 4.366878092665586e-27, -1.770661824082141e-14, -4.0957492585242205e-14, 1.2182406044773535e-26, 1.7706618183497018e-14, 4.095749266801487e-14, -4.8124064565136935e-28, -1.770661820532929e-14, -4.986207412311003e-14, -4.609738281725142e-27, -1.5754800264809034e-14, 4.986207405408892e-14, 70.0, 1.5754800262336763e-14, 4.9862073867693884e-14, 9.927757783530765e-28, -1.5754800288505564e-14, -4.98620738570376e-14, -1.1151532744494397e-26, 1.5754800291528435e-14, 0.06973376485287028, 6.192151876895896e-16, -0.6423715022442084, -0.06973376493642919, 3.0730043715148515e-14, 0.6423715022379656, -0.06973376498561555, -4.659244808006101e-14, -0.6423715021803168, 0.06973376458441502, -6.809438221006423e-14, 0.6423715021116309, 0.2907926476395375, -2.3089101676535983e-14, 16.842604287462017, -0.29079264740389765, 1.5754800262336763e-14, 53.1573957126299, -0.29079264759250967, 4.94774997809031e-14, 16.842604287297384, 0.2907926475329246, 4.0193477611654987e-14, -16.84260428739903, 0.7666911056819625, -9.679721927931371e-14, 0.21010350448573412, -0.7666911050315983, 7.55342110454909e-14, -0.21010350441687414, -0.76669110365847, 1.9243858025065349e-13, 0.2101035050768489, 0.7666911016397835, -3.710983764113005e-14, -0.21010350500673625, 16.385688091905863, -7.44512437951821e-14, 0.29079264754964174, -16.385688089973076, 4.9862073867693884e-14, -0.29079264759250967, 53.614311911416266, 4.2662682024572e-14, 0.2907926478000495, 16.385688087929022, -1.4969516548126068e-13, -0.290792647896173, 5.777685268718564e-14, -2.6019389880420784e-27, -7.276087853744541e-14, -5.777685270660602e-14, 8.974377136117056e-27, 7.276087856114229e-14, -5.777685273958548e-14, 6.022188430668414e-27, -7.27608785600408e-14, 5.777685280287217e-14, -1.220461501263984e-26, 7.276087856122293e-14, -4.2662682110037426e-14, -7.742461531948443e-27, -4.947749978356645e-14, 4.266268200937634e-14, 9.927757783530765e-28, 4.94774997809031e-14, 4.2662682024572e-14, 70.0, -4.947749978325531e-14, -4.2662681962521996e-14, -3.289303430329492e-27, 4.947749979255516e-14, -0.06973376471744328, -6.192151504870229e-16, 0.6423715021843426, 0.06973376480100273, -3.073004372010863e-14, -0.6423715021781011, 0.0697337648501895, 4.6592448078547475e-14, 0.6423715021204529, -0.06973376444898854, 6.809438220404871e-14, -0.6423715020517674, -0.2907926478470784, 2.308910168410903e-14, -16.842604287389296, 0.2907926476114403, -1.5754800288505564e-14, 16.842604287297384, 0.2907926478000495, -4.947749978325531e-14, 53.15739571277533, -0.29079264774046576, -4.019347761596683e-14, 16.84260428732631, -0.7666911059003132, 9.679721924358382e-14, -0.21010350461246413, 0.766691105249949, -7.553421101160122e-14, 0.210103504543605, 0.766691103876821, -1.9243858031262655e-13, -0.2101035052035808, -0.7666911018581357, 3.7109837588500386e-14, 0.2101035051334682, -16.38568809125115, 7.445124376024283e-14, -0.29079264749005707, 16.385688089318354, -4.98620738570376e-14, 0.2907926475329246, 16.385688087929022, -4.2662681962521996e-14, -0.29079264774046576, 53.61431191272572, 1.4969516556100406e-13, 0.29079264783658826, -8.563744404286898e-14, 1.7191165830572945e-26, -5.2637617570997475e-14, 8.563744389934242e-14, -9.249149546839598e-27, 5.2637617549340795e-14, 8.563744410318732e-14, -2.816392778563559e-26, -5.263761757193582e-14, -8.563744377196139e-14, 1.8819226351496992e-27, 5.263761762249075e-14, 1.4969516532223026e-13, 9.517526747469228e-27, -4.019347759137272e-14, -1.4969516561799862e-13, -1.1151532744494397e-26, 4.0193477611654987e-14, -1.4969516548126068e-13, -3.289303430329492e-27, -4.019347761596683e-14, 1.4969516556100406e-13, 70.0, 4.019347761012075e-14, 0.06973376472019849, 6.192151461454354e-16, -0.6423715022551757, -0.06973376480375608, 3.073004373652098e-14, 0.6423715022489312, -0.0697337648529433, -4.6592448070343195e-14, -0.6423715021912855, 0.06973376445174398, -6.809438221349979e-14, 0.6423715021225994, 0.29079264794319964, -2.3089101701307973e-14, 16.842604287490943, -0.2907926477075644, 1.5754800291528435e-14, -16.84260428739903, -0.290792647896173, 4.947749979255516e-14, 16.84260428732631, 0.29079264783658826, 4.019347761012075e-14, 53.15739571257204]]}, {"__ndarray__": [[24], "float64", [9.976767571864427, 3.1522710944559362, 0.14457058645944043, 1.6470654210718, 1.050757031485312, 4.256604793441437, 7.4589819175398615, 1.050757031485312, 2.3451582764098404, 4.164851075396556, 3.1522710944559362, 2.0560171034910537, 1.4078740534300949, 3.1522710944559362, 1.7416360498038472, 10.215958939505986, 1.050757031485312, 2.659539330097012, 4.404042443037848, 1.050757031485312, 3.9422237397543176, 7.2197905498984465, 3.1522710944559362, 0.4589516401465948]]}, {"__ndarray__": [[24], "float64", [-0.00012420437411772583, 4.1736449939912156e-16, -2.6127954354001996e-06, 0.00012420437446748823, -2.8806672201171434e-16, 2.6127954509050496e-06, 0.0001242043753244613, -3.3432519197781947e-16, -2.612795075998672e-06, -0.0001242043764842637, 2.255724969665388e-16, 2.6127951242613896e-06, 0.0002918216970168343, 2.0124767614864975e-16, 8.927170454001111e-06, -0.00029182169582058414, -3.2997265619342086e-16, -8.927170471758391e-06, -0.0002918216950415298, -1.5227395403173574e-16, 8.927170623125374e-06, 0.00029182169465530013, 2.6565091845962224e-16, -8.927170669135553e-06]]}, 0.2]