[{"__ndarray__": [[24, 24], "float64", [53.787076523366856, -1.0391754470679157e-14, -0.15609157942190066, 16.212923476492673, 2.133287861519777e-15, 0.15609157945084776, 16.212923476615984, 3.414166588999492e-14, -0.1560915794539059, -16.21292347668958, -2.1096674484376665e-14, 0.15609157943610585, -0.7062304155607197, -4.1911902607699686e-16, -0.010381909790119492, 0.7062304156640206, 8.231859514839928e-15, 0.010381909755017432, 0.7062304157600685, 1.599002079185826e-14, -0.01038190977672751, -0.7062304156338854, -2.8287939295886122e-14, 0.010381909786937982, -1.0391754470679157e-14, 70.0, -1.696835105466346e-14, 1.0391754469575115e-14, -5.10538258275085e-28, 1.6968351055443018e-14, 1.0391754475098293e-14, -4.571420704891079e-27, -1.6968351054610656e-14, -1.03917544745763e-14, 3.1472262750320482e-27, 1.6968351055132198e-14, 6.531682306479641e-14, -2.8542899090415004e-28, -1.9638409117128175e-14, -6.53168230587215e-14, -4.824087881449502e-27, 1.9638409117170023e-14, -6.531682305784792e-14, -1.8928570267700862e-27, -1.963840911762275e-14, 6.531682305702461e-14, 3.302510767869966e-27, 1.9638409116952335e-14, -0.15609157942190066, -1.696835105466346e-14, 53.29511247320656, 0.15609157935459086, -4.407002425810746e-16, 16.70488752681681, 0.15609157940161783, 3.307472159881016e-14, -16.704887526813586, -0.1560915794735746, -2.7118032870483014e-14, 16.704887526812954, -0.1811581342655884, 5.083667040154269e-15, 0.6427325529608336, 0.18115813433873443, 1.1741245206655939e-14, -0.6427325529924328, 0.18115813439522913, 2.0204042616224013e-14, 0.6427325529655561, -0.18115813430341215, -2.5328650512099988e-14, -0.6427325529721863, 16.212923476492673, 1.0391754469575115e-14, 0.15609157935459086, 53.787076523647805, -2.1332878586786627e-15, -0.1560915793835379, -16.212923476475503, -3.41416658918638e-14, 0.1560915793865963, 16.21292347654909, 2.109667447324726e-14, -0.15609157936879609, 0.7062304159702304, 4.191190257517842e-16, 0.010381909734931083, -0.7062304160735315, -8.231859513141725e-15, -0.010381909699827718, -0.7062304161695823, -1.599002078329621e-14, 0.010381909721538463, 0.7062304160433954, 2.8287939297219048e-14, -0.010381909731753347, 2.133287861519777e-15, -5.10538258275085e-28, -4.407002425810746e-16, -2.1332878586786627e-15, 70.0, 4.4070024166708693e-16, -2.133287860823461e-15, 3.829515582158945e-28, -4.4070024194454726e-16, 2.1332878624739538e-15, -2.4842553583025336e-28, 4.407002426198966e-16, -6.267714597509203e-15, 1.3810378980398003e-29, 4.0077323301897997e-16, 6.267714596840479e-15, 4.3953168389723e-28, -4.0077323262729514e-16, 6.267714594907374e-15, 1.417717307096949e-28, 4.007732326052469e-16, -6.267714596103017e-15, -2.749804605073971e-28, -4.0077323327765377e-16, 0.15609157945084776, 1.6968351055443018e-14, 16.70488752681681, -0.1560915793835379, 4.4070024166708693e-16, 53.295112473159804, -0.15609157943056579, -3.307472159816348e-14, 16.70488752683696, 0.15609157950252145, 2.7118032874455592e-14, -16.70488752683634, 0.18115813412242363, -5.083667040131784e-15, -0.6427325529439064, -0.18115813419557045, -1.1741245207771074e-14, 0.6427325529755045, -0.18115813425206612, -2.0204042619229857e-14, -0.642732552948627, 0.1811581341602466, 2.5328650511724456e-14, 0.6427325529552581, 16.212923476615984, 1.0391754475098293e-14, 0.15609157940161783, -16.212923476475503, -2.133287860823461e-15, -0.15609157943056579, 53.78707652340116, -3.414166589488423e-14, 0.1560915794336226, 16.212923476672408, 2.1096674478705544e-14, -0.15609157941582316, 0.7062304157428506, 4.1911902557668707e-16, 0.010381909801733091, -0.7062304158461531, -8.231859517730882e-15, -0.010381909766630698, -0.7062304159422015, -1.5990020786389037e-14, 0.010381909788339194, 0.706230415816016, 2.8287939299246954e-14, -0.010381909798551775, 3.414166588999492e-14, -4.571420704891079e-27, 3.307472159881016e-14, -3.41416658918638e-14, 3.829515582158945e-28, -3.307472159816348e-14, -3.414166589488423e-14, 70.0, 3.307472159869446e-14, 3.4141665890026955e-14, -3.526518471675512e-27, -3.307472159780613e-14, -6.776405906685152e-14, 3.0450704649166646e-28, 3.965093796157212e-14, 6.776405907388808e-14, 3.738958624591834e-27, -3.9650937961348664e-14, 6.776405906993823e-14, 2.3394228689230427e-27, 3.965093796055719e-14, -6.776405906877861e-14, -3.9033859607969524e-27, -3.965093796145086e-14, -0.1560915794539059, -1.6968351054610656e-14, -16.704887526813586, 0.1560915793865963, -4.4070024194454726e-16, 16.70488752683696, 0.1560915794336226, 3.307472159869446e-14, 53.295112473166256, -0.15609157950557892, -2.711803287389952e-14, 16.704887526833105, -0.1811581341516874, 5.0836670403442484e-15, 0.6427325529538278, 0.18115813422483404, 1.1741245206888604e-14, -0.6427325529854246, 0.18115813428132804, 2.0204042618732433e-14, 0.6427325529585467, -0.18115813418951085, -2.532865051218362e-14, -0.6427325529651805, -16.21292347668958, -1.03917544745763e-14, -0.1560915794735746, 16.21292347654909, 2.1332878624739538e-15, 0.15609157950252145, 16.212923476672408, 3.4141665890026955e-14, -0.15609157950557892, 53.787076523253994, -2.109667448499245e-14, 0.1560915794877798, -0.7062304153592792, -4.1911902548627415e-16, -0.010381909828969388, 0.7062304154625814, 8.23185951784451e-15, 0.010381909793867938, 0.7062304155586305, 1.5990020791217406e-14, -0.010381909815576962, -0.7062304154324444, -2.8287939295298396e-14, 0.010381909825789903, -2.1096674484376665e-14, 3.1472262750320482e-27, -2.7118032870483014e-14, 2.109667447324726e-14, -2.4842553583025336e-28, 2.7118032874455592e-14, 2.1096674478705544e-14, -3.526518471675512e-27, -2.711803287389952e-14, -2.109667448499245e-14, 70.0, 2.711803287138251e-14, 4.5447012711927384e-14, -2.5617069852135413e-28, -2.7156864234145987e-14, -4.544701271437639e-14, -2.5856354776666864e-27, 2.7156864230676015e-14, -4.544701270463223e-14, -1.6616096117997023e-27, -2.715686423208059e-14, 4.544701271535944e-14, 2.6452237316691074e-27, 2.7156864234691115e-14, 0.15609157943610585, 1.6968351055132198e-14, 16.704887526812954, -0.15609157936879609, 4.407002426198966e-16, -16.70488752683634, -0.15609157941582316, -3.307472159780613e-14, 16.704887526833105, 0.1560915794877798, 2.711803287138251e-14, 53.29511247316749, 0.18115813412586237, -5.083667040657864e-15, -0.6427325529642406, -0.18115813419900884, -1.1741245207194892e-14, 0.6427325529958383, -0.18115813425550384, -2.020404261675047e-14, -0.6427325529689623, 0.18115813416368434, 2.5328650511273357e-14, 0.6427325529755928, -0.7062304155607197, 6.531682306479641e-14, -0.1811581342655884, 0.7062304159702304, -6.267714597509203e-15, 0.18115813412242363, 0.7062304157428506, -6.776405906685152e-14, -0.1811581341516874, -0.7062304153592792, 4.5447012711927384e-14, 0.18115813412586237, 53.533443932993286, -3.1365211329902085e-15, -0.28282969080363546, 16.466556066678457, -5.482458686699449e-14, 0.2828296909304777, 16.466556066358752, -2.9334533895568944e-14, -0.2828296908290171, -16.46655606684449, 5.0800044202264795e-14, 0.2828296907937058, -4.1911902607699686e-16, -2.8542899090415004e-28, 5.083667040154269e-15, 4.191190257517842e-16, 1.3810378980398003e-29, -5.083667040131784e-15, 4.1911902557668707e-16, 3.0450704649166646e-28, 5.0836670403442484e-15, -4.1911902548627415e-16, -2.5617069852135413e-28, -5.083667040657864e-15, -3.1365211329902085e-15, 70.0, 3.433987253169439e-15, 3.136521132189013e-15, 2.3390795286698074e-28, -3.4339872527855413e-15, 3.1365211317796005e-15, 1.7525238375034794e-28, 3.433987253294498e-15, -3.13652113308709e-15, -2.29841828168963e-28, -3.4339872529903336e-15, -0.010381909790119492, -1.9638409117128175e-14, 0.6427325529608336, 0.010381909734931083, 4.0077323301897997e-16, -0.6427325529439064, 0.010381909801733091, 3.965093796157212e-14, 0.6427325529538278, -0.010381909828969388, -2.7156864234145987e-14, -0.6427325529642406, -0.28282969080363546, 3.433987253169439e-15, 53.17287906405542, 0.2828296908378073, 1.3446192370913333e-14, 16.827120935938726, 0.2828296908700322, 1.9956475306875432e-14, -16.827120935939224, -0.28282969085170595, -2.989311639176383e-14, 16.827120935943206, 0.7062304156640206, -6.53168230587215e-14, 0.18115813433873443, -0.7062304160735315, 6.267714596840479e-15, -0.18115813419557045, -0.7062304158461531, 6.776405907388808e-14, 0.18115813422483404, 0.7062304154625814, -4.544701271437639e-14, -0.18115813419900884, 16.466556066678457, 3.136521132189013e-15, 0.2828296908378073, 53.5334439336498, 5.4824586861529e-14, -0.2828296909646502, -16.4665560660305, 2.9334533898248603e-14, 0.2828296908631919, 16.466556066516237, -5.0800044208683914e-14, -0.2828296908278769, 8.231859514839928e-15, -4.824087881449502e-27, 1.1741245206655939e-14, -8.231859513141725e-15, 4.3953168389723e-28, -1.1741245207771074e-14, -8.231859517730882e-15, 3.738958624591834e-27, 1.1741245206888604e-14, 8.23185951784451e-15, -2.5856354776666864e-27, -1.1741245207194892e-14, -5.482458686699449e-14, 2.3390795286698074e-28, 1.3446192370913333e-14, 5.4824586861529e-14, 70.0, -1.3446192370739946e-14, 5.482458686082175e-14, 1.534945568453466e-27, 1.3446192371344851e-14, -5.482458686095649e-14, -2.693310467545162e-27, -1.3446192370833294e-14, 0.010381909755017432, 1.9638409117170023e-14, -0.6427325529924328, -0.010381909699827718, -4.0077323262729514e-16, 0.6427325529755045, -0.010381909766630698, -3.9650937961348664e-14, -0.6427325529854246, 0.010381909793867938, 2.7156864230676015e-14, 0.6427325529958383, 0.2828296909304777, -3.4339872527855413e-15, 16.827120935938726, -0.2828296909646502, -1.3446192370739946e-14, 53.17287906406712, -0.2828296909968758, -1.9956475304323385e-14, 16.827120935933383, 0.28282969097854904, 2.9893116391455955e-14, -16.827120935937366, 0.7062304157600685, -6.531682305784792e-14, 0.18115813439522913, -0.7062304161695823, 6.267714594907374e-15, -0.18115813425206612, -0.7062304159422015, 6.776405906993823e-14, 0.18115813428132804, 0.7062304155586305, -4.544701270463223e-14, -0.18115813425550384, 16.466556066358752, 3.1365211317796005e-15, 0.2828296908700322, -16.4665560660305, 5.482458686082175e-14, -0.2828296909968758, 53.53344393428921, 2.9334533891455406e-14, 0.2828296908954145, 16.46655606619653, -5.08000442055125e-14, -0.28282969086009985, 1.599002079185826e-14, -1.8928570267700862e-27, 2.0204042616224013e-14, -1.599002078329621e-14, 1.417717307096949e-28, -2.0204042619229857e-14, -1.5990020786389037e-14, 2.3394228689230427e-27, 2.0204042618732433e-14, 1.5990020791217406e-14, -1.6616096117997023e-27, -2.020404261675047e-14, -2.9334533895568944e-14, 1.7525238375034794e-28, 1.9956475306875432e-14, 2.9334533898248603e-14, 1.534945568453466e-27, -1.9956475304323385e-14, 2.9334533891455406e-14, 70.0, 1.995647530531553e-14, -2.933453389946823e-14, -1.7698987216412205e-27, -1.9956475307329472e-14, -0.01038190977672751, -1.963840911762275e-14, 0.6427325529655561, 0.010381909721538463, 4.007732326052469e-16, -0.642732552948627, 0.010381909788339194, 3.965093796055719e-14, 0.6427325529585467, -0.010381909815576962, -2.715686423208059e-14, -0.6427325529689623, -0.2828296908290171, 3.433987253294498e-15, -16.827120935939224, 0.2828296908631919, 1.3446192371344851e-14, 16.827120935933383, 0.2828296908954145, 1.995647530531553e-14, 53.17287906406611, -0.2828296908770895, -2.9893116390894286e-14, 16.827120935937863, -0.7062304156338854, 6.531682305702461e-14, -0.18115813430341215, 0.7062304160433954, -6.267714596103017e-15, 0.1811581341602466, 0.706230415816016, -6.776405906877861e-14, -0.18115813418951085, -0.7062304154324444, 4.544701271535944e-14, 0.18115813416368434, -16.46655606684449, -3.13652113308709e-15, -0.28282969085170595, 16.466556066516237, -5.482458686095649e-14, 0.28282969097854904, 16.46655606619653, -2.933453389946823e-14, -0.2828296908770895, 53.533443933317706, 5.08000442051255e-14, 0.2828296908417733, -2.8287939295886122e-14, 3.302510767869966e-27, -2.5328650512099988e-14, 2.8287939297219048e-14, -2.749804605073971e-28, 2.5328650511724456e-14, 2.8287939299246954e-14, -3.9033859607969524e-27, -2.532865051218362e-14, -2.8287939295298396e-14, 2.6452237316691074e-27, 2.5328650511273357e-14, 5.0800044202264795e-14, -2.29841828168963e-28, -2.989311639176383e-14, -5.0800044208683914e-14, -2.693310467545162e-27, 2.9893116391455955e-14, -5.08000442055125e-14, -1.7698987216412205e-27, -2.9893116390894286e-14, 5.08000442051255e-14, 70.0, 2.9893116391723246e-14, 0.010381909786937982, 1.9638409116952335e-14, -0.6427325529721863, -0.010381909731753347, -4.0077323327765377e-16, 0.6427325529552581, -0.010381909798551775, -3.965093796145086e-14, -0.6427325529651805, 0.010381909825789903, 2.7156864234691115e-14, 0.6427325529755928, 0.2828296907937058, -3.4339872529903336e-15, 16.827120935943206, -0.2828296908278769, -1.3446192370833294e-14, -16.827120935937366, -0.28282969086009985, -1.9956475307329472e-14, 16.827120935937863, 0.2828296908417733, 2.9893116391723246e-14, 53.17287906405817]]}, {"__ndarray__": [[24], "float64", [10.076430076452906, 3.1867735641465, 0.14504927088922653, 1.674628949241889, 1.0622578547155, 4.3042981778463805, 7.550158462089247, 1.0622578547155, 2.3697229952570575, 4.200900563605562, 3.1867735641465, 2.07962445347856, 1.4452838345148655, 3.1867735641465, 1.7259000746593829, 10.3057751911798, 1.0622578547155, 2.723447374076276, 4.430245678332381, 1.0622578547155, 3.9505737990271874, 7.32081334736225, 3.1867735641465, 0.49877364970844124]]}, {"__ndarray__": [[24], "float64", [-8.821561558915538e-05, 1.9945192768093397e-15, -7.63886989382257e-05, 8.821561506313518e-05, -1.7824374171575676e-15, 7.638869907588403e-05, 8.821561535046372e-05, -1.7407974823340003e-15, -7.638869908915195e-05, -8.821561583019066e-05, 2.009156867853172e-15, 7.638869908466617e-05, 0.0003970582703694222, 1.1706893459279436e-15, 9.827933032012775e-06, -0.00039705826991303815, -1.3870419223374895e-15, -9.8279331992283e-06, -0.0003970582696089949, -1.4117256449061084e-15, 9.827933067089209e-06, 0.0003970582701583623, 1.147058010474528e-15, -9.827933033054802e-06]]}, 0.2]