[{"__ndarray__": [[24, 24], "float64", [54.10520738489441, 9.530340722149021e-15, -0.20802601843154123, 15.894792615200382, -2.396618055373278e-14, 0.2080260183567601, 15.894792615320572, -2.053262864817861e-14, -0.20802601837574097, -15.89479261543631, -1.4802532912157857e-14, 0.20802601841478313, -0.9681517089151649, 2.8120255402315088e-14, -0.08746796495397852, 0.968151709011795, -5.842540310108884e-15, 0.0874679650387781, 0.9681517091105988, 1.4052919201841456e-14, -0.08746796502594778, -0.9681517092095581, 1.416809287806636e-14, 0.08746796498848519, 9.530340722149021e-15, 70.0, 3.658604008908627e-14, -9.530340724015359e-15, -2.9742473650316576e-27, -3.658604008772133e-14, -9.530340726436821e-15, -1.6400207690023987e-27, 3.658604008802923e-14, 9.530340728751408e-15, 3.5697752161375215e-28, -3.658604008883537e-14, -1.602136946560035e-14, 3.2237194361752974e-27, 3.3412445218661566e-14, 1.602136946341079e-14, -2.1254213926377386e-27, -3.3412445219692936e-14, 1.602136946089187e-14, -4.172313123032665e-28, 3.3412445219473967e-14, -1.6021369459212506e-14, 1.1493396103622943e-27, -3.341244521896196e-14, -0.20802601843154123, 3.658604008908627e-14, 53.25494695160719, 0.20802601854342728, -4.403364907606661e-14, 16.745053048322585, 0.20802601867932746, -2.777745500976565e-14, -16.74505304835204, -0.20802601876315674, 7.941202786458112e-15, 16.745053048386726, -0.16889456762204608, 4.731161179070826e-14, 0.564403533774408, 0.16889456772168232, -3.1449928682374946e-14, -0.5644035337069773, 0.1688945678246454, -8.049941592587761e-15, 0.5644035337192568, -0.16889456790845458, 2.0103948154594873e-14, -0.5644035337484465, 15.894792615200382, -9.530340724015359e-15, 0.20802601854342728, 54.10520738470485, 2.3966180555877606e-14, -0.20802601846864505, -15.894792615415358, 2.0532628649082972e-14, 0.2080260184876268, 15.894792615531095, 1.4802532913526578e-14, -0.20802601852666963, 0.9681517088587727, -2.8120255404862617e-14, 0.08746796503844492, -0.9681517089554021, 5.842540311638166e-15, -0.0874679651232429, -0.9681517090542059, -1.4052919202730324e-14, 0.08746796511041266, 0.9681517091531663, -1.4168092878758062e-14, -0.0874679650729503, -2.396618055373278e-14, -2.9742473650316576e-27, -4.403364907606661e-14, 2.3966180555877606e-14, 70.0, 4.403364907561441e-14, 2.3966180558356507e-14, 2.1155520948064914e-27, -4.403364907553262e-14, -2.3966180559605517e-14, -2.941015566139924e-28, 4.403364907606366e-14, 2.2158247382076024e-14, -4.121776696554908e-27, -3.660596822030399e-14, -2.2158247380686514e-14, 2.509227942204629e-27, 3.6605968220778124e-14, -2.2158247377975228e-14, 3.4792662415534026e-28, -3.660596822042603e-14, 2.2158247376599764e-14, -1.4598183876139021e-27, 3.660596822025066e-14, 0.2080260183567601, -3.658604008772133e-14, 16.745053048322585, -0.20802601846864505, 4.403364907561441e-14, 53.254946951747634, -0.208026018604545, 2.7777455007956237e-14, 16.745053048281804, 0.20802601868837584, -7.941202787495322e-15, -16.74505304831649, 0.16889456766358102, -4.731161178989201e-14, -0.564403533847259, -0.16889456776321565, 3.144992868120736e-14, 0.5644035337798272, -0.1688945678661783, 8.049941593278983e-15, -0.564403533792107, 0.16889456794998714, -2.010394815298293e-14, 0.5644035338212965, 15.894792615320572, -9.530340726436821e-15, 0.20802601867932746, -15.894792615415358, 2.3966180558356507e-14, -0.208026018604545, 54.105207384464464, 2.053262865174958e-14, 0.20802601862352538, 15.894792615651285, 1.4802532916084513e-14, -0.20802601866256865, 0.9681517087859635, -2.8120255408039852e-14, 0.0874679651630948, -0.9681517088825948, 5.842540313606699e-15, -0.08746796524789435, -0.9681517089813971, -1.405291920464964e-14, 0.08746796523506534, 0.9681517090803586, -1.4168092880965872e-14, -0.08746796519760142, -2.053262864817861e-14, -1.6400207690023987e-27, -2.777745500976565e-14, 2.0532628649082972e-14, 2.1155520948064914e-27, 2.7777455007956237e-14, 2.053262865174958e-14, 70.0, -2.777745500847823e-14, -2.0532628653909103e-14, -2.513901659151169e-29, 2.777745500915891e-14, 3.534490361626951e-14, -2.3545285258722354e-27, -2.4493877552219895e-14, -3.534490361488462e-14, 1.386227359594979e-27, 2.4493877553660516e-14, -3.5344903611496434e-14, 4.941034647252952e-29, -2.449387755330876e-14, 3.534490360995167e-14, -1.2619297768290501e-27, 2.449387755283388e-14, -0.20802601837574097, 3.658604008802923e-14, -16.74505304835204, 0.2080260184876268, -4.403364907553262e-14, 16.745053048281804, 0.20802601862352538, -2.777745500847823e-14, 53.25494695168872, -0.20802601870735687, 7.941202787153821e-15, 16.745053048345945, -0.16889456766197086, 4.73116117899262e-14, 0.5644035338167424, 0.16889456776160572, -3.144992868149852e-14, -0.5644035337493088, 0.16889456786457047, -8.04994159305283e-15, 0.5644035337615891, -0.16889456794837832, 2.0103948153494138e-14, -0.564403533790778, -15.89479261543631, 9.530340728751408e-15, -0.20802601876315674, 15.894792615531095, -2.3966180559605517e-14, 0.20802601868837584, 15.894792615651285, -2.0532628653909103e-14, -0.20802601870735687, 54.10520738423298, -1.480253291741676e-14, 0.20802601874639842, -0.9681517087290896, 2.812025540989506e-14, -0.08746796527038408, 0.9681517088257234, -5.842540315524357e-15, 0.087467965355184, 0.9681517089245247, 1.4052919205384101e-14, -0.0874679653423528, -0.9681517090234856, 1.4168092882767905e-14, 0.0874679653048879, -1.4802532912157857e-14, 3.5697752161375215e-28, 7.941202786458112e-15, 1.4802532913526578e-14, -2.941015566139924e-28, -7.941202787495322e-15, 1.4802532916084513e-14, -2.513901659151169e-29, 7.941202787153821e-15, -1.480253291741676e-14, 70.0, -7.941202786721085e-15, 9.195119496629241e-15, 2.9136753636203286e-28, 6.496790364714255e-15, -9.195119495742806e-15, -3.313576916754462e-28, -6.496790363814939e-15, -9.195119493321109e-15, -2.3353686679060795e-28, 6.496790363967674e-15, 9.19511949177838e-15, 1.0065975039768815e-29, -6.496790364527922e-15, 0.20802601841478313, -3.658604008883537e-14, 16.745053048386726, -0.20802601852666963, 4.403364907606366e-14, -16.74505304831649, -0.20802601866256865, 2.777745500915891e-14, 16.745053048345945, 0.20802601874639842, -7.941202786721085e-15, 53.25494695161939, 0.168894567643734, -4.731161179065286e-14, -0.5644035337858422, -0.16889456774337042, 3.144992868218875e-14, 0.5644035337184076, -0.16889456784633428, 8.049941592822548e-15, -0.5644035337306881, 0.1688945679301404, -2.0103948154072168e-14, 0.5644035337598785, -0.9681517089151649, -1.602136946560035e-14, -0.16889456762204608, 0.9681517088587727, 2.2158247382076024e-14, 0.16889456766358102, 0.9681517087859635, 3.534490361626951e-14, -0.16889456766197086, -0.9681517087290896, 9.195119496629241e-15, 0.168894567643734, 53.9109764466821, -2.787796098989618e-14, -0.32394290737276826, 16.08902355324737, 1.343792540579506e-14, 0.3239429073618574, 16.089023553139242, -8.348592496768029e-15, -0.32394290736891324, -16.08902355307677, -2.8268736889378347e-14, 0.3239429073804668, 2.8120255402315088e-14, 3.2237194361752974e-27, 4.731161179070826e-14, -2.8120255404862617e-14, -4.121776696554908e-27, -4.731161178989201e-14, -2.8120255408039852e-14, -2.3545285258722354e-27, 4.73116117899262e-14, 2.812025540989506e-14, 2.9136753636203286e-28, -4.731161179065286e-14, -2.787796098989618e-14, 70.0, 4.021835486854224e-14, 2.787796098803162e-14, -2.7222327821548544e-27, -4.0218354869325517e-14, 2.7877960984599827e-14, -3.532995139538163e-28, 4.0218354868913346e-14, -2.787796098278034e-14, 1.637325377478282e-27, -4.0218354868578623e-14, -0.08746796495397852, 3.3412445218661566e-14, 0.564403533774408, 0.08746796503844492, -3.660596822030399e-14, -0.564403533847259, 0.0874679651630948, -2.4493877552219895e-14, 0.5644035338167424, -0.08746796527038408, 6.496790364714255e-15, -0.5644035337858422, -0.32394290737276826, 4.021835486854224e-14, 53.0526645619687, 0.32394290744919635, -2.9433454394563054e-14, 16.947335438104595, 0.3239429075377505, -7.392177630713425e-15, -16.947335438098747, -0.3239429076402268, 1.8277115638460703e-14, 16.947335438063337, 0.968151709011795, 1.602136946341079e-14, 0.16889456772168232, -0.9681517089554021, -2.2158247380686514e-14, -0.16889456776321565, -0.9681517088825948, -3.534490361488462e-14, 0.16889456776160572, 0.9681517088257234, -9.195119495742806e-15, -0.16889456774337042, 16.08902355324737, 2.787796098803162e-14, 0.32394290744919635, 53.91097644682314, -1.3437925403931322e-14, -0.3239429074382852, -16.089023553068706, 8.348592496335389e-15, 0.32394290744533866, 16.089023553006243, 2.8268736888298863e-14, -0.323942907456894, -5.842540310108884e-15, -2.1254213926377386e-27, -3.1449928682374946e-14, 5.842540311638166e-15, 2.509227942204629e-27, 3.144992868120736e-14, 5.842540313606699e-15, 1.386227359594979e-27, -3.144992868149852e-14, -5.842540315524357e-15, -3.313576916754462e-28, 3.144992868218875e-14, 1.343792540579506e-14, -2.7222327821548544e-27, -2.9433454394563054e-14, -1.3437925403931322e-14, 70.0, 2.943345439547146e-14, -1.3437925401881583e-14, 3.866721128882521e-28, -2.94334543952661e-14, 1.3437925400583216e-14, -9.767615047774828e-28, 2.943345439485497e-14, 0.0874679650387781, -3.3412445219692936e-14, -0.5644035337069773, -0.0874679651232429, 3.6605968220778124e-14, 0.5644035337798272, -0.08746796524789435, 2.4493877553660516e-14, -0.5644035337493088, 0.087467965355184, -6.496790363814939e-15, 0.5644035337184076, 0.3239429073618574, -4.0218354869325517e-14, 16.947335438104595, -0.3239429074382852, 2.943345439547146e-14, 53.052664561822134, -0.323942907526839, 7.392177630129537e-15, 16.947335438172036, 0.32394290762931177, -1.8277115639795048e-14, -16.94733543813663, 0.9681517091105988, 1.602136946089187e-14, 0.1688945678246454, -0.9681517090542059, -2.2158247377975228e-14, -0.1688945678661783, -0.9681517089813971, -3.5344903611496434e-14, 0.16889456786457047, 0.9681517089245247, -9.195119493321109e-15, -0.16889456784633428, 16.089023553139242, 2.7877960984599827e-14, 0.3239429075377505, -16.089023553068706, -1.3437925401881583e-14, -0.323942907526839, 53.91097644703944, 8.348592494617895e-15, 0.3239429075338923, 16.089023552898112, 2.8268736885336066e-14, -0.3239429075454512, 1.4052919201841456e-14, -4.172313123032665e-28, -8.049941592587761e-15, -1.4052919202730324e-14, 3.4792662415534026e-28, 8.049941593278983e-15, -1.405291920464964e-14, 4.941034647252952e-29, -8.04994159305283e-15, 1.4052919205384101e-14, -2.3353686679060795e-28, 8.049941592822548e-15, -8.348592496768029e-15, -3.532995139538163e-28, -7.392177630713425e-15, 8.348592496335389e-15, 3.866721128882521e-28, 7.392177630129537e-15, 8.348592494617895e-15, 70.0, -7.392177630234828e-15, -8.348592493523516e-15, -2.791819306637555e-29, 7.392177630632766e-15, -0.08746796502594778, 3.3412445219473967e-14, 0.5644035337192568, 0.08746796511041266, -3.660596822042603e-14, -0.564403533792107, 0.08746796523506534, -2.449387755330876e-14, 0.5644035337615891, -0.0874679653423528, 6.496790363967674e-15, -0.5644035337306881, -0.32394290736891324, 4.0218354868913346e-14, -16.947335438098747, 0.32394290744533866, -2.94334543952661e-14, 16.947335438172036, 0.3239429075338923, -7.392177630234828e-15, 53.05266456183382, -0.32394290763636546, 1.827711563946524e-14, 16.947335438130775, -0.9681517092095581, -1.6021369459212506e-14, -0.16889456790845458, 0.9681517091531663, 2.2158247376599764e-14, 0.16889456794998714, 0.9681517090803586, 3.534490360995167e-14, -0.16889456794837832, -0.9681517090234856, 9.19511949177838e-15, 0.1688945679301404, -16.08902355307677, -2.787796098278034e-14, -0.3239429076402268, 16.089023553006243, 1.3437925400583216e-14, 0.32394290762931177, 16.089023552898112, -8.348592493523516e-15, -0.32394290763636546, 53.910976447164344, -2.8268736884132422e-14, 0.3239429076479222, 1.416809287806636e-14, 1.1493396103622943e-27, 2.0103948154594873e-14, -1.4168092878758062e-14, -1.4598183876139021e-27, -2.010394815298293e-14, -1.4168092880965872e-14, -1.2619297768290501e-27, 2.0103948153494138e-14, 1.4168092882767905e-14, 1.0065975039768815e-29, -2.0103948154072168e-14, -2.8268736889378347e-14, 1.637325377478282e-27, 1.8277115638460703e-14, 2.8268736888298863e-14, -9.767615047774828e-28, -1.8277115639795048e-14, 2.8268736885336066e-14, -2.791819306637555e-29, 1.827711563946524e-14, -2.8268736884132422e-14, 70.0, -1.8277115639078908e-14, 0.08746796498848519, -3.341244521896196e-14, -0.5644035337484465, -0.0874679650729503, 3.660596822025066e-14, 0.5644035338212965, -0.08746796519760142, 2.449387755283388e-14, -0.564403533790778, 0.0874679653048879, -6.496790364527922e-15, 0.5644035337598785, 0.3239429073804668, -4.0218354868578623e-14, 16.947335438063337, -0.323942907456894, 2.943345439485497e-14, -16.94733543813663, -0.3239429075454512, 7.392177630632766e-15, 16.947335438130775, 0.3239429076479222, -1.8277115639078908e-14, 53.05266456190461]]}, {"__ndarray__": [[24], "float64", [9.815810876225699, 3.09894909584325, 0.11261963227839869, 1.6114000660837515, 1.03298303194775, 4.214108004877958, 7.325005537238404, 1.03298303194775, 2.2759834508565104, 4.102205405071192, 3.09894909584325, 2.050744186299763, 1.3533471336968064, 3.09894909584325, 1.7993690699865101, 10.073863808612652, 1.03298303194775, 2.5273585671697005, 4.360258337457902, 1.03298303194775, 3.9627328885647453, 7.066952604851679, 3.09894909584325, 0.3639947485915919]]}, {"__ndarray__": [[24], "float64", [-0.0009252687055133099, 2.1155050832339507e-15, -0.0010257824995001607, 0.0009252687060920719, -2.2443937116411276e-15, 0.0010257824991014052, 0.0009252687067601194, -2.395557277287079e-15, -0.0010257824992264072, -0.0009252687073222798, 2.2283107270376837e-15, 0.0010257824994440229, 0.0005818200050699473, 1.9228404047767834e-15, -0.0011011669618647625, -0.0005818200045835057, -1.742314617550581e-15, 0.0011011669622148369, -0.0005818200039211211, -1.871007907153621e-15, -0.0011011669621626733, 0.0005818200034180408, 1.9876117713327904e-15, 0.001101166961993742]]}, 0.2]