[{"__ndarray__": [[24, 24], "float64", [53.918010502864746, -2.1786224941476422e-14, -0.19035059680403527, 16.08198949703819, -8.784214955759384e-14, 0.19035059675882066, 16.08198949773391, 6.744436348937908e-14, -0.19035059667716248, -16.081989497490756, 4.159035212959646e-14, 0.19035059663381865, -0.7957628538704502, 7.901327177192219e-14, -0.043302200825275, 0.7957628537742462, 3.493692469239378e-14, 0.0433022008415587, 0.7957628544191658, -3.268764862784544e-14, -0.043302200756408865, -0.795762854004263, -8.087653387392716e-14, 0.043302200797730825, -2.1786224941476422e-14, 70.0, -2.73194524942184e-14, 2.1786224910275717e-14, 2.32387466132528e-26, 2.7319452494017378e-14, 2.1786224987509434e-14, -1.397697655866005e-26, -2.731945248168401e-14, -2.17862249614298e-14, -5.1060250483080655e-27, 2.7319452477244636e-14, 9.145479600157732e-14, -2.197288538837464e-26, -2.2902124134221217e-14, -9.145479603762688e-14, -9.367268580052768e-27, 2.2902124132889765e-14, -9.14547959529964e-14, 2.4783041396861724e-27, -2.29021241202449e-14, 9.145479598942944e-14, 1.477154779616747e-26, 2.2902124125729363e-14, -0.19035059680403527, -2.73194524942184e-14, 53.35809483469502, 0.19035059678704006, -2.536567649412699e-14, 16.641905165256727, 0.19035059708202484, 5.10604373855677e-14, -16.64190516524332, -0.190350596991025, 1.119811059387691e-15, 16.6419051652137, -0.17400390632524046, 3.7432455319745505e-14, 0.6553690626257417, 0.17400390620071085, 5.8563732509215295e-15, -0.6553690626248788, 0.17400390664506843, -6.247864762692447e-15, 0.6553690626437156, -0.1740039064834087, -3.688634531318292e-14, -0.6553690626425276, 16.08198949703819, 2.1786224910275717e-14, 0.19035059678704006, 53.918010503058895, 8.784214932182376e-14, -0.19035059674182586, -16.08198949763684, -6.744436348476788e-14, 0.19035059666016588, 16.08198949739369, -4.159035199553314e-14, -0.19035059661682188, 0.7957628565210354, -7.901327158275958e-14, 0.04330220048892083, -0.7957628564248325, -3.493692463316276e-14, -0.0433022005052042, -0.7957628570697532, 3.268764854361098e-14, 0.043302200420055025, 0.7957628566548504, 8.087653383703526e-14, -0.04330220046137738, -8.784214955759384e-14, 2.32387466132528e-26, -2.536567649412699e-14, 8.784214932182376e-14, 70.0, 2.536567651327055e-14, 8.784214980609159e-14, -3.22377365891174e-26, -2.5365676446522718e-14, -8.784214960796067e-14, -1.2974337814486158e-26, 2.5365676420182627e-14, 2.0991849539530598e-13, -5.213076432780501e-26, -1.3315033656163209e-14, -2.0991849559338489e-13, -2.246993423140835e-26, 1.3315033642536407e-14, -2.0991849510594132e-13, 6.49825517081786e-27, -1.331503359020912e-14, 2.0991849534620258e-13, 3.509447784756694e-26, 1.3315033609894867e-14, 0.19035059675882066, 2.7319452494017378e-14, 16.641905165256727, -0.19035059674182586, 2.536567651327055e-14, 53.35809483479152, -0.19035059703680735, -5.106043738285318e-14, 16.64190516519507, 0.19035059694581022, -1.1198110665676821e-15, -16.641905165165447, 0.1740039060849644, -3.7432455335411576e-14, -0.6553690625988912, -0.17400390596043358, -5.856373253743979e-15, 0.6553690625980303, -0.17400390640479252, 6.247864766793315e-15, -0.655369062616866, 0.17400390624313217, 3.6886345313226294e-14, 0.6553690626156783, 16.08198949773391, 2.1786224987509434e-14, 0.19035059708202484, -16.08198949763684, 8.784214980609159e-14, -0.19035059703680735, 53.91801050166743, -6.744436352546756e-14, 0.19035059695514964, 16.08198949808941, -4.1590352239472065e-14, -0.19035059691180659, 0.7957628523196209, -7.901327198913166e-14, 0.043302201027078574, -0.7957628522234172, -3.493692475203637e-14, -0.04330220104336262, -0.7957628528683369, 3.268764870029273e-14, 0.04330220095821409, 0.7957628524534341, 8.087653393186105e-14, -0.043302200999534385, 6.744436348937908e-14, -1.397697655866005e-26, 5.10604373855677e-14, -6.744436348476788e-14, -3.22377365891174e-26, -5.106043738285318e-14, -6.744436352546756e-14, 70.0, 5.106043737594885e-14, 6.74443635209731e-14, 7.71273451147955e-27, -5.106043737258466e-14, -1.371800394319748e-13, 3.0716339478980984e-26, 3.965535778527708e-14, 1.371800394491867e-13, 1.2780009496309972e-26, -3.9655357785302797e-14, 1.3718003939856696e-13, -4.377694744696566e-27, 3.965535777544576e-14, -1.3718003941738285e-13, -2.185789565944867e-26, -3.965535777894356e-14, -0.19035059667716248, -2.731945248168401e-14, -16.64190516524332, 0.19035059666016588, -2.5365676446522718e-14, 16.64190516519507, 0.19035059695514964, 5.106043737594885e-14, 53.35809483481834, -0.19035059686415157, 1.1198110384727228e-15, 16.64190516515204, -0.17400390668665394, 3.743245527785936e-14, 0.6553690626702018, 0.17400390656212283, 5.856373236889209e-15, -0.6553690626693399, 0.17400390700648213, -6.2478647495116506e-15, 0.6553690626881774, -0.17400390684482028, -3.688634529967478e-14, -0.6553690626869908, -16.081989497490756, -2.17862249614298e-14, -0.190350596991025, 16.08198949739369, -8.784214960796067e-14, 0.19035059694581022, 16.08198949808941, 6.74443635209731e-14, -0.19035059686415157, 53.918010502153756, 4.15903521302441e-14, 0.19035059682080768, -0.7957628542910808, 7.901327182706248e-14, -0.04330220078134924, 0.7957628541948767, 3.493692470489656e-14, 0.04330220079763289, 0.795762854839794, -3.268764863023944e-14, -0.04330220071248403, -0.7957628544248949, -8.087653390223986e-14, 0.043302200753805274, 4.159035212959646e-14, -5.1060250483080655e-27, 1.119811059387691e-15, -4.159035199553314e-14, -1.2974337814486158e-26, -1.1198110665676821e-15, -4.1590352239472065e-14, 7.71273451147955e-27, 1.1198110384727228e-15, 4.15903521302441e-14, 70.0, -1.1198110329321551e-15, -5.516835527805738e-14, 1.2051261627001634e-26, 3.311888896013862e-16, 5.516835538140199e-14, 5.206812093198756e-27, -3.3118888090183286e-16, 5.5168355142728717e-14, -1.8897672437435034e-27, 3.3118886367658956e-16, -5.516835526743949e-14, -8.549635479699333e-27, -3.31188868645992e-16, 0.19035059663381865, 2.7319452477244636e-14, 16.6419051652137, -0.19035059661682188, 2.5365676420182627e-14, -16.641905165165447, -0.19035059691180659, -5.106043737258466e-14, 16.64190516515204, 0.19035059682080768, -1.1198110329321551e-15, 53.35809483487758, 0.17400390685955228, -3.743245525382321e-14, -0.6553690626955263, -0.17400390673502286, -5.8563732310931005e-15, 0.655369062694664, -0.1740039071793784, 6.2478647463789735e-15, -0.6553690627134998, 0.17400390701771734, 3.6886345294484063e-14, 0.655369062712314, -0.7957628538704502, 9.145479600157732e-14, -0.17400390632524046, 0.7957628565210354, 2.0991849539530598e-13, 0.1740039060849644, 0.7957628523196209, -1.371800394319748e-13, -0.17400390668665394, -0.7957628542910808, -5.516835527805738e-14, 0.17400390685955228, 53.709354902682136, -1.9770035442162738e-13, -0.335437981962167, 16.290645099059173, -8.625986298100925e-14, 0.3354379821393483, 16.290645095319757, 3.0907921316632365e-14, -0.3354379825414709, -16.290645097472105, 1.467649246130704e-13, 0.33543798238564393, 7.901327177192219e-14, -2.197288538837464e-26, 3.7432455319745505e-14, -7.901327158275958e-14, -5.213076432780501e-26, -3.7432455335411576e-14, -7.901327198913166e-14, 3.0716339478980984e-26, 3.743245527785936e-14, 7.901327182706248e-14, 1.2051261627001634e-26, -3.743245525382321e-14, -1.9770035442162738e-13, 70.0, 2.3109920302031674e-14, 1.9770035458710722e-13, 2.0915689949048617e-26, -2.3109920291097027e-14, 1.977003541746011e-13, -6.135053337806987e-27, 2.310992024362617e-14, -1.9770035437310286e-13, -3.313543952350766e-26, -2.3109920261979568e-14, -0.043302200825275, -2.2902124134221217e-14, 0.6553690626257417, 0.04330220048892083, -1.3315033656163209e-14, -0.6553690625988912, 0.043302201027078574, 3.965535778527708e-14, 0.6553690626702018, -0.04330220078134924, 3.311888896013862e-16, -0.6553690626955263, -0.335437981962167, 2.3109920302031674e-14, 53.16049208409579, 0.3354379817080216, 4.187207525892117e-15, 16.839507915889424, 0.3354379822568075, -3.605711345463977e-15, -16.839507915838706, -0.33543798197344793, -2.757240192134278e-14, 16.83950791585669, 0.7957628537742462, -9.145479603762688e-14, 0.17400390620071085, -0.7957628564248325, -2.0991849559338489e-13, -0.17400390596043358, -0.7957628522234172, 1.371800394491867e-13, 0.17400390656212283, 0.7957628541948767, 5.516835538140199e-14, -0.17400390673502286, 16.290645099059173, 1.9770035458710722e-13, 0.3354379817080216, 53.70935489919955, 8.625986303293523e-14, -0.33543798188520346, -16.290645097061045, -3.0907921382345375e-14, 0.33543798228732474, 16.290645099213396, -1.4676492465219058e-13, -0.33543798213149834, 3.493692469239378e-14, -9.367268580052768e-27, 5.8563732509215295e-15, -3.493692463316276e-14, -2.246993423140835e-26, -5.856373253743979e-15, -3.493692475203637e-14, 1.2780009496309972e-26, 5.856373236889209e-15, 3.493692470489656e-14, 5.206812093198756e-27, -5.8563732310931005e-15, -8.625986298100925e-14, 2.0915689949048617e-26, 4.187207525892117e-15, 8.625986303293523e-14, 70.0, -4.187207522961982e-15, 8.625986291025843e-14, -2.5272810341821668e-27, 4.18720750919522e-15, -8.625986297045334e-14, -1.3982646870456455e-26, -4.1872075148632345e-15, 0.0433022008415587, 2.2902124132889765e-14, -0.6553690626248788, -0.0433022005052042, 1.3315033642536407e-14, 0.6553690625980303, -0.04330220104336262, -3.9655357785302797e-14, -0.6553690626693399, 0.04330220079763289, -3.3118888090183286e-16, 0.655369062694664, 0.3354379821393483, -2.3109920291097027e-14, 16.839507915889424, -0.33543798188520346, -4.187207522961982e-15, 53.16049208412536, -0.33543798243398776, 3.6057113396089424e-15, 16.839507915823923, 0.3354379821506289, 2.7572401919486804e-14, -16.8395079158419, 0.7957628544191658, -9.14547959529964e-14, 0.17400390664506843, -0.7957628570697532, -2.0991849510594132e-13, -0.17400390640479252, -0.7957628528683369, 1.3718003939856696e-13, 0.17400390700648213, 0.795762854839794, 5.5168355142728717e-14, -0.1740039071793784, 16.290645095319757, 1.977003541746011e-13, 0.3354379822568075, -16.290645097061045, 8.625986291025843e-14, -0.33543798243398776, 53.709354906678364, -3.0907921229300073e-14, 0.33543798283611126, 16.290645095473977, -1.4676492454957977e-13, -0.33543798268028496, -3.268764862784544e-14, 2.4783041396861724e-27, -6.247864762692447e-15, 3.268764854361098e-14, 6.49825517081786e-27, 6.247864766793315e-15, 3.268764870029273e-14, -4.377694744696566e-27, -6.2478647495116506e-15, -3.268764863023944e-14, -1.8897672437435034e-27, 6.2478647463789735e-15, 3.0907921316632365e-14, -6.135053337806987e-27, -3.605711345463977e-15, -3.0907921382345375e-14, -2.5272810341821668e-27, 3.6057113396089424e-15, -3.0907921229300073e-14, 70.0, -3.605711328962915e-15, 3.090792130825671e-14, 4.7643254784505614e-27, 3.605711332051378e-15, -0.043302200756408865, -2.29021241202449e-14, 0.6553690626437156, 0.043302200420055025, -1.331503359020912e-14, -0.655369062616866, 0.04330220095821409, 3.965535777544576e-14, 0.6553690626881774, -0.04330220071248403, 3.3118886367658956e-16, -0.6553690627134998, -0.3354379825414709, 2.310992024362617e-14, -16.839507915838706, 0.33543798228732474, 4.18720750919522e-15, 16.839507915823923, 0.33543798283611126, -3.605711328962915e-15, 53.16049208422677, -0.3354379825527506, -2.7572401906211496e-14, 16.839507915791202, -0.795762854004263, 9.145479598942944e-14, -0.1740039064834087, 0.7957628566548504, 2.0991849534620258e-13, 0.17400390624313217, 0.7957628524534341, -1.3718003941738285e-13, -0.17400390684482028, -0.7957628544248949, -5.516835526743949e-14, 0.17400390701771734, -16.290645097472105, -1.9770035437310286e-13, -0.33543798197344793, 16.290645099213396, -8.625986297045334e-14, 0.3354379821506289, 16.290645095473977, 3.090792130825671e-14, -0.3354379825527506, 53.70935490237368, 1.467649245976304e-13, 0.335437982396926, -8.087653387392716e-14, 1.477154779616747e-26, -3.688634531318292e-14, 8.087653383703526e-14, 3.509447784756694e-26, 3.6886345313226294e-14, 8.087653393186105e-14, -2.185789565944867e-26, -3.688634529967478e-14, -8.087653390223986e-14, -8.549635479699333e-27, 3.6886345294484063e-14, 1.467649246130704e-13, -3.313543952350766e-26, -2.757240192134278e-14, -1.4676492465219058e-13, -1.3982646870456455e-26, 2.7572401919486804e-14, -1.4676492454957977e-13, 4.7643254784505614e-27, -2.7572401906211496e-14, 1.467649245976304e-13, 70.0, 2.757240191080059e-14, 0.043302200797730825, 2.2902124125729363e-14, -0.6553690626425276, -0.04330220046137738, 1.3315033609894867e-14, 0.6553690626156783, -0.043302200999534385, -3.965535777894356e-14, -0.6553690626869908, 0.043302200753805274, -3.31188868645992e-16, 0.655369062712314, 0.33543798238564393, -2.3109920261979568e-14, 16.83950791585669, -0.33543798213149834, -4.1872075148632345e-15, -16.8395079158419, -0.33543798268028496, 3.605711332051378e-15, 16.839507915791202, 0.335437982396926, 2.757240191080059e-14, 53.160492084190835]]}, {"__ndarray__": [[24], "float64", [9.909772814165482, 3.1303149773801247, 0.1392949961111286, 1.6330981579245596, 1.043438325793375, 4.231225430894896, 7.404533643969342, 1.043438325793375, 2.3245552096141453, 4.138337328120482, 3.1303149773801247, 2.04596521739191, 1.3835954239167205, 3.1303149773801247, 1.7534053451477019, 10.15927554817328, 1.043438325793375, 2.617115081858347, 4.387840062128163, 1.043438325793375, 3.9386655586507016, 7.155030909961652, 3.1303149773801247, 0.43185486835533954]]}, {"__ndarray__": [[24], "float64", [-2.279459679163743e-05, 1.257692712072013e-15, -1.212297827044408e-05, 2.2794595913381384e-05, -1.2272789028401782e-15, 1.2122978334805465e-05, 2.2794597479416608e-05, -1.2480472159265648e-15, -1.2122978123252468e-05, -2.2794596748593668e-05, 1.2702702262771155e-15, 1.2122978042311354e-05, 0.00016516126770376588, 9.090166087854324e-16, -1.9169331586017736e-05, -0.0001651612684111822, -9.25687938064028e-16, 1.9169331542876465e-05, -0.00016516126685675678, -9.497938791872026e-16, -1.9169331372986538e-05, 0.00016516126771161095, 9.14494570005445e-16, 1.916933143270255e-05]]}, 0.2]