[{"__ndarray__": [[24, 24], "float64", [53.920105877495224, -1.1584740966782094e-14, -0.44271590954919005, 16.079894122449396, -1.754172256180283e-14, 0.4427159095000883, 16.07989412267715, -2.2605122684971394e-14, -0.4427159094899247, -16.07989412265917, 4.06285879839794e-15, 0.44271590949119544, -0.7449411918576656, 1.9435539169446062e-14, 0.2746116218666836, 0.7449411917719635, 1.5300919228192027e-14, -0.27461162186760285, 0.7449411920655775, -5.314871102447063e-15, 0.27461162187567445, -0.7449411919241907, 1.8476772959987717e-14, -0.2746116218713207, -1.1584740966782094e-14, 70.0, -2.3669030344515525e-14, 1.1584740965881814e-14, 5.895868668155226e-27, 2.366903034412013e-14, 1.1584740972019654e-14, -2.528665796511837e-27, -2.3669030343765103e-14, -1.1584740971047512e-14, -1.2052576351290206e-27, 2.366903034363812e-14, 3.863497521702996e-14, -5.965882636589914e-27, -2.4711253076016522e-14, -3.8634975217285484e-14, -1.6611888358025934e-27, 2.4711253076259175e-14, -3.8634975212436325e-14, 9.095413496603837e-28, -2.471125307556287e-14, 3.863497521348472e-14, 2.503780180350727e-27, 2.4711253075756198e-14, -0.44271590954919005, -2.3669030344515525e-14, 59.820148326096934, 0.4427159095280975, -7.074477765908203e-14, 10.179851673896954, 0.4427159096756019, 3.363142204513567e-14, -10.179851673888201, -0.4427159096043647, 1.4273738174672972e-14, 10.179851673882444, -1.5462170986970625, 7.057117791680802e-14, -7.703352144581618, 1.5462170987958528, 1.797512839279249e-14, 7.703352144574232, 1.546217098726462, -1.0737146424815418e-14, -7.7033521445546, -1.5462170987763688, -2.953614351254627e-14, 7.703352144561857, 16.079894122449396, 1.1584740965881814e-14, 0.4427159095280975, 53.920105877605984, 1.7541722554117927e-14, -0.442715909478996, -16.079894122621777, 2.260512269050489e-14, 0.44271590946883244, 16.079894122603793, -4.062858795289273e-15, -0.4427159094701034, 0.7449411920278082, -1.9435539162260704e-14, -0.27461162189875993, -0.7449411919421051, -1.5300919227516895e-14, 0.2746116218996791, -0.74494119223572, 5.314871100681999e-15, -0.2746116219077504, 0.7449411920943331, -1.8476772966028003e-14, 0.27461162190339694, -1.754172256180283e-14, 5.895868668155226e-27, -7.074477765908203e-14, 1.7541722554117927e-14, 70.0, 7.074477765727943e-14, 1.7541722576734585e-14, -8.476533632836718e-27, -7.074477765577567e-14, -1.754172257220232e-14, -3.7997683867509595e-27, 7.074477765614642e-14, 1.1552765998355272e-13, -1.8799479422842788e-26, -7.348183721164534e-14, -1.1552765998330796e-13, -5.085253839338887e-27, 7.348183721182763e-14, -1.155276599682467e-13, 2.8242296109178942e-27, -7.34818372099792e-14, 1.1552765997134297e-13, 8.393293635795326e-27, 7.348183721090883e-14, 0.4427159095000883, 2.366903034412013e-14, 10.179851673896954, -0.442715909478996, 7.074477765727943e-14, 59.82014832610915, -0.44271590962650076, -3.3631422042818386e-14, 10.179851673882094, 0.442715909555263, -1.427373817426193e-14, -10.179851673876335, 1.5462170987753565, -7.057117791501981e-14, 7.703352144568438, -1.5462170988741482, -1.7975128392583363e-14, -7.703352144561051, -1.5462170988047554, 1.0737146424694706e-14, 7.7033521445414195, 1.546217098854663, 2.953614351022861e-14, -7.703352144548677, 16.07989412267715, 1.1584740972019654e-14, 0.4427159096756019, -16.079894122621777, 1.7541722576734585e-14, -0.44271590962650076, 53.92010587715047, 2.2605122671150077e-14, 0.4427159096163369, 16.07989412283155, -4.0628588013684655e-15, -0.4427159096176075, 0.7449411914287081, -1.9435539184048726e-14, -0.2746116217255116, -0.7449411913430061, -1.530091923292578e-14, 0.2746116217264313, -0.7449411916366213, 5.3148711032667686e-15, -0.27461162173450215, 0.7449411914952323, -1.8476772945460613e-14, 0.27461162173014775, -2.2605122684971394e-14, -2.528665796511837e-27, 3.363142204513567e-14, 2.260512269050489e-14, -8.476533632836718e-27, -3.3631422042818386e-14, 2.2605122671150077e-14, 70.0, 3.363142204259184e-14, -2.260512267333815e-14, 1.7254163574022116e-27, -3.363142204265102e-14, -3.97428299243111e-14, 8.539626831621184e-27, 3.1147417861896756e-14, 3.9742829923134363e-14, 2.0811655611453634e-27, -3.114741786241999e-14, 3.974282990954768e-14, -1.2241447217299886e-27, 3.114741786017982e-14, -3.9742829912751654e-14, -4.497401690500442e-27, -3.114741786122371e-14, -0.4427159094899247, -2.3669030343765103e-14, -10.179851673888201, 0.44271590946883244, -7.074477765577567e-14, 10.179851673882094, 0.4427159096163369, 3.363142204259184e-14, 59.82014832612667, -0.4427159095450997, 1.4273738173617968e-14, 10.179851673867585, -1.5462170988135007, 7.057117791371093e-14, -7.703352144558689, 1.5462170989122916, 1.7975128392001104e-14, 7.703352144551304, 1.5462170988428998, -1.0737146424341587e-14, -7.703352144531672, -1.5462170988928066, -2.9536143509671576e-14, 7.703352144538929, -16.07989412265917, -1.1584740971047512e-14, -0.4427159096043647, 16.079894122603793, -1.754172257220232e-14, 0.442715909555263, 16.07989412283155, -2.260512267333815e-14, -0.4427159095450997, 53.92010587718646, 4.062858799846292e-15, 0.4427159095463701, -0.7449411915494226, 1.943553917997123e-14, 0.27461162179432896, 0.7449411914637203, 1.5300919231919477e-14, -0.2746116217952491, 0.7449411917573352, -5.314871102569243e-15, 0.27461162180331977, -0.7449411916159473, 1.847677294805204e-14, -0.27461162179896514, 4.06285879839794e-15, -1.2052576351290206e-27, 1.4273738174672972e-14, -4.062858795289273e-15, -3.7997683867509595e-27, -1.427373817426193e-14, -4.0628588013684655e-15, 1.7254163574022116e-27, 1.4273738173617968e-14, 4.062858799846292e-15, 70.0, -1.427373817396272e-14, -2.403475672405808e-14, 3.8429953426633385e-27, 1.4426129652314785e-14, 2.4034756723991183e-14, 1.0424831003690465e-27, -1.442612965217671e-14, 2.4034756720902995e-14, -5.777648377916569e-28, 1.44261296522411e-14, -2.4034756721820402e-14, -1.712163971130547e-27, -1.4426129652107877e-14, 0.44271590949119544, 2.366903034363812e-14, 10.179851673882444, -0.4427159094701034, 7.074477765614642e-14, -10.179851673876335, -0.4427159096176075, -3.363142204265102e-14, 10.179851673867585, 0.4427159095463701, -1.427373817396272e-14, 59.820148326138174, 1.5462170988064345, -7.057117791406318e-14, 7.703352144554722, -1.5462170989052275, -1.7975128391962703e-14, -7.703352144547335, -1.5462170988358332, 1.073714642463516e-14, 7.703352144527706, 1.5462170988857427, 2.953614350984651e-14, -7.7033521445349615, -0.7449411918576656, 3.863497521702996e-14, -1.5462170986970625, 0.7449411920278082, 1.1552765998355272e-13, 1.5462170987753565, 0.7449411914287081, -3.97428299243111e-14, -1.5462170988135007, -0.7449411915494226, -2.403475672405808e-14, 1.5462170988064345, 53.93734265375523, -1.178403765956191e-13, 1.538435897836698, 16.062657346371065, -3.654421922348502e-14, -1.5384358978607078, 16.062657345773612, 1.867591715961867e-14, 1.5384358977918162, -16.062657346023453, 4.258172559716194e-14, -1.5384358978002481, 1.9435539169446062e-14, -5.965882636589914e-27, 7.057117791680802e-14, -1.9435539162260704e-14, -1.8799479422842788e-26, -7.057117791501981e-14, -1.9435539184048726e-14, 8.539626831621184e-27, 7.057117791371093e-14, 1.943553917997123e-14, 3.8429953426633385e-27, -7.057117791406318e-14, -1.178403765956191e-13, 70.0, 7.38999607393353e-14, 1.1784037659516916e-13, 5.153837109967557e-27, -7.389996073958411e-14, 1.1784037658074003e-13, -2.858297107672883e-27, 7.389996073771744e-14, -1.1784037658347882e-13, -8.464263687086624e-27, -7.389996073864923e-14, 0.2746116218666836, -2.4711253076016522e-14, -7.703352144581618, -0.27461162189875993, -7.348183721164534e-14, 7.703352144568438, -0.2746116217255116, 3.1147417861896756e-14, -7.703352144558689, 0.27461162179432896, 1.4426129652314785e-14, 7.703352144554722, 1.538435897836698, 7.38999607393353e-14, 63.68432766024419, -1.538435897774403, 1.9746390957469218e-14, 6.315672339753315, -1.53843589776575, -1.1282357016017457e-14, -6.315672339729795, 1.538435897754793, -2.797403090387384e-14, 6.315672339736369, 0.7449411917719635, -3.8634975217285484e-14, 1.5462170987958528, -0.7449411919421051, -1.1552765998330796e-13, -1.5462170988741482, -0.7449411913430061, 3.9742829923134363e-14, 1.5462170989122916, 0.7449411914637203, 2.4034756723991183e-14, -1.5462170989052275, 16.062657346371065, 1.1784037659516916e-13, -1.538435897774403, 53.93734265350265, 3.654421922403306e-14, 1.538435897798414, -16.062657345899904, -1.8675917159496292e-14, -1.5384358977295243, 16.062657346149745, -4.2581725596206423e-14, 1.5384358977379557, 1.5300919228192027e-14, -1.6611888358025934e-27, 1.797512839279249e-14, -1.5300919227516895e-14, -5.085253839338887e-27, -1.7975128392583363e-14, -1.530091923292578e-14, 2.0811655611453634e-27, 1.7975128392001104e-14, 1.5300919231919477e-14, 1.0424831003690465e-27, -1.7975128391962703e-14, -3.654421922348502e-14, 5.153837109967557e-27, 1.9746390957469218e-14, 3.654421922403306e-14, 70.0, -1.9746390957695473e-14, 3.6544219219635094e-14, -7.930544205458005e-28, 1.9746390957121236e-14, -3.6544219220741083e-14, -2.0859037077510118e-27, -1.9746390957170685e-14, -0.27461162186760285, 2.4711253076259175e-14, 7.703352144574232, 0.2746116218996791, 7.348183721182763e-14, -7.703352144561051, 0.2746116217264313, -3.114741786241999e-14, 7.703352144551304, -0.2746116217952491, -1.442612965217671e-14, -7.703352144547335, -1.5384358978607078, -7.389996073958411e-14, 6.315672339753315, 1.538435897798414, -1.9746390957695473e-14, 63.6843276602492, 1.5384358977897599, 1.128235701589365e-14, 6.315672339727293, -1.538435897778804, 2.7974030904389263e-14, -6.315672339733866, 0.7449411920655775, -3.8634975212436325e-14, 1.546217098726462, -0.74494119223572, -1.155276599682467e-13, -1.5462170988047554, -0.7449411916366213, 3.974282990954768e-14, 1.5462170988428998, 0.7449411917573352, 2.4034756720902995e-14, -1.5462170988358332, 16.062657345773612, 1.1784037658074003e-13, -1.53843589776575, -16.062657345899904, 3.6544219219635094e-14, 1.5384358977897599, 53.937342654697545, -1.8675917158800836e-14, -1.5384358977208707, 16.062657345552292, -4.258172558180647e-14, 1.5384358977293005, -5.314871102447063e-15, 9.095413496603837e-28, -1.0737146424815418e-14, 5.314871100681999e-15, 2.8242296109178942e-27, 1.0737146424694706e-14, 5.3148711032667686e-15, -1.2241447217299886e-27, -1.0737146424341587e-14, -5.314871102569243e-15, -5.777648377916569e-28, 1.073714642463516e-14, 1.867591715961867e-14, -2.858297107672883e-27, -1.1282357016017457e-14, -1.8675917159496292e-14, -7.930544205458005e-28, 1.128235701589365e-14, -1.8675917158800836e-14, 70.0, -1.12823570161826e-14, 1.8675917158896818e-14, 1.2162666625635867e-27, 1.1282357015960842e-14, 0.27461162187567445, -2.471125307556287e-14, -7.7033521445546, -0.2746116219077504, -7.34818372099792e-14, 7.7033521445414195, -0.27461162173450215, 3.114741786017982e-14, -7.703352144531672, 0.27461162180331977, 1.44261296522411e-14, 7.703352144527706, 1.5384358977918162, 7.389996073771744e-14, -6.315672339729795, -1.5384358977295243, 1.9746390957121236e-14, 6.315672339727293, -1.5384358977208707, -1.12823570161826e-14, 63.684327660296226, 1.5384358977099137, -2.797403090213023e-14, 6.315672339710346, -0.7449411919241907, 3.863497521348472e-14, -1.5462170987763688, 0.7449411920943331, 1.1552765997134297e-13, 1.546217098854663, 0.7449411914952323, -3.9742829912751654e-14, -1.5462170988928066, -0.7449411916159473, -2.4034756721820402e-14, 1.5462170988857427, -16.062657346023453, -1.1784037658347882e-13, 1.538435897754793, 16.062657346149745, -3.6544219220741083e-14, -1.538435897778804, 16.062657345552292, 1.8675917158896818e-14, 1.5384358977099137, 53.93734265419786, 4.2581725585446966e-14, -1.5384358977183465, 1.8476772959987717e-14, 2.503780180350727e-27, -2.953614351254627e-14, -1.8476772966028003e-14, 8.393293635795326e-27, 2.953614351022861e-14, -1.8476772945460613e-14, -4.497401690500442e-27, -2.9536143509671576e-14, 1.847677294805204e-14, -1.712163971130547e-27, 2.953614350984651e-14, 4.258172559716194e-14, -8.464263687086624e-27, -2.797403090387384e-14, -4.2581725596206423e-14, -2.0859037077510118e-27, 2.7974030904389263e-14, -4.258172558180647e-14, 1.2162666625635867e-27, -2.797403090213023e-14, 4.2581725585446966e-14, 70.0, 2.7974030903090526e-14, -0.2746116218713207, 2.4711253075756198e-14, 7.703352144561857, 0.27461162190339694, 7.348183721090883e-14, -7.703352144548677, 0.27461162173014775, -3.114741786122371e-14, 7.703352144538929, -0.27461162179896514, -1.4426129652107877e-14, -7.7033521445349615, -1.5384358978002481, -7.389996073864923e-14, 6.315672339736369, 1.5384358977379557, -1.9746390957170685e-14, -6.315672339733866, 1.5384358977293005, 1.1282357015960842e-14, 6.315672339710346, -1.5384358977183465, 2.7974030903090526e-14, 63.68432766028306]]}, {"__ndarray__": [[24], "float64", [9.957747134120057, 3.1459979181485624, 0.1428733135542453, 1.6429538528600804, 1.0486659727161876, 4.249543508376684, 7.443304346350179, 1.0486659727161876, 2.3390817245197133, 4.157396640629977, 3.1459979181485624, 2.053335097411217, 1.4010106968097338, 3.1459979181485624, 1.7451358554664702, 10.199690290170405, 1.0486659727161876, 2.647280966464464, 4.399339796680362, 1.0486659727161876, 3.9413442664319374, 7.201361190299795, 3.1459979181485624, 0.45107255549899455]]}, {"__ndarray__": [[24], "float64", [3.723127939240554e-05, 1.3213584343938535e-16, 3.68471920715439e-05, -3.723127931451197e-05, -1.4894842096769693e-16, -3.6847192058673335e-05, -3.7231279594110976e-05, -2.0975527741272286e-16, 3.6847192022994844e-05, 3.7231279535033125e-05, 9.586142451172166e-17, -3.684719201924806e-05, -0.0001676207751473797, 1.0388146026758685e-16, -2.1777605685206584e-05, 0.0001676207752096732, -7.79060604985323e-17, 2.1777605672737392e-05, 0.0001676207749289364, -5.103038630486125e-17, -2.1777605714274587e-05, -0.00016762077501003211, 1.5498144693719033e-16, 2.1777605710123502e-05]]}, 0.2]