[{"__ndarray__": [[24, 24], "float64", [53.99872165333781, 2.0574935090574544e-15, 0.07316806828545584, 16.001278344965137, 6.336188959699555e-13, -0.07316806813787613, 16.001278345459234, -7.865232309959033e-13, 0.07316806869665984, -16.00127834543754, 3.320021087168065e-14, -0.07316806837571681, -1.13140026852924, -5.274966852489415e-13, -0.19796385073973097, 1.1314002688694962, 6.680398991510845e-14, 0.19796385063733205, 1.1314002682377045, -3.9065029499362013e-14, -0.19796385106702782, -1.131400268353465, 6.488933218601775e-13, 0.1979638505929673, 2.0574935090574544e-15, 70.0, -4.038331916447531e-13, -2.0574937428363458e-15, -1.4201592161979502e-25, 4.038331917940946e-13, -2.0574933990634355e-15, -6.880694309015847e-26, -4.0383319161614633e-13, 2.0574934814337417e-15, 1.266229158671011e-25, 4.0383319165366647e-13, 6.266966854186238e-14, 1.1912488633683454e-25, -3.3263922207411737e-13, -6.266966857340717e-14, -1.87058857284593e-25, 3.326392220080846e-13, -6.266966852561987e-14, -1.2548744055553613e-25, -3.326392220985753e-13, 6.266966848989419e-14, 3.8247902598789285e-26, 3.3263922205253954e-13, 0.07316806828545584, -4.038331916447531e-13, 60.14565090893899, -0.07316806796732925, 8.673370864944745e-14, 9.854349091045657, -0.07316806791381696, 3.031204557046593e-13, -9.854349091195587, 0.07316806789946051, -2.17533818457026e-13, 9.854349090995465, -1.3166314709410076, -7.403053529318994e-14, -7.836112830509761, 1.3166314712046157, 3.028898087672634e-13, 7.836112830500457, 1.316631471089444, 2.2583912560927067e-13, -7.836112830502339, -1.316631471096435, -2.1890329696104086e-13, 7.836112830492764, 16.001278344965137, -2.0574937428363458e-15, -0.07316806796732925, 53.99872165673191, -6.336188957106564e-13, 0.07316806781974909, -16.001278343762188, 7.86523231067514e-13, -0.07316806837853279, 16.001278343740488, -3.32002109285374e-14, 0.07316806805758976, 1.1314002672132715, 5.274966849778508e-13, 0.19796385111832523, -1.1314002675535275, -6.680398972335471e-14, -0.19796385101592512, -1.1314002669217358, 3.906502956431245e-14, 0.19796385144562145, 1.1314002670374985, -6.488933218854792e-13, -0.1979638509715607, 6.336188959699555e-13, -1.4201592161979502e-25, 8.673370864944745e-14, -6.336188957106564e-13, 70.0, -8.673370873913378e-14, -6.336188956033681e-13, -4.908996133331037e-25, 8.673370861911693e-14, 6.336188955742232e-13, -5.756665433045224e-26, -8.673370866484723e-14, -6.191324726432176e-14, -4.81586119540659e-25, 7.465912731593073e-14, 6.191324728239394e-14, 1.673358346928288e-25, -7.465912728492439e-14, 6.191324734149715e-14, 3.554594640724912e-26, 7.465912732937209e-14, -6.191324753792203e-14, 4.172173356370589e-25, -7.465912731571349e-14, -0.07316806813787613, 4.038331917940946e-13, 9.854349091045657, 0.07316806781974909, -8.673370873913378e-14, 60.145650908969714, 0.07316806776623683, -3.0312045571523807e-13, 9.854349091180223, -0.07316806775188037, 2.1753381847709034e-13, -9.8543490909801, 1.316631471327926, 7.403053537359791e-14, 7.836112830451301, -1.316631471591534, -3.02889808901209e-13, -7.836112830441995, -1.316631471476363, -2.2583912559792703e-13, 7.8361128304438745, 1.3166314714833522, 2.1890329693808776e-13, -7.836112830434303, 16.001278345459234, -2.0574933990634355e-15, -0.07316806791381696, -16.001278343762188, -6.336188956033681e-13, 0.07316806776623683, 53.99872165574372, 7.865232313820428e-13, -0.0731680683250206, 16.001278344234592, -3.320021071564179e-14, 0.0731680680040784, 1.1314002668462937, 5.27496684783357e-13, 0.19796385122718702, -1.1314002671865515, -6.680399005500658e-14, -0.19796385112478765, -1.1314002665547593, 3.906502939337778e-14, 0.19796385155448296, 1.131400266670523, -6.488933221742068e-13, -0.19796385108042241, -7.865232309959033e-13, -6.880694309015847e-26, 3.031204557046593e-13, 7.86523231067514e-13, -4.908996133331037e-25, -3.0312045571523807e-13, 7.865232313820428e-13, 70.0, 3.031204557627193e-13, -7.865232314449448e-13, -5.916478670206293e-26, -3.0312045575347604e-13, 1.5001014307252592e-13, 4.1300963360316206e-25, 1.7975713547753212e-13, -1.5001014317270747e-13, -3.917253638595966e-27, -1.7975713547022176e-13, -1.5001014285470883e-13, 7.92292986495239e-26, 1.7975713536336193e-13, 1.5001014290555913e-13, -5.042668181759938e-25, -1.7975713538213243e-13, 0.07316806869665984, -4.0383319161614633e-13, -9.854349091195587, -0.07316806837853279, 8.673370861911693e-14, 9.854349091180223, -0.0731680683250206, 3.031204557627193e-13, 60.14565090866983, 0.07316806831066414, -2.1753381855604406e-13, 9.854349091130036, -1.3166314706664353, -7.403053524045432e-14, -7.836112830643454, 1.3166314709300433, 3.028898087166178e-13, 7.8361128306341445, 1.3166314708148719, 2.2583912570651637e-13, -7.83611283063603, -1.3166314708218627, -2.1890329701496196e-13, 7.836112830626455, -16.00127834543754, 2.0574934814337417e-15, 0.07316806789946051, 16.001278343740488, 6.336188955742232e-13, -0.07316806775188037, 16.001278344234592, -7.865232314449448e-13, 0.07316806831066414, 53.9987216557871, 3.320021077873006e-14, -0.07316806798972142, -1.1314002668797074, -5.274966847621717e-13, -0.19796385123150512, 1.1314002672199668, 6.680398999802008e-14, 0.19796385112910556, 1.1314002665881742, -3.906502945334282e-14, -0.19796385155880117, -1.1314002667039358, 6.488933222159362e-13, 0.19796385108474018, 3.320021087168065e-14, 1.266229158671011e-25, -2.17533818457026e-13, -3.32002109285374e-14, -5.756665433045224e-26, 2.1753381847709034e-13, -3.320021071564179e-14, -5.916478670206293e-26, -2.1753381855604406e-13, 3.320021077873006e-14, 70.0, 2.1753381843159672e-13, 2.099040560055803e-14, 4.8275799565147293e-26, -1.9021052845726188e-13, -2.0990405749992066e-14, -9.901168364082854e-26, 1.9021052851218157e-13, -2.0990405498196854e-14, -6.928924473333065e-26, -1.9021052842270147e-13, 2.099040498039017e-14, 3.8828105409358817e-26, 1.9021052848852193e-13, -0.07316806837571681, 4.0383319165366647e-13, 9.854349090995465, 0.07316806805758976, -8.673370866484723e-14, -9.8543490909801, 0.0731680680040784, -3.0312045575347604e-13, 9.854349091130036, -0.07316806798972142, 2.1753381843159672e-13, 60.14565090907008, 1.316631470901191, 7.403053533609718e-14, 7.836112830458638, -1.3166314711647995, -3.0288980877172343e-13, -7.836112830449334, -1.316631471049628, -2.2583912560434553e-13, 7.836112830451217, 1.3166314710566185, 2.1890329699958796e-13, -7.8361128304416425, -1.13140026852924, 6.266966854186238e-14, -1.3166314709410076, 1.1314002672132715, -6.191324726432176e-14, 1.316631471327926, 1.1314002668462937, 1.5001014307252592e-13, -1.3166314706664353, -1.1314002668797074, 2.099040560055803e-14, 1.316631470901191, 54.41231476475243, 4.176459541223742e-14, 0.8987591907887442, 15.587685235741636, -4.922067931494571e-14, -0.8987591908310459, 15.58768523496047, -5.519239306114642e-14, 0.8987591907027708, -15.587685234633149, -1.2690806579854325e-13, -0.8987591910320655, -5.274966852489415e-13, 1.1912488633683454e-25, -7.403053529318994e-14, 5.274966849778508e-13, -4.81586119540659e-25, 7.403053537359791e-14, 5.27496684783357e-13, 4.1300963360316206e-25, -7.403053524045432e-14, -5.274966847621717e-13, 4.8275799565147293e-26, 7.403053533609718e-14, 4.176459541223742e-14, 70.0, -5.6555120152432346e-14, -4.17645953899952e-14, -1.4060028381644392e-25, 5.655512011311562e-14, -4.1764595549655285e-14, -2.949863204594175e-26, -5.6555120184684836e-14, 4.1764595947677755e-14, -3.5100270342710136e-25, 5.655512015376811e-14, -0.19796385073973097, -3.3263922207411737e-13, -7.836112830509761, 0.19796385111832523, 7.465912731593073e-14, 7.836112830451301, 0.19796385122718702, 1.7975713547753212e-13, -7.836112830643454, -0.19796385123150512, -1.9021052845726188e-13, 7.836112830458638, 0.8987591907887442, -5.6555120152432346e-14, 63.5133026923701, -0.8987591906320932, 2.5312547206839705e-13, 6.486697307624521, -0.8987591906407411, 2.0070203683086474e-13, -6.486697307622059, 0.8987591905876291, -1.222741397534565e-13, 6.486697307643453, 1.1314002688694962, -6.266966857340717e-14, 1.3166314712046157, -1.1314002675535275, 6.191324728239394e-14, -1.316631471591534, -1.1314002671865515, -1.5001014317270747e-13, 1.3166314709300433, 1.1314002672199668, -2.0990405749992066e-14, -1.3166314711647995, 15.587685235741636, -4.17645953899952e-14, -0.8987591906320932, 54.41231476376429, 4.9220679332348414e-14, 0.898759190674394, -15.587685235454545, 5.519239317986456e-14, -0.8987591905461199, 15.587685235127223, 1.2690806590277477e-13, 0.8987591908754136, 6.680398991510845e-14, -1.87058857284593e-25, 3.028898087672634e-13, -6.680398972335471e-14, 1.673358346928288e-25, -3.02889808901209e-13, -6.680399005500658e-14, -3.917253638595966e-27, 3.028898087166178e-13, 6.680398999802008e-14, -9.901168364082854e-26, -3.0288980877172343e-13, -4.922067931494571e-14, -1.4060028381644392e-25, 2.5312547206839705e-13, 4.9220679332348414e-14, 70.0, -2.531254719976398e-13, 4.922067928650229e-14, 9.56706394458568e-26, 2.5312547211161633e-13, -4.92206793380323e-14, 1.813438846370844e-26, -2.5312547205475615e-13, 0.19796385063733205, 3.326392220080846e-13, 7.836112830500457, -0.19796385101592512, -7.465912728492439e-14, -7.836112830441995, -0.19796385112478765, -1.7975713547022176e-13, 7.8361128306341445, 0.19796385112910556, 1.9021052851218157e-13, -7.836112830449334, -0.8987591908310459, 5.655512011311562e-14, 6.486697307624521, 0.898759190674394, -2.531254719976398e-13, 63.513302692380854, 0.898759190683043, -2.00702036893866e-13, 6.486697307616683, -0.8987591906299306, 1.2227413975556826e-13, -6.48669730763808, 1.1314002682377045, -6.266966852561987e-14, 1.316631471089444, -1.1314002669217358, 6.191324734149715e-14, -1.316631471476363, -1.1314002665547593, -1.5001014285470883e-13, 1.3166314708148719, 1.1314002665881742, -2.0990405498196854e-14, -1.316631471049628, 15.58768523496047, -4.1764595549655285e-14, -0.8987591906407411, -15.587685235454545, 4.922067928650229e-14, 0.898759190683043, 54.41231476532662, 5.519239299478017e-14, -0.8987591905547683, 15.58768523434605, 1.2690806561345886e-13, 0.8987591908840621, -3.9065029499362013e-14, -1.2548744055553613e-25, 2.2583912560927067e-13, 3.906502956431245e-14, 3.554594640724912e-26, -2.2583912559792703e-13, 3.906502939337778e-14, 7.92292986495239e-26, 2.2583912570651637e-13, -3.906502945334282e-14, -6.928924473333065e-26, -2.2583912560434553e-13, -5.519239306114642e-14, -2.949863204594175e-26, 2.0070203683086474e-13, 5.519239317986456e-14, 9.56706394458568e-26, -2.00702036893866e-13, 5.519239299478017e-14, 70.0, 2.007020368046104e-13, -5.5192392557053044e-14, -5.555213881070696e-26, -2.0070203686444585e-13, -0.19796385106702782, -3.326392220985753e-13, -7.836112830502339, 0.19796385144562145, 7.465912732937209e-14, 7.8361128304438745, 0.19796385155448296, 1.7975713536336193e-13, -7.83611283063603, -0.19796385155880117, -1.9021052842270147e-13, 7.836112830451217, 0.8987591907027708, -5.6555120184684836e-14, -6.486697307622059, -0.8987591905461199, 2.5312547211161633e-13, 6.486697307616683, -0.8987591905547683, 2.007020368046104e-13, 63.513302692385764, 0.8987591905016564, -1.2227413964970308e-13, 6.486697307635616, -1.131400268353465, 6.266966848989419e-14, -1.316631471096435, 1.1314002670374985, -6.191324753792203e-14, 1.3166314714833522, 1.131400266670523, 1.5001014290555913e-13, -1.3166314708218627, -1.1314002667039358, 2.099040498039017e-14, 1.3166314710566185, -15.587685234633149, 4.1764595947677755e-14, 0.8987591905876291, 15.587685235127223, -4.92206793380323e-14, -0.8987591906299306, 15.58768523434605, -5.5192392557053044e-14, 0.8987591905016564, 54.41231476598127, -1.2690806568002928e-13, -0.8987591908309494, 6.488933218601775e-13, 3.8247902598789285e-26, -2.1890329696104086e-13, -6.488933218854792e-13, 4.172173356370589e-25, 2.1890329693808776e-13, -6.488933221742068e-13, -5.042668181759938e-25, -2.1890329701496196e-13, 6.488933222159362e-13, 3.8828105409358817e-26, 2.1890329699958796e-13, -1.2690806579854325e-13, -3.5100270342710136e-25, -1.222741397534565e-13, 1.2690806590277477e-13, 1.813438846370844e-26, 1.2227413975556826e-13, 1.2690806561345886e-13, -5.555213881070696e-26, -1.2227413964970308e-13, -1.2690806568002928e-13, 70.0, 1.2227413966766252e-13, 0.1979638505929673, 3.3263922205253954e-13, 7.836112830492764, -0.1979638509715607, -7.465912731571349e-14, -7.836112830434303, -0.19796385108042241, -1.7975713538213243e-13, 7.836112830626455, 0.19796385108474018, 1.9021052848852193e-13, -7.8361128304416425, -0.8987591910320655, 5.655512015376811e-14, 6.486697307643453, 0.8987591908754136, -2.5312547205475615e-13, -6.48669730763808, 0.8987591908840621, -2.0070203686444585e-13, 6.486697307635616, -0.8987591908309494, 1.2227413966766252e-13, 63.51330269234299]]}, {"__ndarray__": [[24], "float64", [9.918940482454737, 3.1334515655338118, 0.14488875095422868, 1.6354964926132396, 1.0444838551779374, 4.230010955036794, 7.412714980147226, 1.0444838551779374, 2.3323386039497374, 4.141721994920733, 3.1334515655338118, 2.0425611020412875, 1.3843949324780138, 3.1334515655338118, 1.7421938871862628, 10.170042042589934, 1.0444838551779374, 2.632705818804767, 4.392823555055968, 1.0444838551779374, 3.9296437401817768, 7.161613420011977, 3.1334515655338118, 0.44525596580925864]]}, {"__ndarray__": [[24], "float64", [0.00018037172837900286, 1.4462044246450456e-15, 2.627026611746932e-07, -0.00018037172849309563, -1.6723955571791402e-15, -2.6270263988052885e-07, -0.00018037172861676683, -1.4210000696496974e-15, 2.627026730586332e-07, 0.00018037172860827774, 1.4536591843820073e-15, -2.6270265216670786e-07, -0.00015374160816015764, 1.2352196170097007e-15, 3.834494674211927e-05, 0.00015374160819326397, -1.0423462892662988e-15, -3.834494676566402e-05, 0.00015374160805676747, -1.0329157272485364e-15, 3.834494674735407e-05, -0.0001537416079672874, 1.0308806168759558e-15, -3.834494676599633e-05]]}, 0.2]