[{"__ndarray__": [[24, 24], "float64", [53.82614774525724, 3.978232809138853e-15, -0.15291466364307169, 16.173852254649336, 1.7501222937883628e-15, 0.15291466357082695, 16.17385225491274, -2.6318754907514406e-15, -0.15291466365970663, -16.17385225487231, 3.709067637441276e-15, 0.15291466359311395, -0.7058215478580075, -1.828058071353038e-15, -0.019325869124769218, 0.7058215478615142, -4.461265359890213e-15, 0.019325869145017188, 0.7058215480839866, -3.1481552305435405e-15, -0.019325869103964693, -0.7058215480699396, 2.6141681172908205e-15, 0.019325869188106665, 3.978232809138853e-15, 70.0, 7.045137159035721e-16, -3.9782328088219745e-15, 2.3347460769919382e-29, -7.045137158937093e-16, -3.978232810650755e-15, -2.1374155265860311e-29, 7.045137163927943e-16, 3.978232810443617e-15, 1.8014567034765805e-29, -7.045137157753757e-16, -7.841583300937516e-15, -1.6967360939531979e-29, 2.4560291742923665e-15, 7.841583301247956e-15, -7.076253699304504e-29, -2.4560291744097367e-15, 7.841583299450549e-15, -1.7030988351963402e-29, 2.4560291740758944e-15, -7.84158329963533e-15, 1.958682489608554e-29, -2.4560291747669263e-15, -0.15291466364307169, 7.045137159035721e-16, 53.31584379801952, 0.15291466360884176, 7.128822684910384e-16, 16.684156201974456, 0.15291466366028592, -8.708980939947439e-16, -16.684156201963436, -0.15291466361021253, 1.0424249459486453e-15, 16.68415620197776, -0.20734542041018983, -9.32458850857656e-16, 0.6380834941461543, 0.20734542042591597, -9.828578561449393e-16, -0.6380834941583435, 0.20734542043531048, -8.552635351039618e-16, 0.6380834941699441, -0.20734542045753646, 1.0521873369631316e-15, -0.6380834941348738, 16.173852254649336, -3.9782328088219745e-15, 0.15291466360884176, 53.8261477454441, -1.7501222937715899e-15, -0.15291466353659838, -16.173852254819302, 2.6318754907267757e-15, 0.1529146636254775, 16.173852254778865, -3.709067636912179e-15, -0.15291466355888345, 0.7058215477697285, 1.8280580712284082e-15, 0.019325869037538967, -0.7058215477732386, 4.461265359636832e-15, -0.019325869057787604, -0.7058215479957114, 3.1481552300631936e-15, 0.019325869016735248, 0.7058215479816585, -2.614168117323328e-15, -0.01932586910087697, 1.7501222937883628e-15, 2.3347460769919382e-29, 7.128822684910384e-16, -1.7501222937715899e-15, 70.0, -7.128822684548824e-16, -1.7501222941129296e-15, -8.761490857900305e-30, 7.128822684853601e-16, 1.7501222939718246e-15, 8.167802100148214e-30, -7.128822684996252e-16, -2.945934824401809e-15, -6.99306847015853e-30, 1.2709514856612451e-15, 2.945934824270243e-15, -2.5577861260464903e-29, -1.2709514856702778e-15, 2.9459348241306627e-15, -7.479544402105463e-30, 1.2709514856691024e-15, -2.9459348242490968e-15, 8.379567445581008e-30, -1.2709514856793027e-15, 0.15291466357082695, -7.045137158937093e-16, 16.684156201974456, -0.15291466353659838, -7.128822684548824e-16, 53.31584379803158, -0.1529146635880408, 8.708980941465904e-16, 16.684156201957403, 0.1529146635379681, -1.0424249460889755e-15, -16.684156201971724, 0.20734542057017008, 9.324588509618786e-16, -0.6380834941676227, -0.20734542058589425, 9.828578560272286e-16, 0.6380834941798104, -0.20734542059528988, 8.552635350895767e-16, -0.6380834941914129, 0.2073454206175164, -1.0521873369302114e-15, 0.6380834941563429, 16.17385225491274, -3.978232810650755e-15, 0.15291466366028592, -16.173852254819302, -1.7501222941129296e-15, -0.1529146635880408, 53.826147744917286, 2.631875490369939e-15, 0.15291466367692202, 16.173852255042277, -3.709067637490227e-15, -0.1529146636103283, 0.7058215473108455, 1.8280580714297997e-15, 0.019325869154569575, -0.7058215473143531, 4.461265361245098e-15, -0.019325869174817545, -0.7058215475368281, 3.1481552309677315e-15, 0.019325869133765022, 0.7058215475227775, -2.6141681169205024e-15, -0.01932586921790569, -2.6318754907514406e-15, -2.1374155265860311e-29, -8.708980939947439e-16, 2.6318754907267757e-15, -8.761490857900305e-30, 8.708980941465904e-16, 2.631875490369939e-15, 70.0, -8.708980937921917e-16, -2.631875490151214e-15, -1.0812492939116265e-29, 8.708980941598006e-16, 2.849494896777239e-15, 7.905983494872564e-30, -1.4944444086938168e-15, -2.849494896586833e-15, 2.3770509638785466e-29, 1.49444440857714e-15, -2.8494948972250437e-15, 9.544344718854476e-30, -1.4944444087593982e-15, 2.8494948969357053e-15, -1.0323826106813673e-29, 1.4944444084267572e-15, -0.15291466365970663, 7.045137163927943e-16, -16.684156201963436, 0.1529146636254775, 7.128822684853601e-16, 16.684156201957403, 0.15291466367692202, -8.708980937921917e-16, 53.3158437980536, -0.15291466362684797, 1.0424249463159742e-15, 16.684156201960704, -0.2073454201987871, -9.324588508722875e-16, 0.6380834941713462, 0.20734542021451183, -9.828578565522171e-16, -0.6380834941835348, 0.20734542022390676, -8.552635355300981e-16, 0.6380834941951343, -0.20734542024613398, 1.0521873367609047e-15, -0.6380834941600672, -16.17385225487231, 3.978232810443617e-15, -0.15291466361021253, 16.173852254778865, 1.7501222939718246e-15, 0.1529146635379681, 16.173852255042277, -2.631875490151214e-15, -0.15291466362684797, 53.82614774499816, 3.709067637780494e-15, 0.15291466356025524, -0.7058215471843178, -1.8280580712282023e-15, -0.01932586908974898, 0.7058215471878287, -4.461265361217244e-15, 0.01932586910999831, 0.7058215474103005, -3.1481552313190436e-15, -0.019325869068947288, -0.7058215473962517, 2.6141681169504164e-15, 0.019325869153085373, 3.709067637441276e-15, 1.8014567034765805e-29, 1.0424249459486453e-15, -3.709067636912179e-15, 8.167802100148214e-30, -1.0424249460889755e-15, -3.709067637490227e-15, -1.0812492939116265e-29, 1.0424249463159742e-15, 3.709067637780494e-15, 70.0, -1.0424249458441758e-15, -2.921352669784964e-15, -8.26045688769898e-30, 1.3546828109131138e-15, 2.9213526701181678e-15, -2.036080420605235e-29, -1.3546828107897672e-15, 2.921352669128174e-15, -1.165288115444001e-29, 1.354682810586172e-15, -2.9213526693502136e-15, 1.105997288157628e-29, -1.354682811207246e-15, 0.15291466359311395, -7.045137157753757e-16, 16.68415620197776, -0.15291466355888345, -7.128822684996252e-16, -16.684156201971724, -0.1529146636103283, 8.708980941598006e-16, 16.684156201960704, 0.15291466356025524, -1.0424249458441758e-15, 53.315843798025014, 0.20734542055987015, 9.32458850974026e-16, -0.6380834941676826, -0.20734542057559552, 9.828578559025797e-16, 0.6380834941798719, -0.20734542058499195, 8.552635348687968e-16, -0.6380834941914714, 0.20734542060721664, -1.0521873369368858e-15, 0.6380834941564024, -0.7058215478580075, -7.841583300937516e-15, -0.20734542041018983, 0.7058215477697285, -2.945934824401809e-15, 0.20734542057017008, 0.7058215473108455, 2.849494896777239e-15, -0.2073454201987871, -0.7058215471843178, -2.921352669784964e-15, 0.20734542055987015, 53.59177008283858, 2.270721919618696e-15, -0.2998257840991112, 16.40822991736465, 8.553850358716534e-15, 0.29982578387648706, 16.40822991666819, 2.6512268467398285e-15, -0.2998257840547024, -16.408229917037676, -2.56278875888125e-15, 0.2998257838133227, -1.828058071353038e-15, -1.6967360939531979e-29, -9.32458850857656e-16, 1.8280580712284082e-15, -6.99306847015853e-30, 9.324588509618786e-16, 1.8280580714297997e-15, 7.905983494872564e-30, -9.324588508722875e-16, -1.8280580712282023e-15, -8.26045688769898e-30, 9.32458850974026e-16, 2.270721919618696e-15, 70.0, -1.3446279295924063e-15, -2.2707219194871122e-15, 1.8882701769045726e-29, 1.344627929483835e-15, -2.2707219195619625e-15, 7.310856144371777e-30, -1.3446279295533952e-15, 2.2707219194242175e-15, -8.018657278842136e-30, 1.3446279295202628e-15, -0.019325869124769218, 2.4560291742923665e-15, 0.6380834941461543, 0.019325869037538967, 1.2709514856612451e-15, -0.6380834941676227, 0.019325869154569575, -1.4944444086938168e-15, 0.6380834941713462, -0.01932586908974898, 1.3546828109131138e-15, -0.6380834941676826, -0.2998257840991112, -1.3446279295924063e-15, 53.16040703337967, 0.2998257841254097, -2.8783134617679996e-15, 16.839592966589112, 0.2998257841739222, -1.1826843999792539e-15, -16.839592966595085, -0.2998257842305724, 1.7483205171558254e-15, 16.839592966611193, 0.7058215478615142, 7.841583301247956e-15, 0.20734542042591597, -0.7058215477732386, 2.945934824270243e-15, -0.20734542058589425, -0.7058215473143531, -2.849494896586833e-15, 0.20734542021451183, 0.7058215471878287, 2.9213526701181678e-15, -0.20734542057559552, 16.40822991736465, -2.2707219194871122e-15, 0.2998257841254097, 53.59177008243212, -8.553850359183346e-15, -0.2998257839027875, -16.408229916871434, -2.6512268471187964e-15, 0.2998257840810045, 16.40822991724092, 2.5627887589345445e-15, -0.2998257838396222, -4.461265359890213e-15, -7.076253699304504e-29, -9.828578561449393e-16, 4.461265359636832e-15, -2.5577861260464903e-29, 9.828578560272286e-16, 4.461265361245098e-15, 2.3770509638785466e-29, -9.828578565522171e-16, -4.461265361217244e-15, -2.036080420605235e-29, 9.828578559025797e-16, 8.553850358716534e-15, 1.8882701769045726e-29, -2.8783134617679996e-15, -8.553850359183346e-15, 70.0, 2.8783134619700154e-15, -8.55385035728588e-15, 1.9136852239188444e-29, -2.878313461595208e-15, 8.553850357699833e-15, -2.1994622133724956e-29, 2.8783134622776195e-15, 0.019325869145017188, -2.4560291744097367e-15, -0.6380834941583435, -0.019325869057787604, -1.2709514856702778e-15, 0.6380834941798104, -0.019325869174817545, 1.49444440857714e-15, -0.6380834941835348, 0.01932586910999831, -1.3546828107897672e-15, 0.6380834941798719, 0.29982578387648706, 1.344627929483835e-15, 16.839592966589112, -0.2998257839027875, 2.8783134619700154e-15, 53.1604070334421, -0.2998257839512982, 1.1826844000035524e-15, 16.839592966563856, 0.29982578400794985, -1.7483205171941895e-15, -16.83959296657996, 0.7058215480839866, 7.841583299450549e-15, 0.20734542043531048, -0.7058215479957114, 2.9459348241306627e-15, -0.20734542059528988, -0.7058215475368281, -2.8494948972250437e-15, 0.20734542022390676, 0.7058215474103005, 2.921352669128174e-15, -0.20734542058499195, 16.40822991666819, -2.2707219195619625e-15, 0.2998257841739222, -16.408229916871434, -8.55385035728588e-15, -0.2998257839512982, 53.59177008382503, -2.6512268457158692e-15, 0.2998257841295147, 16.408229916544453, 2.56278875918495e-15, -0.29982578388813114, -3.1481552305435405e-15, -1.7030988351963402e-29, -8.552635351039618e-16, 3.1481552300631936e-15, -7.479544402105463e-30, 8.552635350895767e-16, 3.1481552309677315e-15, 9.544344718854476e-30, -8.552635355300981e-16, -3.1481552313190436e-15, -1.165288115444001e-29, 8.552635348687968e-16, 2.6512268467398285e-15, 7.310856144371777e-30, -1.1826843999792539e-15, -2.6512268471187964e-15, 1.9136852239188444e-29, 1.1826844000035524e-15, -2.6512268457158692e-15, 70.0, -1.182684399681233e-15, 2.6512268462391858e-15, -9.681127715958266e-30, 1.1826844004472578e-15, -0.019325869103964693, 2.4560291740758944e-15, 0.6380834941699441, 0.019325869016735248, 1.2709514856691024e-15, -0.6380834941914129, 0.019325869133765022, -1.4944444087593982e-15, 0.6380834941951343, -0.019325869068947288, 1.354682810586172e-15, -0.6380834941914714, -0.2998257840547024, -1.3446279295533952e-15, -16.839592966595085, 0.2998257840810045, -2.878313461595208e-15, 16.839592966563856, 0.2998257841295147, -1.182684399681233e-15, 53.16040703343015, -0.29982578418616745, 1.748320517256696e-15, 16.83959296658594, -0.7058215480699396, -7.84158329963533e-15, -0.20734542045753646, 0.7058215479816585, -2.9459348242490968e-15, 0.2073454206175164, 0.7058215475227775, 2.8494948969357053e-15, -0.20734542024613398, -0.7058215473962517, -2.9213526693502136e-15, 0.20734542060721664, -16.408229917037676, 2.2707219194242175e-15, -0.2998257842305724, 16.40822991724092, 8.553850357699833e-15, 0.29982578400794985, 16.408229916544453, 2.6512268462391858e-15, -0.29982578418616745, 53.59177008308606, -2.5627887592459892e-15, 0.2998257839447841, 2.6141681172908205e-15, 1.958682489608554e-29, 1.0521873369631316e-15, -2.614168117323328e-15, 8.379567445581008e-30, -1.0521873369302114e-15, -2.6141681169205024e-15, -1.0323826106813673e-29, 1.0521873367609047e-15, 2.6141681169504164e-15, 1.105997288157628e-29, -1.0521873369368858e-15, -2.56278875888125e-15, -8.018657278842136e-30, 1.7483205171558254e-15, 2.5627887589345445e-15, -2.1994622133724956e-29, -1.7483205171941895e-15, 2.56278875918495e-15, -9.681127715958266e-30, 1.748320517256696e-15, -2.5627887592459892e-15, 70.0, -1.7483205170472273e-15, 0.019325869188106665, -2.4560291747669263e-15, -0.6380834941348738, -0.01932586910087697, -1.2709514856793027e-15, 0.6380834941563429, -0.01932586921790569, 1.4944444084267572e-15, -0.6380834941600672, 0.019325869153085373, -1.354682811207246e-15, 0.6380834941564024, 0.2998257838133227, 1.3446279295202628e-15, 16.839592966611193, -0.2998257838396222, 2.8783134622776195e-15, -16.83959296657996, -0.29982578388813114, 1.1826844004472578e-15, 16.83959296658594, 0.2998257839447841, -1.7483205170472273e-15, 53.16040703339794]]}, {"__ndarray__": [[24], "float64", [10.002017123400226, 3.161680858917, 0.14635938328912185, 1.656513878470115, 1.053893619639, 4.267953833566698, 7.485779379405281, 1.053893619639, 2.353515991717055, 4.1727516224651175, 3.161680858917, 2.0607972251387885, 1.414301298893026, 3.161680858917, 1.7300912514142044, 10.244229702977384, 1.053893619639, 2.6842219654415667, 4.414964202042123, 1.053893619639, 3.937247859842113, 7.243566799828197, 3.161680858917, 0.47706535701365366]]}, {"__ndarray__": [[24], "float64", [-0.00011201471763665346, 7.148253955854298e-18, -3.780556180923685e-06, 0.00011201471765144295, 4.2486431309066174e-18, 3.7805560664293334e-06, 0.00011201471805176693, -5.401637841870704e-18, -3.7805563017142153e-06, -0.00011201471810576638, 8.842986061508568e-18, 3.780556072376074e-06, 0.0003822937895241376, -4.6410322081482745e-18, -8.64465096594221e-06, -0.0003822937896760753, -8.054533811850362e-18, 8.644651100897299e-06, -0.00038229378910595866, -9.680772881201863e-18, -8.644650968926259e-06, 0.0003822937892971059, 8.150367614799642e-18, 8.644651177803228e-06]]}, 0.2]