[{"__ndarray__": [[24, 24], "float64", [53.818806418360715, -4.600493953658202e-14, -0.1430230085212971, 16.181193581477558, -5.918494420837214e-14, 0.1430230080359956, 16.18119358603998, 4.625129865368386e-15, -0.14302300790142616, -16.18119358482584, -1.3184732962374624e-13, 0.1430230079020795, -0.7727765666890385, 8.155577024605261e-14, 0.0025570186495170455, 0.7727765656202813, 4.287908008302604e-14, -0.0025570183202124758, 0.772776569847164, -3.9175557532512793e-14, 0.0025570188861253895, -0.7727765698666841, 1.444113307416516e-13, -0.002557018747721615, -4.600493953658202e-14, 70.0, 2.3654167441619342e-14, 4.6004939353768744e-14, 7.688314672562693e-27, -2.365416723891509e-14, 4.600493707548323e-14, -1.1958210710957962e-26, 2.365416712200316e-14, -4.6004937563609266e-14, 7.612716145736236e-26, -2.365416715393465e-14, -4.364456477799024e-14, -1.5166231681280823e-26, 1.7762711471617734e-14, 4.364456549017952e-14, -1.1928070302204266e-26, -1.7762711638104486e-14, 4.364456311544797e-14, -2.5326180837584716e-26, 1.7762711358200456e-14, -4.364456301366169e-14, -2.8357292419915024e-26, -1.7762711452001985e-14, -0.1430230085212971, 2.3654167441619342e-14, 53.27938662156866, 0.1430230087033474, 5.714118969770072e-14, 16.720613378689148, 0.14302300672276663, 1.2913677875820204e-13, -16.720613378618022, -0.14302300741554053, -6.94220393188034e-13, 16.7206133785865, -0.18753602045939188, -5.804525889397122e-14, 0.6165479249705289, 0.18753602070898848, 2.75489411519282e-14, -0.6165479252406275, 0.18753601943576728, 4.642432505079258e-13, 0.6165479247902593, -0.18753601934748146, 5.230429870121702e-14, -0.6165479250076605, 16.181193581477558, 4.6004939353768744e-14, 0.1430230087033474, 53.81880641868419, 5.918494340043615e-14, -0.1430230082180468, -16.18119358587824, -4.625129243184879e-15, 0.14302300808347715, 16.181193584664097, 1.3184732983164668e-13, -0.1430230080841314, 0.7727765666396658, -8.155576944228069e-14, -0.0025570185491991526, -0.7727765655709091, -4.287908004223423e-14, 0.0025570182198949992, -0.7727765697977926, 3.917555727614413e-14, -0.002557018785808482, 0.7727765698173136, -1.4441133117332113e-13, 0.002557018647404749, -5.918494420837214e-14, 7.688314672562693e-27, 5.714118969770072e-14, 5.918494340043615e-14, 70.0, -5.714118889171068e-14, 5.918493467473542e-14, 4.073342475495901e-25, 5.714118839938854e-14, -5.91849364766307e-14, -9.088173414541417e-25, -5.714118861662229e-14, 4.559936466450595e-15, -4.2624872971096853e-26, -1.5946181252877552e-14, -4.559933579601112e-15, 2.3513425721918437e-27, 1.5946180624139154e-14, -4.559942872518941e-15, 4.78186501426567e-25, -1.5946181683747093e-14, 4.559943343773894e-15, 1.5026801979884413e-26, 1.5946181287459018e-14, 0.1430230080359956, -2.365416723891509e-14, 16.720613378689148, -0.1430230082180468, -5.714118889171068e-14, 53.27938662105307, -0.14302300623746478, -1.2913677969088526e-13, 16.72061337887581, 0.14302300693023923, 6.942203932103584e-13, -16.7206133788443, 0.18753601988373184, 5.804525811750994e-14, -0.6165479251004271, -0.1875360201333293, -2.7548941236645717e-14, 0.616547925370524, -0.1875360188601088, -4.642432504823588e-13, -0.6165479249201551, 0.18753601877182274, -5.230429796273196e-14, 0.6165479251375563, 16.18119358603998, 4.600493707548323e-14, 0.14302300672276663, -16.18119358587824, 5.918493467473542e-14, -0.14302300623746478, 53.81880640955933, -4.625119156946518e-15, 0.14302300610289542, 16.181193589226524, 1.3184732981025762e-13, -0.14302300610354945, 0.7727765725869454, -8.155576108952264e-14, -0.0025570175716879695, -0.7727765715181907, -4.287907911492166e-14, 0.0025570172423846765, -0.7727765757450725, 3.917555692748609e-14, -0.002557017808296827, 0.7727765757645942, -1.4441133917048807e-13, 0.00255701766989401, 4.625129865368386e-15, -1.1958210710957962e-26, 1.2913677875820204e-13, -4.625129243184879e-15, 4.073342475495901e-25, -1.2913677969088526e-13, -4.625119156946518e-15, 70.0, 1.291367802534073e-13, 4.625121370284635e-15, 6.486079732418066e-25, -1.2913678004856255e-13, -2.74617913232651e-13, -3.208360069478784e-25, 1.8783157369747258e-13, 2.7461791020343305e-13, 2.380380640987704e-26, -1.878315729872989e-13, 2.7461792060502735e-13, 6.520593418234377e-26, 1.8783157418162188e-13, -2.746179209882961e-13, -6.526444019503225e-25, -1.87831573814069e-13, -0.14302300790142616, 2.365416712200316e-14, -16.720613378618022, 0.14302300808347715, 5.714118839938854e-14, 16.72061337887581, 0.14302300610289542, 1.291367802534073e-13, 53.279386621195314, -0.14302300679567057, -6.942203931640168e-13, 16.720613378773177, -0.18753601967952713, -5.804525764950921e-14, 0.6165479250224446, 0.1875360199291244, 2.754894127332264e-14, -0.6165479252925425, 0.18753601865590294, 4.642432504417363e-13, 0.6165479248421732, -0.18753601856761756, 5.2304297498837056e-14, -0.6165479250595755, -16.18119358482584, -4.6004937563609266e-14, -0.14302300741554053, 16.181193584664097, -5.91849364766307e-14, 0.14302300693023923, 16.181193589226524, 4.625121370284635e-15, -0.14302300679567057, 53.81880641198762, -1.3184732988613297e-13, 0.14302300679632407, -0.7727765708655604, 8.155576280299426e-14, 0.0025570183343190944, 0.7727765697968032, 4.2879079318726764e-14, -0.0025570180050148023, 0.7727765740236872, -3.9175556935900875e-14, 0.0025570185709277438, -0.7727765740432072, 1.444113374140188e-13, -0.0025570184325244827, -1.3184732962374624e-13, 7.612716145736236e-26, -6.94220393188034e-13, 1.3184732983164668e-13, -9.088173414541417e-25, 6.942203932103584e-13, 1.3184732981025762e-13, 6.486079732418066e-25, -6.942203931640168e-13, -1.3184732988613297e-13, 70.0, 6.942203932228657e-13, 1.9123165443717732e-13, 6.684586310081634e-25, -5.28988801571159e-13, -1.9123165458788315e-13, -1.875805986460431e-25, 5.289888015646014e-13, -1.9123165443250666e-13, -3.6723313686390674e-25, -5.289888015602792e-13, 1.9123165435415844e-13, 9.519779369102705e-25, 5.289888016062144e-13, 0.1430230079020795, -2.365416715393465e-14, 16.7206133785865, -0.1430230080841314, -5.714118861662229e-14, -16.7206133788443, -0.14302300610354945, -1.2913678004856255e-13, 16.720613378773177, 0.14302300679632407, 6.942203932228657e-13, 53.27938662125833, 0.18753601967347175, 5.804525786330648e-14, -0.6165479249540634, -0.18753601992306834, -2.7548941271384126e-14, 0.6165479252241624, -0.1875360186498474, -4.642432504940095e-13, -0.6165479247737948, 0.18753601856156085, -5.2304297678040695e-14, 0.6165479249911962, -0.7727765666890385, -4.364456477799024e-14, -0.18753602045939188, 0.7727765666396658, 4.559936466450595e-15, 0.18753601988373184, 0.7727765725869454, -2.74617913232651e-13, -0.18753601967952713, -0.7727765708655604, 1.9123165443717732e-13, 0.18753601967347175, 53.62004499314789, 4.2459189514251776e-14, -0.29053518189844263, 16.379955005319296, 6.69011218973265e-14, 0.29053518234480735, 16.37995501083364, -1.209679521953743e-13, -0.29053518156464153, -16.379955010854772, 1.3124380534551143e-13, 0.29053518176682847, 8.155577024605261e-14, -1.5166231681280823e-26, -5.804525889397122e-14, -8.155576944228069e-14, -4.2624872971096853e-26, 5.804525811750994e-14, -8.155576108952264e-14, -3.208360069478784e-25, -5.804525764950921e-14, 8.155576280299426e-14, 6.684586310081634e-25, 5.804525786330648e-14, 4.2459189514251776e-14, 70.0, 8.551851831177626e-15, -4.2459192293816025e-14, 9.528097039097447e-27, -8.551851225821178e-15, -4.245918338134872e-14, -3.6459416638711385e-25, 8.551852243828594e-15, 4.245918290581847e-14, 1.3533939430952147e-26, -8.551851857780439e-15, 0.0025570186495170455, 1.7762711471617734e-14, 0.6165479249705289, -0.0025570185491991526, -1.5946181252877552e-14, -0.6165479251004271, -0.0025570175716879695, 1.8783157369747258e-13, 0.6165479250224446, 0.0025570183343190944, -5.28988801571159e-13, -0.6165479249540634, -0.29053518189844263, 8.551851831177626e-15, 53.10396691717871, 0.2905351815770945, 6.176043473561643e-15, 16.896033083039832, 0.29053518191435185, 3.3736155335454704e-13, -16.896033082575816, -0.2905351820137724, -1.1117949141102999e-14, 16.896033082841413, 0.7727765656202813, 4.364456549017952e-14, 0.18753602070898848, -0.7727765655709091, -4.559933579601112e-15, -0.1875360201333293, -0.7727765715181907, 2.7461791020343305e-13, 0.1875360199291244, 0.7727765697968032, -1.9123165458788315e-13, -0.18753601992306834, 16.379955005319296, -4.2459192293816025e-14, 0.2905351815770945, 53.620044996213494, -6.690112215746048e-14, -0.2905351820234565, -16.379955009300836, 1.2096795243875545e-13, 0.29053518124329014, 16.37995500932196, -1.3124380296318333e-13, -0.29053518144547885, 4.287908008302604e-14, -1.1928070302204266e-26, 2.75489411519282e-14, -4.287908004223423e-14, 2.3513425721918437e-27, -2.7548941236645717e-14, -4.287907911492166e-14, 2.380380640987704e-26, 2.754894127332264e-14, 4.2879079318726764e-14, -1.875805986460431e-25, -2.7548941271384126e-14, 6.69011218973265e-14, 9.528097039097447e-27, 6.176043473561643e-15, -6.690112215746048e-14, 70.0, -6.176043401196709e-15, -6.690112123785607e-14, 8.724494334017772e-26, 6.176043515974207e-15, 6.690112119273721e-14, 5.38025770958579e-26, -6.176043486174305e-15, -0.0025570183202124758, -1.7762711638104486e-14, -0.6165479252406275, 0.0025570182198949992, 1.5946180624139154e-14, 0.616547925370524, 0.0025570172423846765, -1.878315729872989e-13, -0.6165479252925425, -0.0025570180050148023, 5.289888015646014e-13, 0.6165479252241624, 0.29053518234480735, -8.551851225821178e-15, 16.896033083039832, -0.2905351820234565, -6.176043401196709e-15, 53.10396691674163, -0.2905351823607166, -3.373615533779906e-13, 16.896033082794354, 0.29053518246013643, 1.1117948577904452e-14, -16.896033083059947, 0.772776569847164, 4.364456311544797e-14, 0.18753601943576728, -0.7727765697977926, -4.559942872518941e-15, -0.1875360188601088, -0.7727765757450725, 2.7461792060502735e-13, 0.18753601865590294, 0.7727765740236872, -1.9123165443250666e-13, -0.1875360186498474, 16.37995501083364, -4.245918338134872e-14, 0.29053518191435185, -16.379955009300836, -6.690112123785607e-14, -0.2905351823607166, 53.62004498518482, 1.2096795190301765e-13, 0.2905351815805489, 16.379955014836312, -1.3124381115793955e-13, -0.2905351817827375, -3.9175557532512793e-14, -2.5326180837584716e-26, 4.642432505079258e-13, 3.917555727614413e-14, 4.78186501426567e-25, -4.642432504823588e-13, 3.917555692748609e-14, 6.520593418234377e-26, 4.642432504417363e-13, -3.9175556935900875e-14, -3.6723313686390674e-25, -4.642432504940095e-13, -1.209679521953743e-13, -3.6459416638711385e-25, 3.3736155335454704e-13, 1.2096795243875545e-13, 8.724494334017772e-26, -3.373615533779906e-13, 1.2096795190301765e-13, 70.0, 3.373615533263276e-13, -1.209679518165425e-13, -4.918931813007872e-25, -3.37361553385718e-13, 0.0025570188861253895, 1.7762711358200456e-14, 0.6165479247902593, -0.002557018785808482, -1.5946181683747093e-14, -0.6165479249201551, -0.002557017808296827, 1.8783157418162188e-13, 0.6165479248421732, 0.0025570185709277438, -5.289888015602792e-13, -0.6165479247737948, -0.29053518156464153, 8.551852243828594e-15, -16.896033082575816, 0.29053518124329014, 6.176043515974207e-15, 16.896033082794354, 0.2905351815805489, 3.373615533263276e-13, 53.10396691766966, -0.29053518167996956, -1.1117949519039418e-14, 16.896033082595935, -0.7727765698666841, -4.364456301366169e-14, -0.18753601934748146, 0.7727765698173136, 4.559943343773894e-15, 0.18753601877182274, 0.7727765757645942, -2.746179209882961e-13, -0.18753601856761756, -0.7727765740432072, 1.9123165435415844e-13, 0.18753601856156085, -16.379955010854772, 4.245918290581847e-14, -0.2905351820137724, 16.37995500932196, 6.690112119273721e-14, 0.29053518246013643, 16.379955014836312, -1.209679518165425e-13, -0.29053518167996956, 53.620044985142556, 1.3124381148332072e-13, 0.29053518188215965, 1.444113307416516e-13, -2.8357292419915024e-26, 5.230429870121702e-14, -1.4441133117332113e-13, 1.5026801979884413e-26, -5.230429796273196e-14, -1.4441133917048807e-13, -6.526444019503225e-25, 5.2304297498837056e-14, 1.444113374140188e-13, 9.519779369102705e-25, -5.2304297678040695e-14, 1.3124380534551143e-13, 1.3533939430952147e-26, -1.1117949141102999e-14, -1.3124380296318333e-13, 5.38025770958579e-26, 1.1117948577904452e-14, -1.3124381115793955e-13, -4.918931813007872e-25, -1.1117949519039418e-14, 1.3124381148332072e-13, 70.0, 1.1117949237898251e-14, -0.002557018747721615, -1.7762711452001985e-14, -0.6165479250076605, 0.002557018647404749, 1.5946181287459018e-14, 0.6165479251375563, 0.00255701766989401, -1.87831573814069e-13, -0.6165479250595755, -0.0025570184325244827, 5.289888016062144e-13, 0.6165479249911962, 0.29053518176682847, -8.551851857780439e-15, 16.896033082841413, -0.29053518144547885, -6.176043486174305e-15, -16.896033083059947, -0.2905351817827375, -3.37361553385718e-13, 16.896033082595935, 0.29053518188215965, 1.1117949237898251e-14, 53.10396691713846]]}, {"__ndarray__": [[24], "float64", [9.950526125381971, 3.142861329994875, 0.1484586637058677, 1.6386088586201129, 1.047620443331625, 4.239578879240018, 7.433176350621932, 1.0476204433316247, 2.3424774351789206, 4.155958633380462, 3.1428613299948753, 2.045560107767049, 1.400769637454723, 3.142861329994875, 1.7421576285183995, 10.188365346547192, 1.047620443331625, 2.6458799144276655, 4.393797854546704, 1.0476204433316247, 3.936176399991442, 7.195337129455367, 3.142861329994875, 0.4518611429545879]]}, {"__ndarray__": [[24], "float64", [0.00012660940115505814, -2.1597895193072614e-15, -3.21313232168898e-05, -0.00012660940096220156, 2.4631223999524814e-15, 3.213132382716877e-05, -0.00012660940763402546, 2.2448665960495407e-15, -3.2131324135349333e-05, 0.0001266094058069644, -2.694936569467217e-15, 3.213132416256411e-05, 0.0001545426615142244, -1.8145146980276504e-15, -1.8273301375696066e-05, -0.00015454265984042462, 1.6635376294858097e-15, 1.8273300875467518e-05, -0.0001545426660679275, 2.0827432429794186e-15, -1.827330167966494e-05, 0.0001545426660283307, -1.7804473201670145e-15, 1.827330154239822e-05]]}, 0.2]