[{"__ndarray__": [[24, 24], "float64", [53.93800120750994, 2.0483176381125737e-13, -0.07895578517331253, 16.061998795088623, -1.1397601315576097e-14, 0.07895578607911874, 16.06199880445992, 2.9450813732735675e-14, -0.0789557867239905, -16.061998796834512, 8.624323911131762e-14, 0.07895578386957286, -0.9770479527152763, 5.918509923208228e-14, 0.027602352538810056, 0.9770479440175164, -2.4111768911456817e-13, -0.027602353292822304, 0.9770479552468878, -5.906089321408652e-14, 0.027602354222578056, -0.9770479561056091, -7.904498533715381e-14, -0.027602351732445643, 2.0483176381125737e-13, 70.0, -3.968307509498913e-13, -2.048317642813858e-13, 3.7242651604981246e-26, 3.9683075060577577e-13, -2.048317604697997e-13, -3.9884262163950366e-26, -3.9683075021505097e-13, 2.048317606047186e-13, 1.751203433775852e-25, 3.968307504857556e-13, 8.248810523609983e-14, -1.2382137890689931e-26, -4.018941139470651e-13, -8.248810553588999e-14, -2.5727218951666284e-25, 4.0189411440261943e-13, -8.248810183602491e-14, -1.5823387262890723e-25, -4.018941140748476e-13, 8.248810211008705e-14, 1.6289649449379984e-27, 4.0189411391405876e-13, -0.07895578517331253, -3.968307509498913e-13, 53.38020760384403, 0.07895578163139788, -4.253353627999626e-14, 16.619792394837923, 0.0789557540043111, 1.3829421826367987e-13, -16.61979239486501, -0.07895576968557011, -1.6616058134994282e-13, 16.619792399952978, -0.3851330575102178, 6.0142213416431514e-15, 0.7438384321378573, 0.3851330751568724, 3.9866964388866676e-13, -0.7438384314724626, 0.38513304598883413, 1.3045715668478747e-13, 0.7438384289122856, -0.38513304453659103, -6.989806470829575e-14, -0.7438384331730028, 16.061998795088623, -2.048317642813858e-13, 0.07895578163139788, 53.93800120231282, 1.1397601174751172e-14, -0.07895578253720464, -16.061998807058497, -2.945081372625404e-14, 0.07895578318207647, 16.0619987994331, -8.62432395381157e-14, -0.0789557803276576, 0.9770479527262581, -5.918509918159947e-14, -0.027602356517198542, -0.9770479440284956, 2.411176896079682e-13, 0.02760235727120912, -0.9770479552578668, 5.906089365241118e-14, -0.027602358200964815, 0.9770479561165912, 7.904498538792084e-14, 0.02760235571083395, -1.1397601315576097e-14, 3.7242651604981246e-26, -4.253353627999626e-14, 1.1397601174751172e-14, 70.0, 4.253353617367821e-14, 1.139760402366879e-14, -1.0294713254386054e-27, -4.253353589102349e-14, -1.1397603419190755e-14, 3.938100463584039e-26, 4.253353590866227e-14, 4.718213620812135e-14, -6.877845190607892e-27, -6.434021645277595e-14, -4.7182136720951645e-14, -3.4906217864047164e-26, 6.434021661216374e-14, -4.7182134090400445e-14, -3.887963805092231e-26, -6.434021634931236e-14, 4.718213433993727e-14, -2.614389773303783e-27, 6.43402163353651e-14, 0.07895578607911874, 3.9683075060577577e-13, 16.619792394837923, -0.07895578253720464, 4.253353617367821e-14, 53.380207606480106, -0.07895575491011747, -1.3829421834175297e-13, 16.61979239354697, 0.07895577059137754, 1.661605810274767e-13, -16.619792398634946, 0.385133057424075, -6.014221291604527e-15, -0.7438384334992942, -0.38513307507072947, -3.9866964354686633e-13, 0.7438384328338999, -0.38513304590269143, -1.3045715635594266e-13, -0.7438384302737254, 0.38513304445044894, 6.989806483800323e-14, 0.7438384345344392, 16.06199880445992, -2.048317604697997e-13, 0.0789557540043111, -16.061998807058497, 1.139760402366879e-14, -0.07895575491011747, 53.9380011835702, -2.945081204472302e-14, 0.07895575555498957, 16.061998808804397, -8.624323526960211e-14, -0.07895575270057159, 0.9770479628025877, -5.918510112077227e-14, -0.027602374916962866, -0.9770479541048259, 2.4111768545433137e-13, 0.027602375670976002, -0.9770479653341977, 5.906088907750022e-14, -0.027602376600730644, 0.97704796619292, 7.904498337128641e-14, 0.02760237411059912, 2.9450813732735675e-14, -3.9884262163950366e-26, 1.3829421826367987e-13, -2.945081372625404e-14, -1.0294713254386054e-27, -1.3829421834175297e-13, -2.945081204472302e-14, 70.0, 1.3829421843367028e-13, 2.945081256146467e-14, 4.280432161052165e-27, -1.382942184567724e-13, -7.449786405823618e-14, -2.55280584253737e-27, 9.548721427997682e-14, 7.4497863572558e-14, 4.091012986072727e-26, -9.548721429527959e-14, 7.449786515235775e-14, -1.0039319220187178e-26, 9.548721445878294e-14, -7.44978651133598e-14, -1.955838801549537e-26, -9.548721439918895e-14, -0.0789557867239905, -3.9683075021505097e-13, -16.61979239486501, 0.07895578318207647, -4.253353589102349e-14, 16.61979239354697, 0.07895575555498957, 1.3829421843367028e-13, 53.38020760642593, -0.07895577123625169, -1.661605806877618e-13, 16.619792398662028, -0.38513305661830727, 6.014221089139195e-15, 0.7438384337768813, 0.3851330742649626, 3.9866964310780336e-13, -0.7438384331114862, 0.3851330450969247, 1.3045715600443854e-13, 0.7438384305513112, -0.3851330436446826, -6.98980649599942e-14, -0.7438384348120272, -16.061998796834512, 2.048317606047186e-13, -0.07895576968557011, 16.0619987994331, -1.1397603419190755e-14, 0.07895577059137754, 16.061998808804397, 2.945081256146467e-14, -0.07895577123625169, 53.938001198821006, 8.62432357890369e-14, 0.07895576838183044, -0.9770479598409758, 5.918510066653142e-14, 0.02760236304282971, 0.9770479511432162, -2.411176856867778e-13, -0.02760236379684209, 0.9770479623725874, -5.906088973363712e-14, 0.027602364726597155, -0.9770479632313095, -7.904498382275097e-14, -0.027602362236465353, 8.624323911131762e-14, 1.751203433775852e-25, -1.6616058134994282e-13, -8.62432395381157e-14, 3.938100463584039e-26, 1.661605810274767e-13, -8.624323526960211e-14, 4.280432161052165e-27, -1.661605806877618e-13, 8.62432357890369e-14, 70.0, 1.6616058083088797e-13, 1.170889045126719e-13, -2.597337838763102e-26, -2.6336155886033886e-13, -1.1708890518022957e-13, -1.6711596435168518e-25, 2.6336155931061733e-13, -1.170889010150964e-13, -1.811330532242878e-25, -2.633615589249131e-13, 1.1708890129642957e-13, -2.3085825932072642e-26, 2.6336155888877e-13, 0.07895578386957286, 3.968307504857556e-13, 16.619792399952978, -0.0789557803276576, 4.253353590866227e-14, -16.619792398634946, -0.07895575270057159, -1.382942184567724e-13, 16.619792398662028, 0.07895576838183044, 1.6616058083088797e-13, 53.38020759625001, 0.3851330561535064, -6.014221079315838e-15, -0.7438384297593582, -0.38513307380016193, -3.98669643375452e-13, 0.7438384290939636, -0.3851330446321233, -1.30457156129465e-13, -0.7438384265337882, 0.3851330431798803, 6.989806493479546e-14, 0.7438384307945048, -0.9770479527152763, 8.248810523609983e-14, -0.3851330575102178, 0.9770479527262581, 4.718213620812135e-14, 0.385133057424075, 0.9770479628025877, -7.449786405823618e-14, -0.38513305661830727, -0.9770479598409758, 1.170889045126719e-13, 0.3851330561535064, 54.07164437308303, -7.02886205462336e-14, -0.48980145312028256, 15.928355623906539, -1.657353358638731e-14, 0.4898014534354092, 15.928355633561726, -1.4177355891568428e-13, -0.4898014525423401, -15.928355633356025, 7.267438362751609e-14, 0.4898014528955422, 5.918509923208228e-14, -1.2382137890689931e-26, 6.0142213416431514e-15, -5.918509918159947e-14, -6.877845190607892e-27, -6.014221291604527e-15, -5.918510112077227e-14, -2.55280584253737e-27, 6.014221089139195e-15, 5.918510066653142e-14, -2.597337838763102e-26, -6.014221079315838e-15, -7.02886205462336e-14, 70.0, 3.3013050156585396e-14, 7.028862090979035e-14, 8.565456974030737e-27, -3.301305024319862e-14, 7.028861913103275e-14, 2.7892225804905787e-26, 3.3013050059001705e-14, -7.02886193082436e-14, 1.903982245485361e-27, -3.3013050057140246e-14, 0.027602352538810056, -4.018941139470651e-13, 0.7438384321378573, -0.027602356517198542, -6.434021645277595e-14, -0.7438384334992942, -0.027602374916962866, 9.548721427997682e-14, 0.7438384337768813, 0.02760236304282971, -2.6336155886033886e-13, -0.7438384297593582, -0.48980145312028256, 3.3013050156585396e-14, 53.24441877236, 0.4898014662009773, 3.914681316435277e-13, 16.755581228478558, 0.48980144461562325, 2.394874363470671e-13, -16.755581230333338, -0.4898014440759158, -3.7357994042998674e-14, 16.75558122664524, 0.9770479440175164, -8.248810553588999e-14, 0.3851330751568724, -0.9770479440284956, -4.7182136720951645e-14, -0.38513307507072947, -0.9770479541048259, 7.4497863572558e-14, 0.3851330742649626, 0.9770479511432162, -1.1708890518022957e-13, -0.38513307380016193, 15.928355623906539, 7.028862090979035e-14, 0.4898014662009773, 54.07164437910391, 1.6573533947599978e-14, -0.4898014665161044, -15.928355630551279, 1.4177355970787264e-13, 0.48980146562303456, 15.92835563034558, -7.26743831679341e-14, -0.489801465976237, -2.4111768911456817e-13, -2.5727218951666284e-25, 3.9866964388866676e-13, 2.411176896079682e-13, -3.4906217864047164e-26, -3.9866964354686633e-13, 2.4111768545433137e-13, 4.091012986072727e-26, 3.9866964310780336e-13, -2.411176856867778e-13, -1.6711596435168518e-25, -3.98669643375452e-13, -1.657353358638731e-14, 8.565456974030737e-27, 3.914681316435277e-13, 1.6573533947599978e-14, 70.0, -3.9146813210525667e-13, 1.657352994892105e-14, 1.4809660687735824e-25, 3.914681317479163e-13, -1.6573530253953795e-14, -1.6824032746732968e-27, -3.9146813158184683e-13, -0.027602353292822304, 4.0189411440261943e-13, -0.7438384314724626, 0.02760235727120912, 6.434021661216374e-14, 0.7438384328338999, 0.027602375670976002, -9.548721429527959e-14, -0.7438384331114862, -0.02760236379684209, 2.6336155931061733e-13, 0.7438384290939636, 0.4898014534354092, -3.301305024319862e-14, 16.755581228478558, -0.4898014665161044, -3.9146813210525667e-13, 53.24441877068288, -0.48980144493074995, -2.3948743679697994e-13, 16.75558123117191, 0.48980144439104245, 3.735799399156913e-14, -16.75558122748381, 0.9770479552468878, -8.248810183602491e-14, 0.38513304598883413, -0.9770479552578668, -4.7182134090400445e-14, -0.38513304590269143, -0.9770479653341977, 7.449786515235775e-14, 0.3851330450969247, 0.9770479623725874, -1.170889010150964e-13, -0.3851330446321233, 15.928355633561726, 7.028861913103275e-14, 0.48980144461562325, -15.928355630551279, 1.657352994892105e-14, -0.48980144493074995, 54.07164435979354, 1.4177355525715642e-13, 0.48980144403768006, 15.928355640000765, -7.267438508057581e-14, -0.4898014443908825, -5.906089321408652e-14, -1.5823387262890723e-25, 1.3045715668478747e-13, 5.906089365241118e-14, -3.887963805092231e-26, -1.3045715635594266e-13, 5.906088907750022e-14, -1.0039319220187178e-26, 1.3045715600443854e-13, -5.906088973363712e-14, -1.811330532242878e-25, -1.30457156129465e-13, -1.4177355891568428e-13, 2.7892225804905787e-26, 2.394874363470671e-13, 1.4177355970787264e-13, 1.4809660687735824e-25, -2.3948743679697994e-13, 1.4177355525715642e-13, 70.0, 2.394874363857886e-13, -1.4177355555580427e-13, 2.54723846516811e-26, -2.3948743636688596e-13, 0.027602354222578056, -4.018941140748476e-13, 0.7438384289122856, -0.027602358200964815, -6.434021634931236e-14, -0.7438384302737254, -0.027602376600730644, 9.548721445878294e-14, 0.7438384305513112, 0.027602364726597155, -2.633615589249131e-13, -0.7438384265337882, -0.4898014525423401, 3.3013050059001705e-14, -16.755581230333338, 0.48980146562303456, 3.914681317479163e-13, 16.75558123117191, 0.48980144403768006, 2.394874363857886e-13, 53.2444187669733, -0.4898014434979719, -3.735799418548031e-14, 16.755581229338585, -0.9770479561056091, 8.248810211008705e-14, -0.38513304453659103, 0.9770479561165912, 4.718213433993727e-14, 0.38513304445044894, 0.97704796619292, -7.44978651133598e-14, -0.3851330436446826, -0.9770479632313095, 1.1708890129642957e-13, 0.3851330431798803, -15.928355633356025, -7.02886193082436e-14, -0.4898014440759158, 15.92835563034558, -1.6573530253953795e-14, 0.48980144439104245, 15.928355640000765, -1.4177355555580427e-13, -0.4898014434979719, 54.071644360204914, 7.267438501671006e-14, 0.48980144385117436, -7.904498533715381e-14, 1.6289649449379984e-27, -6.989806470829575e-14, 7.904498538792084e-14, -2.614389773303783e-27, 6.989806483800323e-14, 7.904498337128641e-14, -1.955838801549537e-26, -6.98980649599942e-14, -7.904498382275097e-14, -2.3085825932072642e-26, 6.989806493479546e-14, 7.267438362751609e-14, 1.903982245485361e-27, -3.7357994042998674e-14, -7.26743831679341e-14, -1.6824032746732968e-27, 3.735799399156913e-14, -7.267438508057581e-14, 2.54723846516811e-26, -3.735799418548031e-14, 7.267438501671006e-14, 70.0, 3.7357994150044726e-14, -0.027602351732445643, 4.0189411391405876e-13, -0.7438384331730028, 0.02760235571083395, 6.43402163353651e-14, 0.7438384345344392, 0.02760237411059912, -9.548721439918895e-14, -0.7438384348120272, -0.027602362236465353, 2.6336155888877e-13, 0.7438384307945048, 0.4898014528955422, -3.3013050057140246e-14, 16.75558122664524, -0.489801465976237, -3.9146813158184683e-13, -16.75558122748381, -0.4898014443908825, -2.3948743636688596e-13, 16.755581229338585, 0.48980144385117436, 3.7357994150044726e-14, 53.244418774349505]]}, {"__ndarray__": [[24], "float64", [9.940790160416084, 3.139724741841187, 0.1452349059767217, 1.6367788206080605, 1.0465749139470624, 4.2384233579843, 7.425563311119522, 1.0465749139470624, 2.337064037957135, 4.1520056699043915, 3.139724741841187, 2.0465942260038594, 1.3971664309185905, 3.139724741841187, 1.7467890435162945, 10.180402550105603, 1.0465749139470624, 2.636869220444667, 4.391618059593176, 1.0465749139470624, 3.9386181754967615, 7.185950921430914, 3.139724741841187, 0.44504008846422893]]}, {"__ndarray__": [[24], "float64", [0.00018994303454033374, -8.362843850980806e-16, -7.850286831570432e-06, -0.00018994303490694, 8.818663490785437e-16, 7.850286621275543e-06, -0.00018994303004873155, 9.302985279486313e-16, -7.85028615533966e-06, 0.00018994303116114455, -7.452709710517054e-16, 7.850286197041761e-06, -0.0003054043981312734, -7.145189117315633e-16, 4.592064720006282e-05, 0.0003054043971847788, 6.555058411946015e-16, -4.592064702828248e-05, 0.0003054044016953634, 5.616840792343912e-16, 4.592064746501419e-05, -0.0003054044014946717, -7.323458191373356e-16, -4.592064746819925e-05]]}, 0.2]