[{"__ndarray__": [[24, 24], "float64", [54.2333400986478, -3.600004812624925e-15, -0.18999866205042282, 15.76665990130011, -7.689341057655823e-15, 0.18999866206327587, 15.766659901402456, -6.1714053860324634e-15, -0.18999866202915916, -15.766659901233105, -5.684095631525706e-15, 0.18999866203102006, -1.0676418414157123, 7.396851808564561e-15, -0.1012353982821689, 1.06764184131458, 5.254456546083199e-15, 0.1012353982669863, 1.0676418413792508, 5.1149563905305804e-15, -0.10123539825310507, -1.0676418414011049, 4.522231753573808e-15, 0.10123539825220784, -3.600004812624925e-15, 70.0, -1.1045451127645953e-15, 3.6000048128628875e-15, 4.6430213742437427e-29, 1.1045451129194597e-15, 3.600004812491838e-15, 5.347149635016936e-29, -1.1045451128202565e-15, -3.600004813022074e-15, 3.001879143000594e-29, 1.1045451128582244e-15, 1.2108131262188274e-15, -5.222267599309535e-29, -7.119196123030638e-16, -1.2108131258822239e-15, -2.116150636283676e-29, 7.119196122096444e-16, -1.2108131259807319e-15, -2.0232617828727534e-29, -7.119196124169945e-16, 1.2108131258120823e-15, -4.5542009839558433e-29, 7.119196123258929e-16, -0.18999866205042282, -1.1045451127645953e-15, 53.22452544371711, 0.18999866200450471, -6.9766146542697526e-15, 16.775474556299095, 0.18999866212333832, -1.0728891003515235e-14, -16.775474556255826, -0.18999866192850062, -5.889281699237136e-15, 16.77547455625844, -0.16867017929645944, 8.709300006902312e-15, 0.5044469285429686, 0.1686701791643584, 2.2576438585048067e-15, -0.5044469285540092, 0.16867017925397387, 3.5418530151168295e-15, 0.504446928571699, -0.16867017927861588, 9.108432379057731e-15, -0.5044469285728597, 15.76665990130011, 3.6000048128628875e-15, 0.18999866200450471, 54.23334009875197, 7.689341057574087e-15, -0.1899986620173602, -15.766659901350366, 6.1714053854680295e-15, 0.18999866198324067, 15.766659901181018, 5.6840956312764466e-15, -0.18999866198510362, 1.067641841450023, -7.396851808505723e-15, 0.10123539822807517, -1.0676418413488895, -5.254456546259285e-15, -0.10123539821289085, -1.0676418414135622, -5.1149563903768535e-15, 0.10123539819901284, 1.067641841435416, -4.522231752994932e-15, -0.1012353981981135, -7.689341057655823e-15, 4.6430213742437427e-29, -6.9766146542697526e-15, 7.689341057574087e-15, 70.0, 6.9766146543597884e-15, 7.689341057997684e-15, 2.7847105525866606e-28, -6.976614654176994e-15, -7.689341057294758e-15, 1.273219986491867e-28, 6.976614654192618e-15, 4.8948636939405844e-15, -2.317513995934557e-28, -6.6119537748019476e-15, -4.894863694527075e-15, -6.943299616601055e-29, 6.6119537747605655e-15, -4.894863694049846e-15, -7.041876312623426e-29, -6.611953774723009e-15, 4.894863694028199e-15, -2.506326928138492e-28, 6.611953774698069e-15, 0.18999866206327587, 1.1045451129194597e-15, 16.775474556299095, -0.1899986620173602, 6.9766146543597884e-15, 53.22452544368469, -0.1899986621361925, 1.0728891003615269e-14, 16.775474556272048, 0.18999866194135517, 5.889281699303627e-15, -16.77547455627466, 0.16867017928637612, -8.709300007056443e-15, -0.5044469285265312, -0.16867017915427462, -2.257643858606158e-15, 0.5044469285375703, -0.16867017924388994, -3.541853015117903e-15, -0.5044469285552611, 0.16867017926853373, -9.108432379204969e-15, 0.5044469285564228, 15.766659901402456, 3.600004812491838e-15, 0.18999866212333832, -15.766659901350366, 7.689341057997684e-15, -0.1899986621361925, 54.2333400985473, 6.171405386959666e-15, 0.189998662102075, 15.76665990128336, 5.684095631682556e-15, -0.18999866210393668, 1.067641841361458, -7.396851809002387e-15, 0.10123539834965115, -1.0676418412603237, -5.2544565459864765e-15, -0.1012353983344694, -1.0676418413249966, -5.114956390471421e-15, 0.10123539832058903, 1.067641841346849, -4.5222317545218105e-15, -0.10123539831968828, -6.1714053860324634e-15, 5.347149635016936e-29, -1.0728891003515235e-14, 6.1714053854680295e-15, 2.7847105525866606e-28, 1.0728891003615269e-14, 6.171405386959666e-15, 70.0, -1.0728891003244548e-14, -6.171405384859929e-15, 1.7520743807755874e-28, 1.0728891003276593e-14, 6.952609360508227e-15, -3.2643849896760827e-28, -1.1339062390471777e-14, -6.9526093620885314e-15, -8.271440050377328e-29, 1.1339062390314568e-14, -6.9526093609247376e-15, -8.658763650883822e-29, -1.1339062390130103e-14, 6.952609360793103e-15, -3.8471398028972946e-28, 1.1339062390152347e-14, -0.18999866202915916, -1.1045451128202565e-15, -16.775474556255826, 0.18999866198324067, -6.976614654176994e-15, 16.775474556272048, 0.189998662102075, -1.0728891003244548e-14, 53.224525443771206, -0.18999866190723658, -5.889281699133312e-15, 16.775474556231398, -0.16867017931451356, 8.709300006803783e-15, 0.5044469285703582, 0.168670179182413, 2.257643858545096e-15, -0.5044469285813984, 0.1686701792720271, 3.5418530150641068e-15, 0.5044469285990877, -0.16867017929666955, 9.108432378772728e-15, -0.5044469286002511, -15.766659901233105, -3.600004813022074e-15, -0.18999866192850062, 15.766659901181018, -7.689341057294758e-15, 0.18999866194135517, 15.76665990128336, -6.171405384859929e-15, -0.18999866190723658, 54.233340098886, -5.684095630959781e-15, 0.1899986619090992, -1.0676418414860191, 7.396851808196076e-15, -0.10123539815140056, 1.0676418413848856, 5.2544565463779684e-15, 0.10123539813621532, 1.067641841449559, 5.1149563902089145e-15, -0.10123539812233742, -1.0676418414714113, 4.522231752354257e-15, 0.10123539812143972, -5.684095631525706e-15, 3.001879143000594e-29, -5.889281699237136e-15, 5.6840956312764466e-15, 1.273219986491867e-28, 5.889281699303627e-15, 5.684095631682556e-15, 1.7520743807755874e-28, -5.889281699133312e-15, -5.684095630959781e-15, 70.0, 5.8892816991471686e-15, 5.531210905000942e-15, -1.4730127279434028e-28, -5.0226477426923666e-15, -5.531210905512848e-15, -4.8173566376942277e-29, 5.022647742649457e-15, -5.531210905212161e-15, -5.530874925419005e-29, -5.022647742574219e-15, 5.531210905199541e-15, -1.5321642061281368e-28, 5.022647742575694e-15, 0.18999866203102006, 1.1045451128582244e-15, 16.77547455625844, -0.18999866198510362, 6.976614654192618e-15, -16.77547455627466, -0.18999866210393668, 1.0728891003276593e-14, 16.775474556231398, 0.1899986619090992, 5.8892816991471686e-15, 53.22452544376599, 0.16867017930807204, -8.709300006826327e-15, -0.5044469285667662, -0.16867017917596966, -2.2576438585800545e-15, 0.504446928577807, -0.16867017926558697, -3.5418530150757003e-15, -0.5044469285954976, 0.16867017929022815, -9.108432378806455e-15, 0.5044469285966585, -1.0676418414157123, 1.2108131262188274e-15, -0.16867017929645944, 1.067641841450023, 4.8948636939405844e-15, 0.16867017928637612, 1.067641841361458, 6.952609360508227e-15, -0.16867017931451356, -1.0676418414860191, 5.531210905000942e-15, 0.16867017930807204, 54.0503791415847, -4.682406969981398e-15, -0.3237739395892104, 15.94962085851517, -2.8224656321847103e-15, 0.3237739395958496, 15.949620858454987, -4.4333534688793485e-15, -0.32377393960130385, -15.94962085845658, -5.5765086867361454e-15, 0.3237739396057072, 7.396851808564561e-15, -5.222267599309535e-29, 8.709300006902312e-15, -7.396851808505723e-15, -2.317513995934557e-28, -8.709300007056443e-15, -7.396851809002387e-15, -3.2643849896760827e-28, 8.709300006803783e-15, 7.396851808196076e-15, -1.4730127279434028e-28, -8.709300006826327e-15, -4.682406969981398e-15, 70.0, 8.037644812254458e-15, 4.6824069706473385e-15, 7.829862556076024e-29, -8.037644812170951e-15, 4.68240697007645e-15, 7.993713319126566e-29, 8.037644812177951e-15, -4.682406969989952e-15, 2.9433812220406552e-28, -8.03764481212631e-15, -0.1012353982821689, -7.119196123030638e-16, 0.5044469285429686, 0.10123539822807517, -6.6119537748019476e-15, -0.5044469285265312, 0.10123539834965115, -1.1339062390471777e-14, 0.5044469285703582, -0.10123539815140056, -5.0226477426923666e-15, -0.5044469285667662, -0.3237739395892104, 8.037644812254458e-15, 52.97493784842855, 0.3237739394695251, 1.5983200970294678e-15, 17.025062151559375, 0.3237739395474822, 2.5082858023219974e-15, -17.02506215153826, -0.32377393958081707, 1.0293249555257183e-14, 17.025062151540542, 1.06764184131458, -1.2108131258822239e-15, 0.1686701791643584, -1.0676418413488895, -4.894863694527075e-15, -0.16867017915427462, -1.0676418412603237, -6.9526093620885314e-15, 0.168670179182413, 1.0676418413848856, -5.531210905512848e-15, -0.16867017917596966, 15.94962085851517, 4.6824069706473385e-15, 0.3237739394695251, 54.05037914138493, 2.8224656319663308e-15, -0.32377393947616284, -15.949620858554878, 4.4333534690522455e-15, 0.3237739394816171, 15.94962085855647, 5.576508688341187e-15, -0.3237739394860203, 5.254456546083199e-15, -2.116150636283676e-29, 2.2576438585048067e-15, -5.254456546259285e-15, -6.943299616601055e-29, -2.257643858606158e-15, -5.2544565459864765e-15, -8.271440050377328e-29, 2.257643858545096e-15, 5.2544565463779684e-15, -4.8173566376942277e-29, -2.2576438585800545e-15, -2.8224656321847103e-15, 7.829862556076024e-29, 1.5983200970294678e-15, 2.8224656319663308e-15, 70.0, -1.5983200969674044e-15, 2.822465631989943e-15, 3.287955613480711e-29, 1.5983200971254754e-15, -2.8224656319007914e-15, 6.983365440574649e-29, -1.598320097056918e-15, 0.1012353982669863, 7.119196122096444e-16, -0.5044469285540092, -0.10123539821289085, 6.6119537747605655e-15, 0.5044469285375703, -0.1012353983344694, 1.1339062390314568e-14, -0.5044469285813984, 0.10123539813621532, 5.022647742649457e-15, 0.504446928577807, 0.3237739395958496, -8.037644812170951e-15, 17.025062151559375, -0.32377393947616284, -1.5983200969674044e-15, 52.97493784845273, -0.32377393955412204, -2.508285802331476e-15, 17.02506215152615, 0.32377393958745354, -1.0293249555066224e-14, -17.02506215152843, 1.0676418413792508, -1.2108131259807319e-15, 0.16867017925397387, -1.0676418414135622, -4.894863694049846e-15, -0.16867017924388994, -1.0676418413249966, -6.9526093609247376e-15, 0.1686701792720271, 1.067641841449559, -5.531210905212161e-15, -0.16867017926558697, 15.949620858454987, 4.68240697007645e-15, 0.3237739395474822, -15.949620858554878, 2.822465631989943e-15, -0.32377393955412204, 54.0503791415053, 4.433353469001782e-15, 0.32377393955957606, 15.949620858496289, 5.576508687174684e-15, -0.3237739395639817, 5.1149563905305804e-15, -2.0232617828727534e-29, 3.5418530151168295e-15, -5.1149563903768535e-15, -7.041876312623426e-29, -3.541853015117903e-15, -5.114956390471421e-15, -8.658763650883822e-29, 3.5418530150641068e-15, 5.1149563902089145e-15, -5.530874925419005e-29, -3.5418530150757003e-15, -4.4333534688793485e-15, 7.993713319126566e-29, 2.5082858023219974e-15, 4.4333534690522455e-15, 3.287955613480711e-29, -2.508285802331476e-15, 4.433353469001782e-15, 70.0, 2.508285802268913e-15, -4.43335346904681e-15, 7.10462374658362e-29, -2.5082858022831326e-15, -0.10123539825310507, -7.119196124169945e-16, 0.504446928571699, 0.10123539819901284, -6.611953774723009e-15, -0.5044469285552611, 0.10123539832058903, -1.1339062390130103e-14, 0.5044469285990877, -0.10123539812233742, -5.022647742574219e-15, -0.5044469285954976, -0.32377393960130385, 8.037644812177951e-15, -17.02506215153826, 0.3237739394816171, 1.5983200971254754e-15, 17.02506215152615, 0.32377393955957606, 2.508285802268913e-15, 52.974937848494946, -0.32377393959290846, 1.0293249554891938e-14, 17.025062151507324, -1.0676418414011049, 1.2108131258120823e-15, -0.16867017927861588, 1.067641841435416, 4.894863694028199e-15, 0.16867017926853373, 1.067641841346849, 6.952609360793103e-15, -0.16867017929666955, -1.0676418414714113, 5.531210905199541e-15, 0.16867017929022815, -15.94962085845658, -4.682406969989952e-15, -0.32377393958081707, 15.94962085855647, -2.8224656319007914e-15, 0.32377393958745354, 15.949620858496289, -4.43335346904681e-15, -0.32377393959290846, 54.050379141502106, -5.576508686968331e-15, 0.32377393959731327, 4.522231753573808e-15, -4.5542009839558433e-29, 9.108432379057731e-15, -4.522231752994932e-15, -2.506326928138492e-28, -9.108432379204969e-15, -4.5222317545218105e-15, -3.8471398028972946e-28, 9.108432378772728e-15, 4.522231752354257e-15, -1.5321642061281368e-28, -9.108432378806455e-15, -5.5765086867361454e-15, 2.9433812220406552e-28, 1.0293249555257183e-14, 5.576508688341187e-15, 6.983365440574649e-29, -1.0293249555066224e-14, 5.576508687174684e-15, 7.10462374658362e-29, 1.0293249554891938e-14, -5.576508686968331e-15, 70.0, -1.0293249554901795e-14, 0.10123539825220784, 7.119196123258929e-16, -0.5044469285728597, -0.1012353981981135, 6.611953774698069e-15, 0.5044469285564228, -0.10123539831968828, 1.1339062390152347e-14, -0.5044469286002511, 0.10123539812143972, 5.022647742575694e-15, 0.5044469285966585, 0.3237739396057072, -8.03764481212631e-15, 17.025062151540542, -0.3237739394860203, -1.598320097056918e-15, -17.02506215152843, -0.3237739395639817, -2.5082858022831326e-15, 17.025062151507324, 0.32377393959731327, -1.0293249554901795e-14, 52.97493784849039]]}, {"__ndarray__": [[24], "float64", [9.740668231392096, 3.0738563906137495, 0.1022214049931088, 1.5940146870930507, 1.02461879687125, 4.189472000283358, 7.261356146335502, 1.02461879687125, 2.2480681076313265, 4.073326772149417, 3.0738563906137495, 2.043625297645149, 1.3309199437573702, 3.0738563906137495, 1.8231915787560102, 10.003762974727751, 1.02461879687125, 2.4685018265204834, 4.336421515485191, 1.02461879687125, 3.9690382813942064, 6.9982614029999555, 3.0738563906137495, 0.3226551238822584]]}, {"__ndarray__": [[24], "float64", [9.222026469092679e-06, -7.590079870332835e-17, -0.00016128896845239455, -9.222026707497461e-06, -6.336142263867319e-17, 0.00016128896852414944, -9.222026105862617e-06, -5.749763479096555e-17, -0.00016128896831147255, 9.222027085088432e-06, -1.7722669754987497e-16, 0.00016128896833573743, 8.955044412670577e-05, 1.0299516108883688e-16, -0.00035841906631201557, -8.955044475703186e-05, 6.810489948220639e-17, 0.0003584190662195956, -8.955044436768315e-05, 1.4187041870430676e-16, -0.00035841906614854846, 8.955044425717259e-05, 5.810382229760583e-17, 0.0003584190661449322]]}, 0.2]