[{"__ndarray__": [[24, 24], "float64", [54.04704744785852, -4.080099947393048e-14, -0.180283537668351, 15.952952551796916, -2.0837166781350705e-14, 0.18028353767325705, 15.95295255185137, -4.582731114904688e-14, -0.18028353764784114, -15.952952551635978, 1.9668898728513314e-14, 0.18028353771329336, -0.8780317033516511, 2.2505206439621494e-14, -0.03174536833368979, 0.8780317031315934, 2.5141130557848586e-14, 0.03174536829992839, 0.8780317031073697, -2.545817627107653e-14, -0.03174536826353955, -0.8780317029569543, 6.596109541227954e-14, 0.03174536827381159, -4.080099947393048e-14, 70.0, -8.352182688061616e-14, 4.080099950547636e-14, 1.07394682563644e-26, 8.352182688612819e-14, 4.080099954010604e-14, 2.871374802939842e-26, -8.352182687528648e-14, -4.080099957295008e-14, -7.007850056077092e-27, 8.352182687593765e-14, 7.150507225146416e-14, -9.368005877224381e-27, -3.4477200696650255e-14, -7.150507223070012e-14, -1.7639741525869105e-26, 3.447720069072627e-14, -7.150507218355162e-14, 9.101158008257363e-27, -3.447720068997649e-14, 7.150507214845859e-14, -3.579724181369006e-26, 3.44772006902395e-14, -0.180283537668351, -8.352182688061616e-14, 53.29922618327802, 0.18028353768305366, -4.0853492959850274e-14, 16.70077381673375, 0.18028353792317559, -1.1506916051895156e-13, -16.70077381667552, -0.18028353799550872, 3.153502284393956e-14, 16.70077381672137, -0.19445590330113915, 3.5654286775176323e-14, 0.5991822255145426, 0.1944559033771355, 6.804358224890959e-14, -0.5991822255296733, 0.19445590355329972, -4.1492384046547484e-14, 0.5991822255812014, -0.1944559036675547, 1.47226281313048e-13, -0.5991822255697652, 15.952952551796916, 4.080099950547636e-14, 0.18028353768305366, 54.04704744854762, 2.08371667675293e-14, -0.18028353768796063, -15.952952551506822, 4.582731114804541e-14, 0.18028353766254415, 15.952952551291427, -1.9668898748978006e-14, -0.18028353772799724, 0.8780317026112687, -2.2505206421742804e-14, 0.03174536840274696, -0.878031702391213, -2.5141130592468283e-14, -0.03174536836898397, -0.8780317023669877, 2.545817629484516e-14, 0.03174536833259648, 0.8780317022165697, -6.596109541659991e-14, -0.031745368342867376, -2.0837166781350705e-14, 1.07394682563644e-26, -4.0853492959850274e-14, 2.08371667675293e-14, 70.0, 4.085349296009495e-14, 2.083716675799163e-14, 1.5243580974154825e-26, -4.085349296135197e-14, -2.0837166752031225e-14, -4.841355094590769e-27, 4.085349296170967e-14, -2.1423001029114617e-15, -6.276380120843552e-27, -6.775680339686963e-15, 2.1423000966060223e-15, -8.42537990520922e-27, 6.775680340242476e-15, 2.1423000872621495e-15, 5.58078777707708e-27, -6.775680339757976e-15, -2.1423000640366014e-15, -1.9429756273964292e-26, 6.7756803413298684e-15, 0.18028353767325705, 8.352182688612819e-14, 16.70077381673375, -0.18028353768796063, 4.085349296009495e-14, 53.29922618325447, -0.18028353792808335, 1.1506916051142096e-13, 16.70077381668729, 0.18028353800041444, -3.153502284259988e-14, -16.700773816733136, 0.19445590328270607, -3.5654286775966074e-14, -0.5991822255148214, -0.19445590335870386, -6.804358225352265e-14, 0.599182225529951, -0.19445590353486913, 4.1492384045670435e-14, -0.5991822255814783, 0.19445590364912427, -1.4722628130648218e-13, 0.5991822255700422, 15.95295255185137, 4.080099954010604e-14, 0.18028353792317559, -15.952952551506822, 2.083716675799163e-14, -0.18028353792808335, 54.047047448438725, 4.582731116527261e-14, 0.18028353790266516, 15.95295255134588, -1.9668898764300222e-14, -0.18028353796812005, 0.8780317023734295, -2.2505206409866752e-14, 0.031745368512163044, -0.8780317021533708, -2.5141130628323633e-14, -0.03174536847839927, -0.8780317021291472, 2.5458176315683287e-14, 0.03174536844201133, 0.8780317019787318, -6.596109544170397e-14, -0.03174536845228409, -4.582731114904688e-14, 2.871374802939842e-26, -1.1506916051895156e-13, 4.582731114804541e-14, 1.5243580974154825e-26, 1.1506916051142096e-13, 4.582731116527261e-14, 70.0, -1.1506916051825403e-13, -4.582731117512562e-14, -9.903365615257676e-27, 1.15069160516026e-13, 8.253797491072595e-14, -1.3245090600650185e-26, -4.333306093048608e-14, -8.253797489217444e-14, -2.4175771772259096e-26, 4.333306093429588e-14, -8.253797488295808e-14, 1.26728686937817e-26, -4.333306092971026e-14, 8.253797487725848e-14, -4.9519865762784585e-26, 4.33330609269829e-14, -0.18028353764784114, -8.352182687528648e-14, -16.70077381667552, 0.18028353766254415, -4.085349296135197e-14, 16.70077381668729, 0.18028353790266516, -1.1506916051825403e-13, 53.29922618337096, -0.18028353797499916, 3.15350228447288e-14, 16.7007738166749, -0.19445590332701773, 3.5654286776731963e-14, 0.5991822255314625, 0.19445590340301364, 6.80435822431449e-14, -0.5991822255465927, 0.19445590357917758, -4.1492384045796394e-14, 0.5991822255981204, -0.19445590369343022, 1.472262813109985e-13, -0.5991822255866844, -15.952952551635978, -4.080099957295008e-14, -0.18028353799550872, 15.952952551291427, -2.0837166752031225e-14, 0.18028353800041444, 15.95295255134588, -4.582731117512562e-14, -0.18028353797499916, 54.04704744886951, 1.9668898798070464e-14, 0.18028353804045177, -0.8780317018226386, 2.2505206394804343e-14, -0.0317453685680054, 0.8780317016025815, 2.5141130665510454e-14, 0.03174536853424412, 0.8780317015783571, -2.5458176349533504e-14, -0.03174536849785689, -0.8780317014279411, 6.596109545708364e-14, 0.0317453685081263, 1.9668898728513314e-14, -7.007850056077092e-27, 3.153502284393956e-14, -1.9668898748978006e-14, -4.841355094590769e-27, -3.153502284259988e-14, -1.9668898764300222e-14, -9.903365615257676e-27, 3.15350228447288e-14, 1.9668898798070464e-14, 70.0, -3.153502284183213e-14, -2.8379729744001156e-17, 4.211059080621356e-27, 1.0526883879190942e-14, 2.837970500895824e-17, 5.329875262646343e-27, -1.0526883878658685e-14, 2.8379680497519524e-17, -3.858264300636307e-27, 1.0526883875040504e-14, -2.8379663663339824e-17, 1.2791733618836986e-26, -1.0526883876067214e-14, 0.18028353771329336, 8.352182687593765e-14, 16.70077381672137, -0.18028353772799724, 4.085349296170967e-14, -16.700773816733136, -0.18028353796812005, 1.15069160516026e-13, 16.7007738166749, 0.18028353804045177, -3.153502284183213e-14, 53.299226183279266, 0.19445590337428, -3.565428677738163e-14, -0.5991822255247587, -0.19445590345027808, -6.804358224391756e-14, 0.5991822255398891, -0.19445590362644186, 4.149238404343609e-14, -0.5991822255914182, 0.19445590374069538, -1.472262813089307e-13, 0.599182225579981, -0.8780317033516511, 7.150507225146416e-14, -0.19445590330113915, 0.8780317026112687, -2.1423001029114617e-15, 0.19445590328270607, 0.8780317023734295, 8.253797491072595e-14, -0.19445590332701773, -0.8780317018226386, -2.8379729744001156e-17, 0.19445590337428, 53.98435534122089, -1.8268216528066248e-15, -0.34958758032245574, 16.01564465822906, -6.971603514378537e-14, 0.34958758030428216, 16.015644657907636, 1.5699018767631875e-14, -0.349587580285982, -16.015644657384012, -9.83987994053228e-14, 0.3495875802979498, 2.2505206439621494e-14, -9.368005877224381e-27, 3.5654286775176323e-14, -2.2505206421742804e-14, -6.276380120843552e-27, -3.5654286775966074e-14, -2.2505206409866752e-14, -1.3245090600650185e-26, 3.5654286776731963e-14, 2.2505206394804343e-14, 4.211059080621356e-27, -3.565428677738163e-14, -1.8268216528066248e-15, 70.0, 7.081014202110399e-15, 1.8268216678835505e-15, 7.332146198298049e-27, -7.081014202212206e-15, 1.826821680041959e-15, -4.877423788914621e-27, 7.081014203245038e-15, -1.8268217029286363e-15, 1.6910046492497725e-26, -7.081014203825242e-15, -0.03174536833368979, -3.4477200696650255e-14, 0.5991822255145426, 0.03174536840274696, -6.775680339686963e-15, -0.5991822255148214, 0.031745368512163044, -4.333306093048608e-14, 0.5991822255314625, -0.0317453685680054, 1.0526883879190942e-14, -0.5991822255247587, -0.34958758032245574, 7.081014202110399e-15, 53.10440563964752, 0.34958758040272664, 2.7720727885681978e-14, 16.895594360342646, 0.3495875804763848, -1.772871122383723e-14, -16.895594360330584, -0.34958758054938166, 5.781513907620285e-14, 16.895594360329213, 0.8780317031315934, -7.150507223070012e-14, 0.1944559033771355, -0.878031702391213, 2.1423000966060223e-15, -0.19445590335870386, -0.8780317021533708, -8.253797489217444e-14, 0.19445590340301364, 0.8780317016025815, 2.837970500895824e-17, -0.19445590345027808, 16.01564465822906, 1.8268216678835505e-15, 0.34958758040272664, 53.984355342321, 6.971603511585093e-14, -0.34958758038455146, -16.015644657357566, -1.5699018741757533e-14, 0.34958758036625187, 16.015644656833942, 9.839879938355761e-14, -0.3495875803782193, 2.5141130557848586e-14, -1.7639741525869105e-26, 6.804358224890959e-14, -2.5141130592468283e-14, -8.42537990520922e-27, -6.804358225352265e-14, -2.5141130628323633e-14, -2.4175771772259096e-26, 6.80435822431449e-14, 2.5141130665510454e-14, 5.329875262646343e-27, -6.804358224391756e-14, -6.971603514378537e-14, 7.332146198298049e-27, 2.7720727885681978e-14, 6.971603511585093e-14, 70.0, -2.772072788073917e-14, 6.971603507010522e-14, -7.190918468090111e-27, 2.7720727878959596e-14, -6.971603503418261e-14, 2.983280096585483e-26, -2.772072787964968e-14, 0.03174536829992839, 3.447720069072627e-14, -0.5991822255296733, -0.03174536836898397, 6.775680340242476e-15, 0.599182225529951, -0.03174536847839927, 4.333306093429588e-14, -0.5991822255465927, 0.03174536853424412, -1.0526883878658685e-14, 0.5991822255398891, 0.34958758030428216, -7.081014202212206e-15, 16.895594360342646, -0.34958758038455146, -2.772072788073917e-14, 53.104405639667185, -0.34958758045821137, 1.7728711222563696e-14, 16.89559436032075, 0.3495875805312071, -5.781513907860465e-14, -16.895594360319382, 0.8780317031073697, -7.150507218355162e-14, 0.19445590355329972, -0.8780317023669877, 2.1423000872621495e-15, -0.19445590353486913, -0.8780317021291472, -8.253797488295808e-14, 0.19445590357917758, 0.8780317015783571, 2.8379680497519524e-17, -0.19445590362644186, 16.015644657907636, 1.826821680041959e-15, 0.3495875804763848, -16.015644657357566, 6.971603507010522e-14, -0.34958758045821137, 53.98435534296388, -1.5699018712287028e-14, 0.3495875804399122, 16.015644656512514, 9.839879936368613e-14, -0.34958758045187927, -2.545817627107653e-14, 9.101158008257363e-27, -4.1492384046547484e-14, 2.545817629484516e-14, 5.58078777707708e-27, 4.1492384045670435e-14, 2.5458176315683287e-14, 1.26728686937817e-26, -4.1492384045796394e-14, -2.5458176349533504e-14, -3.858264300636307e-27, 4.149238404343609e-14, 1.5699018767631875e-14, -4.877423788914621e-27, -1.772871122383723e-14, -1.5699018741757533e-14, -7.190918468090111e-27, 1.7728711222563696e-14, -1.5699018712287028e-14, 70.0, -1.7728711219357563e-14, 1.569901868835415e-14, -1.6198273064112818e-26, 1.7728711219684426e-14, -0.03174536826353955, -3.447720068997649e-14, 0.5991822255812014, 0.03174536833259648, -6.775680339757976e-15, -0.5991822255814783, 0.03174536844201133, -4.333306092971026e-14, 0.5991822255981204, -0.03174536849785689, 1.0526883875040504e-14, -0.5991822255914182, -0.349587580285982, 7.081014203245038e-15, -16.895594360330584, 0.34958758036625187, 2.7720727878959596e-14, 16.89559436032075, 0.3495875804399122, -1.7728711219357563e-14, 53.10440563969131, -0.3495875805129092, 5.781513907396255e-14, 16.895594360307324, -0.8780317029569543, 7.150507214845859e-14, -0.1944559036675547, 0.8780317022165697, -2.1423000640366014e-15, 0.19445590364912427, 0.8780317019787318, 8.253797487725848e-14, -0.19445590369343022, -0.8780317014279411, -2.8379663663339824e-17, 0.19445590374069538, -16.015644657384012, -1.8268217029286363e-15, -0.34958758054938166, 16.015644656833942, -6.971603503418261e-14, 0.3495875805312071, 16.015644656512514, 1.569901868835415e-14, -0.3495875805129092, 53.984355344011114, -9.839879935070018e-14, 0.34958758052487654, 6.596109541227954e-14, -3.579724181369006e-26, 1.47226281313048e-13, -6.596109541659991e-14, -1.9429756273964292e-26, -1.4722628130648218e-13, -6.596109544170397e-14, -4.9519865762784585e-26, 1.472262813109985e-13, 6.596109545708364e-14, 1.2791733618836986e-26, -1.472262813089307e-13, -9.83987994053228e-14, 1.6910046492497725e-26, 5.781513907620285e-14, 9.839879938355761e-14, 2.983280096585483e-26, -5.781513907860465e-14, 9.839879936368613e-14, -1.6198273064112818e-26, 5.781513907396255e-14, -9.839879935070018e-14, 70.0, -5.781513907102083e-14, 0.03174536827381159, 3.44772006902395e-14, -0.5991822255697652, -0.031745368342867376, 6.7756803413298684e-15, 0.5991822255700422, -0.03174536845228409, 4.33330609269829e-14, -0.5991822255866844, 0.0317453685081263, -1.0526883876067214e-14, 0.599182225579981, 0.3495875802979498, -7.081014203825242e-15, 16.895594360329213, -0.3495875803782193, -2.772072787964968e-14, -16.895594360319382, -0.34958758045187927, 1.7728711219684426e-14, 16.895594360307324, 0.34958758052487654, -5.781513907102083e-14, 53.10440563969404]]}, {"__ndarray__": [[24], "float64", [9.81940458131619, 3.09894909584325, 0.13860511659987979, 1.6078063609931694, 1.03298303194775, 4.188122520556419, 7.321411832147876, 1.03298303194775, 2.301968935178025, 4.105799110161617, 3.09894909584325, 2.0247587019782842, 1.3552380235013703, 3.09894909584325, 1.7681314030916906, 10.07197291880801, 1.03298303194775, 2.5585962340646065, 4.358367447653262, 1.03298303194775, 3.931495221669839, 7.068843494656222, 3.09894909584325, 0.3952324154864663]]}, {"__ndarray__": [[24], "float64", [3.6046176179973754e-05, 2.609154431561492e-15, -0.00018628044645055322, -3.6046175658597694e-05, -2.9628523595617325e-15, 0.00018628044646956535, -3.604617524123546e-05, -2.7832134894042967e-15, -0.00018628044639454788, 3.604617477357109e-05, 2.8388230644167514e-15, 0.00018628044639076293, 0.00030557227426842996, 2.2555820385569926e-15, -6.18585325564006e-05, -0.0003055722738203693, -1.9771909778454985e-15, 6.185853255103359e-05, -0.00030557227339512646, -2.1431035498188896e-15, -6.185853250738669e-05, 0.00030557227289335315, 2.160892742900673e-15, 6.185853249752291e-05]]}, 0.2]