[{"__ndarray__": [[24, 24], "float64", [53.89818974886612, -8.692018556714126e-16, -0.1994705295240468, 16.10181025135045, -3.722537579343705e-15, 0.1994705296322814, 16.10181025247211, -1.2094548631619032e-14, -0.19947052934369824, -16.101810252405738, -6.62321633792328e-15, 0.19947052931225237, -0.7272320249558045, 2.3221245393846758e-15, -0.0648897107693085, 0.7272320250327353, 2.400300730593058e-16, 0.06488971066697673, 0.7272320260239153, 7.613650189159228e-15, -0.06488971052612649, -0.7272320262421912, 1.0865672133411811e-14, 0.06488971055513125, -8.692018556714126e-16, 70.0, -9.635134413299942e-16, 8.692018565090454e-16, 4.733987221986788e-30, 9.63513440549032e-16, 8.692018533151711e-16, 2.3450694918256365e-29, -9.635134416322533e-16, -8.692018535288451e-16, 1.3684816938953167e-29, 9.63513442139637e-16, 1.2452913554762948e-15, -2.929674240174453e-30, -1.0020131973398943e-15, -1.2452913556064722e-15, -1.1494746406900765e-30, 1.0020131981724383e-15, -1.2452913581134872e-15, -1.4180427284088287e-29, -1.0020131981911318e-15, 1.2452913591876203e-15, -2.1041333056366157e-29, 1.0020131981064632e-15, -0.1994705295240468, -9.635134413299942e-16, 53.33126496220757, 0.1994705294955512, 1.3708275506052435e-15, 16.668735037813555, 0.19947052957546743, -4.973803987596919e-15, -16.66873503779585, -0.1994705295644691, -3.086427970427583e-15, 16.668735037777555, -0.20710186853846577, -9.00487405670344e-16, 0.6548718236960606, 0.2071018685488693, 9.700907538970052e-16, -0.654871823703523, 0.20710186858702112, 2.0227504779844966e-15, 0.654871823717488, -0.20710186866094987, 4.654857841787546e-15, -0.6548718237069151, 16.10181025135045, 8.692018565090454e-16, 0.1994705294955512, 53.898189748432955, 3.722537580617082e-15, -0.19947052960378497, -16.10181025268868, 1.2094548634343533e-14, 0.1994705293152019, 16.101810252622315, 6.623216339165037e-15, -0.19947052928375658, 0.7272320245883226, -2.3221245409077564e-15, 0.06488971082582994, -0.7272320246652549, -2.400300738421341e-16, -0.06488971072349833, -0.727232025656435, -7.613650189919624e-15, 0.06488971058264878, 0.7272320258747125, -1.0865672136237973e-14, -0.06488971061165436, -3.722537579343705e-15, 4.733987221986788e-30, 1.3708275506052435e-15, 3.722537580617082e-15, 70.0, -1.370827549590021e-15, 3.722537589615207e-15, 1.3233103085429677e-28, 1.3708275519900648e-15, -3.7225375894177745e-15, 8.35678528844849e-29, -1.3708275524512656e-15, 7.753210037763726e-15, -5.459521197287772e-29, 5.189848919984149e-16, -7.75321003748448e-15, 1.0443813613133835e-29, -5.189848926815081e-16, -7.753210029114323e-15, -1.0475768804020332e-28, 5.189848938553403e-16, 7.753210027244179e-15, -1.1701537661322404e-28, -5.189848936712584e-16, 0.1994705296322814, 9.63513440549032e-16, 16.668735037813555, -0.19947052960378497, -1.370827549590021e-15, 53.3312649621653, -0.199470529683702, 4.973803987586101e-15, 16.668735037816965, 0.19947052967270332, 3.0864279711523667e-15, -16.668735037798665, 0.2071018682541375, 9.004874055036406e-16, -0.654871823747089, -0.2071018682645409, -9.700907533555743e-16, 0.6548718237545501, -0.20710186830269395, -2.0227504790780976e-15, -0.6548718237685158, 0.20710186837662314, -4.654857842097856e-15, 0.6548718237579436, 16.10181025247211, 8.692018533151711e-16, 0.19947052957546743, -16.10181025268868, 3.722537589615207e-15, -0.199470529683702, 53.898189746189665, 1.2094548643670253e-14, 0.1994705293951179, 16.101810253743967, 6.623216349588118e-15, -0.1994705293636728, 0.7272320224323084, -2.3221245443393463e-15, 0.06488971088254196, -0.7272320225092388, -2.40030071824362e-16, -0.06488971078021175, -0.7272320235004203, -7.613650201999741e-15, 0.06488971063936219, 0.7272320237186963, -1.086567214751962e-14, -0.0648897106683671, -1.2094548631619032e-14, 2.3450694918256365e-29, -4.973803987596919e-15, 1.2094548634343533e-14, 1.3233103085429677e-28, 4.973803987586101e-15, 1.2094548643670253e-14, 70.0, -4.973803985900362e-15, -1.209454864343774e-14, 2.027297787955971e-28, 4.973803985916725e-15, 1.87927235166889e-14, -8.638833101724387e-29, -6.763022151828436e-15, -1.8792723517213368e-14, 3.3721433523307754e-30, 6.763022152240051e-15, -1.8792723507517567e-14, -2.325791223269992e-28, -6.763022150635448e-15, 1.8792723506838806e-14, -2.9977229774125613e-28, 6.763022150601476e-15, -0.19947052934369824, -9.635134416322533e-16, -16.66873503779585, 0.1994705293152019, 1.3708275519900648e-15, 16.668735037816965, 0.1994705293951179, -4.973803985900362e-15, 53.33126496220074, -0.1994705293841196, -3.0864279689402895e-15, 16.668735037780966, -0.2071018688467903, -9.004874064367317e-16, 0.6548718237298845, 0.20710186885719095, 9.700907540877609e-16, -0.6548718237373451, 0.20710186889534657, 2.0227504763804418e-15, 0.6548718237513106, -0.20710186896927324, 4.654857839933555e-15, -0.6548718237407396, -16.101810252405738, -8.692018535288451e-16, -0.1994705295644691, 16.101810252622315, -3.7225375894177745e-15, 0.19947052967270332, 16.101810253743967, -1.209454864343774e-14, -0.1994705293841196, 53.898189746322416, -6.623216349166525e-15, 0.19947052935267393, -0.7272320224894933, 2.322124544386005e-15, -0.06488971086171572, 0.7272320225664258, 2.400300719549321e-16, 0.06488971075938424, 0.7272320235576059, 7.613650201533035e-15, -0.06488971061853553, -0.7272320237758824, 1.086567214721783e-14, 0.06488971064754018, -6.62321633792328e-15, 1.3684816938953167e-29, -3.086427970427583e-15, 6.623216339165037e-15, 8.35678528844849e-29, 3.0864279711523667e-15, 6.623216349588118e-15, 2.027297787955971e-28, -3.0864279689402895e-15, -6.623216349166525e-15, 70.0, 3.086427968429069e-15, 1.1336631993253528e-14, -5.503499491677765e-29, -3.826663859227641e-15, -1.1336631993012216e-14, 3.2344065085148155e-30, 3.8266638589094975e-15, -1.1336631983606782e-14, -1.4181300265760696e-28, -3.826663857468038e-15, 1.1336631982013838e-14, -1.8067638592196519e-28, 3.8266638575556386e-15, 0.19947052931225237, 9.63513442139637e-16, 16.668735037777555, -0.19947052928375658, -1.3708275524512656e-15, -16.668735037798665, -0.1994705293636728, 4.973803985916725e-15, 16.668735037780966, 0.19947052935267393, 3.086427968429069e-15, 53.33126496223737, 0.20710186894960966, 9.004874063592636e-16, -0.6548718237031658, -0.20710186896001415, -9.700907544162932e-16, 0.654871823710627, -0.20710186899816727, -2.0227504756225752e-15, -0.6548718237245903, 0.20710186907209466, -4.654857839778619e-15, 0.6548718237140192, -0.7272320249558045, 1.2452913554762948e-15, -0.20710186853846577, 0.7272320245883226, 7.753210037763726e-15, 0.2071018682541375, 0.7272320224323084, 1.87927235166889e-14, -0.2071018688467903, -0.7272320224894933, 1.1336631993253528e-14, 0.20710186894960966, 53.55805376656549, -5.081062663349229e-15, -0.30666889777532963, 16.441946233342808, 2.9880449969405215e-16, 0.30666889796795177, 16.441946231415, -1.3122696862462189e-14, -0.30666889823986465, -16.441946230843758, -1.6730223689444485e-14, 0.3066688981873553, 2.3221245393846758e-15, -2.929674240174453e-30, -9.00487405670344e-16, -2.3221245409077564e-15, -5.459521197287772e-29, 9.004874055036406e-16, -2.3221245443393463e-15, -8.638833101724387e-29, -9.004874064367317e-16, 2.322124544386005e-15, -5.503499491677765e-29, 9.004874063592636e-16, -5.081062663349229e-15, 70.0, -4.892133396092937e-16, 5.081062663442122e-15, -7.239302034789563e-30, 4.892133395811382e-16, 5.0810626597883235e-15, 6.899427662042173e-29, -4.892133403412878e-16, -5.081062659099411e-15, 7.653412235065075e-29, 4.89213340234759e-16, -0.0648897107693085, -1.0020131973398943e-15, 0.6548718236960606, 0.06488971082582994, 5.189848919984149e-16, -0.654871823747089, 0.06488971088254196, -6.763022151828436e-15, 0.6548718237298845, -0.06488971086171572, -3.826663859227641e-15, -0.6548718237031658, -0.30666889777532963, -4.892133396092937e-16, 53.17212700985808, 0.3066688978200389, 8.917173297337302e-16, 16.827872990128725, 0.3066688978931889, 3.360551781192317e-15, -16.8278729901123, -0.3066688977776685, 6.026753651784955e-15, 16.827872990130388, 0.7272320250327353, -1.2452913556064722e-15, 0.2071018685488693, -0.7272320246652549, -7.75321003748448e-15, -0.2071018682645409, -0.7272320225092388, -1.8792723517213368e-14, 0.20710186885719095, 0.7272320225664258, -1.1336631993012216e-14, -0.20710186896001415, 16.441946233342808, 5.081062663442122e-15, 0.3066688978200389, 53.558053766748884, -2.9880449970451994e-16, -0.30666889801265773, -16.44194623132329, 1.3122696861929569e-14, 0.30666889828457145, 16.441946230752055, 1.6730223689721593e-14, -0.3066688982320617, 2.400300730593058e-16, -1.1494746406900765e-30, 9.700907538970052e-16, -2.400300738421341e-16, 1.0443813613133835e-29, -9.700907533555743e-16, -2.40030071824362e-16, 3.3721433523307754e-30, 9.700907540877609e-16, 2.400300719549321e-16, 3.2344065085148155e-30, -9.700907544162932e-16, 2.9880449969405215e-16, -7.239302034789563e-30, 8.917173297337302e-16, -2.9880449970451994e-16, 70.0, -8.917173303457302e-16, -2.9880449811760593e-16, -6.48505322293225e-30, 8.917173302622514e-16, 2.9880449741902384e-16, -2.7414300537847683e-30, -8.917173302135747e-16, 0.06488971066697673, 1.0020131981724383e-15, -0.654871823703523, -0.06488971072349833, -5.189848926815081e-16, 0.6548718237545501, -0.06488971078021175, 6.763022152240051e-15, -0.6548718237373451, 0.06488971075938424, 3.8266638589094975e-15, 0.654871823710627, 0.30666889796795177, 4.892133395811382e-16, 16.827872990128725, -0.30666889801265773, -8.917173303457302e-16, 53.17212700988446, -0.3066688980858103, -3.360551780524318e-15, 16.827872990099102, 0.3066688979702924, -6.026753651998268e-15, -16.827872990117186, 0.7272320260239153, -1.2452913581134872e-15, 0.20710186858702112, -0.727232025656435, -7.753210029114323e-15, -0.20710186830269395, -0.7272320235004203, -1.8792723507517567e-14, 0.20710186889534657, 0.7272320235576059, -1.1336631983606782e-14, -0.20710186899816727, 16.441946231415, 5.0810626597883235e-15, 0.3066688978931889, -16.44194623132329, -2.9880449811760593e-16, -0.3066688980858103, 53.55805377060454, 1.3122696851291724e-14, 0.3066688983577236, 16.441946228824236, 1.6730223678425752e-14, -0.30666889830521304, 7.613650189159228e-15, -1.4180427284088287e-29, 2.0227504779844966e-15, -7.613650189919624e-15, -1.0475768804020332e-28, -2.0227504790780976e-15, -7.613650201999741e-15, -2.325791223269992e-28, 2.0227504763804418e-15, 7.613650201533035e-15, -1.4181300265760696e-28, -2.0227504756225752e-15, -1.3122696862462189e-14, 6.899427662042173e-29, 3.360551781192317e-15, 1.3122696861929569e-14, -6.48505322293225e-30, -3.360551780524318e-15, 1.3122696851291724e-14, 70.0, 3.360551779072049e-15, -1.312269684930272e-14, 2.0655295958125404e-28, -3.3605517791776317e-15, -0.06488971052612649, -1.0020131981911318e-15, 0.654871823717488, 0.06488971058264878, 5.189848938553403e-16, -0.6548718237685158, 0.06488971063936219, -6.763022150635448e-15, 0.6548718237513106, -0.06488971061853553, -3.826663857468038e-15, -0.6548718237245903, -0.30666889823986465, -4.892133403412878e-16, -16.8278729901123, 0.30666889828457145, 8.917173302622514e-16, 16.827872990099102, 0.3066688983577236, 3.360551779072049e-15, 53.17212700991732, -0.30666889824220434, 6.026753650239152e-15, 16.82787299010076, -0.7272320262421912, 1.2452913591876203e-15, -0.20710186866094987, 0.7272320258747125, 7.753210027244179e-15, 0.20710186837662314, 0.7272320237186963, 1.8792723506838806e-14, -0.20710186896927324, -0.7272320237758824, 1.1336631982013838e-14, 0.20710186907209466, -16.441946230843758, -5.081062659099411e-15, -0.3066688977776685, 16.441946230752055, 2.9880449741902384e-16, 0.3066688979702924, 16.441946228824236, -1.312269684930272e-14, -0.30666889824220434, 53.558053771747, -1.673022367735954e-14, 0.3066688981896928, 1.0865672133411811e-14, -2.1041333056366157e-29, 4.654857841787546e-15, -1.0865672136237973e-14, -1.1701537661322404e-28, -4.654857842097856e-15, -1.086567214751962e-14, -2.9977229774125613e-28, 4.654857839933555e-15, 1.086567214721783e-14, -1.8067638592196519e-28, -4.654857839778619e-15, -1.6730223689444485e-14, 7.653412235065075e-29, 6.026753651784955e-15, 1.6730223689721593e-14, -2.7414300537847683e-30, -6.026753651998268e-15, 1.6730223678425752e-14, 2.0655295958125404e-28, 6.026753650239152e-15, -1.673022367735954e-14, 70.0, -6.0267536502284175e-15, 0.06488971055513125, 1.0020131981064632e-15, -0.6548718237069151, -0.06488971061165436, -5.189848936712584e-16, 0.6548718237579436, -0.0648897106683671, 6.763022150601476e-15, -0.6548718237407396, 0.06488971064754018, 3.8266638575556386e-15, 0.6548718237140192, 0.3066688981873553, 4.89213340234759e-16, 16.827872990130388, -0.3066688982320617, -8.917173302135747e-16, -16.827872990117186, -0.30666889830521304, -3.3605517791776317e-15, 16.82787299010076, 0.3066688981896928, -6.0267536502284175e-15, 53.172127009881144]]}, {"__ndarray__": [[24], "float64", [9.995795838063405, 3.1585442707633127, 0.14614169673203858, 1.6511691608289232, 1.0528480902544377, 4.263792241138761, 7.474651660274964, 1.0528480902544377, 2.351108665667451, 4.172313338617355, 3.1585442707633127, 2.0588252722034066, 1.4150400091358295, 3.1585442707633127, 1.7385006876513205, 10.231924989756493, 1.0528480902544377, 2.6714332502195246, 4.408442490310246, 1.0528480902544377, 3.9434676565867144, 7.238522508582168, 3.1585442707633127, 0.466466281284122]]}, {"__ndarray__": [[24], "float64", [-9.077553151412419e-05, 3.887178870809839e-18, -1.7369489624730994e-05, 9.07755317462117e-05, -5.3126340660869395e-18, 1.7369489801111063e-05, 9.077553304376849e-05, -1.6266410933521142e-17, -1.7369489435106636e-05, -9.077553302434306e-05, -2.0110358018462492e-18, 1.736948936133351e-05, 0.000213596796540815, 1.9400042686586954e-18, 2.7987444076306585e-05, -0.00021359679643937228, -3.5899800889408676e-18, -2.798744419376287e-05, -0.00021359679527331154, 5.439731651938311e-18, 2.7987444353110014e-05, 0.00021359679492035212, 1.2605325703969676e-17, -2.798744433826436e-05]]}, 0.2]