[{"__ndarray__": [[24, 24], "float64", [54.02745184088109, 2.940424094718976e-14, -0.20999946221573573, 15.972548159359556, -5.9861883942118134e-15, 0.20999946226160615, 15.972548159034067, -5.554975111506169e-14, -0.20999946241554357, -15.972548159831105, -2.931180014041054e-15, 0.2099994622803194, -0.928240687102208, 3.2314157888092826e-15, -0.07534777643328677, 0.928240687864446, -2.3901638702717332e-14, 0.07534777642513607, 0.9282406874847566, -2.818168768382082e-15, -0.07534777642658191, -0.9282406878133787, 5.475972320627392e-14, 0.07534777653468056, 2.940424094718976e-14, 70.0, 3.825126636482972e-14, -2.94042409509379e-14, -7.272731107435576e-28, -3.825126636600627e-14, -2.940424094577348e-14, -4.668645738608732e-27, 3.825126636745689e-14, 2.9404240959036794e-14, 5.931960507417198e-28, -3.825126636491174e-14, -2.8642555044700695e-14, 8.161982053472266e-28, 3.366984874432081e-14, 2.864255503327799e-14, -2.777533742957753e-27, -3.366984874366146e-14, 2.864255503736443e-14, -1.2687110931008362e-27, 3.3669848743931003e-14, -2.8642555034219163e-14, 4.694002454250953e-27, -3.3669848745088414e-14, -0.20999946221573573, 3.825126636482972e-14, 53.286163967627466, 0.20999946244797257, -6.3534285520513175e-15, 16.713836032411983, 0.20999946219738774, -4.842887229779709e-14, -16.713836032538214, -0.20999946283542348, 8.852441900699834e-15, 16.713836032412637, -0.18487111258032585, 9.649732834432124e-15, 0.6065730557682203, 0.18487111322539423, -3.59927535586619e-14, -0.6065730557870732, 0.1848711128928403, -1.8093840654976264e-14, 0.6065730557758393, -0.18487111315053123, 5.016195625171253e-14, -0.606573055702184, 15.972548159359556, -2.94042409509379e-14, 0.20999946244797257, 54.02745184039978, 5.986188394047649e-15, -0.20999946249384333, -15.97254815927472, 5.554975112548147e-14, 0.20999946264778052, 15.972548160071762, 2.931180009758123e-15, -0.20999946251255558, 0.9282406869389467, -3.2314157881413277e-15, 0.07534777663514744, -0.9282406877011882, 2.3901638705362446e-14, -0.07534777662699566, -0.9282406873214981, 2.8181687726790103e-15, 0.07534777662844022, 0.9282406876501197, -5.4759723215305685e-14, -0.07534777673653756, -5.9861883942118134e-15, -7.272731107435576e-28, -6.3534285520513175e-15, 5.986188394047649e-15, 70.0, 6.3534285512654945e-15, 5.986188396036384e-15, 1.2848077456364274e-27, -6.353428551201024e-15, -5.986188390539443e-15, -2.967207448303004e-28, 6.3534285521125465e-15, 4.0216751857678965e-16, -3.437318670831402e-28, -8.477414282425874e-15, -4.0216752354268877e-16, 6.141704106584393e-28, 8.477414282668217e-15, -4.021675215907834e-16, 4.120460111982744e-28, -8.477414282441694e-15, 4.021675209252199e-16, -1.2307081326588418e-27, 8.477414282112043e-15, 0.20999946226160615, -3.825126636600627e-14, 16.713836032411983, -0.20999946249384333, 6.3534285512654945e-15, 53.28616396754854, -0.20999946224325844, 4.842887229984795e-14, 16.713836032577674, 0.2099994628812939, -8.852441901472098e-15, -16.7138360324521, 0.1848711125431468, -9.649732833567807e-15, -0.6065730557260443, -0.18487111318821686, 3.5992753559620245e-14, 0.6065730557448976, -0.1848711128556625, 1.8093840655780154e-14, -0.6065730557336617, 0.1848711131133539, -5.016195625347595e-14, 0.6065730556600064, 15.972548159034067, -2.940424094577348e-14, 0.20999946219738774, -15.97254815927472, 5.986188396036384e-15, -0.20999946224325844, 54.027451841050755, 5.55497511147865e-14, 0.20999946239719536, 15.972548159746271, 2.9311800148460203e-15, -0.20999946226197197, 0.9282406871493994, -3.231415790968426e-15, 0.07534777641183446, -0.9282406879116389, 2.390163870158701e-14, -0.07534777640368456, -0.9282406875319483, 2.818168767930907e-15, 0.0753477764051293, 0.9282406878605726, -5.475972320647004e-14, -0.07534777651322822, -5.554975111506169e-14, -4.668645738608732e-27, -4.842887229779709e-14, 5.554975112548147e-14, 1.2848077456364274e-27, 4.842887229984795e-14, 5.55497511147865e-14, 70.0, -4.842887230328244e-14, -5.554975114219429e-14, -9.461108329899086e-28, 4.842887229898593e-14, 3.305859830555252e-14, -1.3509071474021682e-27, -4.3214548067476134e-14, -3.3058598280047035e-14, 4.1092299452917535e-27, 4.321454806643038e-14, -3.3058598289465996e-14, 1.935558750714757e-27, -4.321454806676251e-14, 3.3058598280185483e-14, -7.486536300749671e-27, 4.321454806983569e-14, -0.20999946241554357, 3.825126636745689e-14, -16.713836032538214, 0.20999946264778052, -6.353428551201024e-15, 16.713836032577674, 0.20999946239719536, -4.842887230328244e-14, 53.286163967296105, -0.20999946303523082, 8.852441903193906e-15, 16.713836032578325, -0.18487111252586358, 9.6497328332885e-15, 0.6065730556196257, 0.18487111317093435, -3.5992753560626705e-14, -0.606573055638479, 0.18487111283837848, -1.8093840657396748e-14, 0.6065730556272431, -0.18487111309606885, 5.016195625629781e-14, -0.6065730555535906, -15.972548159831105, 2.9404240959036794e-14, -0.20999946283542348, 15.972548160071762, -5.986188390539443e-15, 0.2099994628812939, 15.972548159746271, -5.554975114219429e-14, -0.20999946303523082, 54.027451839456695, -2.9311800022452642e-15, 0.20999946290000693, -0.9282406867709848, 3.231415783901561e-15, -0.07534777696683903, 0.9282406875332232, -2.3901638711683493e-14, 0.07534777695868644, 0.9282406871535319, -2.818168780248235e-15, -0.07534777696013076, -0.9282406874821565, 5.4759723229677273e-14, 0.07534777706823081, -2.931180014041054e-15, 5.931960507417198e-28, 8.852441900699834e-15, 2.931180009758123e-15, -2.967207448303004e-28, -8.852441901472098e-15, 2.9311800148460203e-15, -9.461108329899086e-28, 8.852441903193906e-15, -2.9311800022452642e-15, 70.0, -8.85244190139366e-15, 1.923277488146724e-15, 3.100676661895339e-28, 1.0225245265828207e-14, -1.9232774995966298e-15, -5.165988338400613e-28, -1.022524526552975e-14, -1.9232774954005335e-15, -3.9642632057123327e-28, 1.0225245265744121e-14, 1.92327750003659e-15, 9.046834304191667e-28, -1.022524526699427e-14, 0.2099994622803194, -3.825126636491174e-14, 16.713836032412637, -0.20999946251255558, 6.3534285521125465e-15, -16.7138360324521, -0.20999946226197197, 4.842887229898593e-14, 16.713836032578325, 0.20999946290000693, -8.85244190139366e-15, 53.28616396754727, 0.1848711125688013, -9.649732834385531e-15, -0.6065730557200646, -0.18487111321386956, 3.5992753558584294e-14, 0.6065730557389177, -0.1848711128813164, 1.8093840655594898e-14, -0.606573055727682, 0.18487111313900684, -5.0161956252661684e-14, 0.6065730556540292, -0.928240687102208, -2.8642555044700695e-14, -0.18487111258032585, 0.9282406869389467, 4.0216751857678965e-16, 0.1848711125431468, 0.9282406871493994, 3.305859830555252e-14, -0.18487111252586358, -0.9282406867709848, 1.923277488146724e-15, 0.1848711125688013, 53.85119217610555, -3.1208468180508265e-16, -0.3350624744116265, 16.14880782358606, 2.588800702215549e-14, 0.33506247444891185, 16.14880782366691, 3.829042168816234e-15, -0.33506247440380044, -16.14880782356149, -3.3830890271336266e-14, 0.3350624743896718, 3.2314157888092826e-15, 8.161982053472266e-28, 9.649732834432124e-15, -3.2314157881413277e-15, -3.437318670831402e-28, -9.649732833567807e-15, -3.231415790968426e-15, -1.3509071474021682e-27, 9.6497328332885e-15, 3.231415783901561e-15, 3.100676661895339e-28, -9.649732834385531e-15, -3.1208468180508265e-16, 70.0, 1.0481025832081851e-14, 3.120846881215337e-16, -7.07739475396524e-28, -1.048102583233625e-14, 3.120846855512419e-16, -4.548940141539081e-28, 1.0481025832077749e-14, -3.1208468544611985e-16, 1.31186062177988e-27, -1.0481025831594917e-14, -0.07534777643328677, 3.366984874432081e-14, 0.6065730557682203, 0.07534777663514744, -8.477414282425874e-15, -0.6065730557260443, 0.07534777641183446, -4.3214548067476134e-14, 0.6065730556196257, -0.07534777696683903, 1.0225245265828207e-14, -0.6065730557200646, -0.3350624744116265, 1.0481025832081851e-14, 53.095200482981156, 0.33506247498882985, -3.096026976589975e-14, 16.904799517015487, 0.3350624746948409, -1.7024478748686836e-14, -16.904799517014528, -0.33506247491717295, 4.334155529242421e-14, 16.90479951709573, 0.928240687864446, 2.864255503327799e-14, 0.18487111322539423, -0.9282406877011882, -4.0216752354268877e-16, -0.18487111318821686, -0.9282406879116389, -3.3058598280047035e-14, 0.18487111317093435, 0.9282406875332232, -1.9232774995966298e-15, -0.18487111321386956, 16.14880782358606, 3.120846881215337e-16, 0.33506247498882985, 53.851192176722364, -2.5888007013606926e-14, -0.33506247502611386, -16.148807823358514, -3.8290421575201716e-15, 0.33506247498100206, 16.148807823253097, 3.383089024968114e-14, -0.335062474966875, -2.3901638702717332e-14, -2.777533742957753e-27, -3.59927535586619e-14, 2.3901638705362446e-14, 6.141704106584393e-28, 3.5992753559620245e-14, 2.390163870158701e-14, 4.1092299452917535e-27, -3.5992753560626705e-14, -2.3901638711683493e-14, -5.165988338400613e-28, 3.5992753558584294e-14, 2.588800702215549e-14, -7.07739475396524e-28, -3.096026976589975e-14, -2.5888007013606926e-14, 70.0, 3.096026976535277e-14, -2.588800701649785e-14, 1.130693683516176e-27, -3.096026976555852e-14, 2.5888007014434498e-14, -4.146219023217582e-27, 3.096026976638209e-14, 0.07534777642513607, -3.366984874366146e-14, -0.6065730557870732, -0.07534777662699566, 8.477414282668217e-15, 0.6065730557448976, -0.07534777640368456, 4.321454806643038e-14, -0.606573055638479, 0.07534777695868644, -1.022524526552975e-14, 0.6065730557389177, 0.33506247444891185, -1.048102583233625e-14, 16.904799517015487, -0.33506247502611386, 3.096026976535277e-14, 53.09520048298787, -0.3350624747321276, 1.7024478748336106e-14, 16.904799517011174, 0.33506247495445657, -4.3341555291510205e-14, -16.90479951709238, 0.9282406874847566, 2.864255503736443e-14, 0.1848711128928403, -0.9282406873214981, -4.021675215907834e-16, -0.1848711128556625, -0.9282406875319483, -3.3058598289465996e-14, 0.18487111283837848, 0.9282406871535319, -1.9232774954005335e-15, -0.1848711128813164, 16.14880782366691, 3.120846855512419e-16, 0.3350624746948409, -16.148807823358514, -2.588800701649785e-14, -0.3350624747321276, 53.851192176560644, -3.829042161568565e-15, 0.33506247468701167, 16.148807823333954, 3.383089025750806e-14, -0.3350624746728852, -2.818168768382082e-15, -1.2687110931008362e-27, -1.8093840654976264e-14, 2.8181687726790103e-15, 4.120460111982744e-28, 1.8093840655780154e-14, 2.818168767930907e-15, 1.935558750714757e-27, -1.8093840657396748e-14, -2.818168780248235e-15, -3.9642632057123327e-28, 1.8093840655594898e-14, 3.829042168816234e-15, -4.548940141539081e-28, -1.7024478748686836e-14, -3.8290421575201716e-15, 1.130693683516176e-27, 1.7024478748336106e-14, -3.829042161568565e-15, 70.0, -1.7024478748526158e-14, 3.8290421569949606e-15, -1.9169745362771435e-27, 1.702447874973801e-14, -0.07534777642658191, 3.3669848743931003e-14, 0.6065730557758393, 0.07534777662844022, -8.477414282441694e-15, -0.6065730557336617, 0.0753477764051293, -4.321454806676251e-14, 0.6065730556272431, -0.07534777696013076, 1.0225245265744121e-14, -0.606573055727682, -0.33506247440380044, 1.0481025832077749e-14, -16.904799517014528, 0.33506247498100206, -3.096026976555852e-14, 16.904799517011174, 0.33506247468701167, -1.7024478748526158e-14, 53.09520048298979, -0.3350624749093438, 4.334155529175224e-14, 16.904799517091412, -0.9282406878133787, -2.8642555034219163e-14, -0.18487111315053123, 0.9282406876501197, 4.021675209252199e-16, 0.1848711131133539, 0.9282406878605726, 3.3058598280185483e-14, -0.18487111309606885, -0.9282406874821565, 1.92327750003659e-15, 0.18487111313900684, -16.14880782356149, -3.1208468544611985e-16, -0.33506247491717295, 16.148807823253097, 2.5888007014434498e-14, 0.33506247495445657, 16.148807823333954, 3.8290421569949606e-15, -0.3350624749093438, 53.851192176771484, -3.3830890249581426e-14, 0.3350624748952159, 5.475972320627392e-14, 4.694002454250953e-27, 5.016195625171253e-14, -5.4759723215305685e-14, -1.2307081326588418e-27, -5.016195625347595e-14, -5.475972320647004e-14, -7.486536300749671e-27, 5.016195625629781e-14, 5.4759723229677273e-14, 9.046834304191667e-28, -5.0161956252661684e-14, -3.3830890271336266e-14, 1.31186062177988e-27, 4.334155529242421e-14, 3.383089024968114e-14, -4.146219023217582e-27, -4.3341555291510205e-14, 3.383089025750806e-14, -1.9169745362771435e-27, 4.334155529175224e-14, -3.3830890249581426e-14, 70.0, -4.3341555294353986e-14, 0.07534777653468056, -3.3669848745088414e-14, -0.606573055702184, -0.07534777673653756, 8.477414282112043e-15, 0.6065730556600064, -0.07534777651322822, 4.321454806983569e-14, -0.6065730555535906, 0.07534777706823081, -1.022524526699427e-14, 0.6065730556540292, 0.3350624743896718, -1.0481025831594917e-14, 16.90479951709573, -0.335062474966875, 3.096026976638209e-14, -16.90479951709238, -0.3350624746728852, 1.702447874973801e-14, 16.904799517091412, 0.3350624748952159, -4.3341555294353986e-14, 53.09520048282738]]}, {"__ndarray__": [[24], "float64", [9.863082893986002, 3.1146320366116873, 0.12283068629191964, 1.6219580632136263, 1.0382106788705625, 4.225793345789224, 7.364478541813522, 1.0382106788705625, 2.29714270233256, 4.120562415386304, 3.1146320366116873, 2.0514813297486256, 1.368745781540486, 3.1146320366116873, 1.7806478970501098, 10.116295175659, 1.0382106788705625, 2.5679761350310293, 4.373774697059267, 1.0382106788705625, 3.9549599130906956, 7.111266260140476, 3.1146320366116873, 0.3936641189904163]]}, {"__ndarray__": [[24], "float64", [-0.00019160698185281052, 1.152249992592715e-15, -0.00014524570149034239, 0.00019160698235944594, -1.0638855524557445e-15, 0.00014524570158033333, 0.00019160698178859734, -1.1170627050133583e-15, -0.00014524570179939205, -0.00019160698307211122, 1.0562192044978723e-15, 0.00014524570159022885, -1.4487109795267156e-05, 8.757721347239513e-16, -0.0001578859524163426, 1.4487111091098653e-05, -9.580025869288991e-16, 0.00015788595237925312, 1.448711045799701e-05, -8.852816862766422e-16, -0.00015788595241320795, -1.4487110976937802e-05, 9.390061052330602e-16, 0.00015788595256947596]]}, 0.2]