[{"__ndarray__": [[24, 24], "float64", [53.87637737437521, 1.478178509991564e-14, -0.11971224623238928, 16.123622625613315, -1.2999190351057038e-14, 0.11971224633566888, 16.123622625613013, 1.3924080733958936e-14, -0.11971224625014641, -16.123622625515598, -3.0956708659340093e-14, 0.11971224625386019, -0.8297013177750164, 1.4894659034229477e-14, 0.012486296234771675, 0.8297013177203927, -1.2315052521907241e-14, -0.012486296305473953, 0.8297013177513728, 2.902633110356224e-14, 0.012486296261003928, -0.8297013177236755, -1.7631570097988062e-14, -0.01248629629223108, 1.478178509991564e-14, 70.0, 7.199666025023983e-15, -1.4781785086011563e-14, -3.0703707491190757e-29, -7.199666036473822e-15, -1.478178509261149e-14, -1.7272225462223717e-27, 7.1996660241528e-15, 1.478178507113629e-14, -1.7063298602407483e-27, -7.199666025291714e-15, -4.303315184534711e-14, 4.328994836230671e-28, 1.6293115072450964e-14, 4.303315185864825e-14, -1.8643989827270928e-27, -1.6293115065471852e-14, 4.3033151854843744e-14, 1.5114943458903617e-27, 1.6293115066414638e-14, -4.303315185823889e-14, 1.3066260927915685e-27, -1.629311506501613e-14, -0.11971224623238928, 7.199666025023983e-15, 53.30580716930181, 0.11971224613226494, -2.721798233311795e-14, 16.694192830751913, 0.11971224617065365, -2.0918909653348863e-14, -16.694192830701123, -0.11971224606897252, -1.0280752082553628e-14, 16.694192830772245, -0.2075998129015288, 3.3400740202339623e-14, 0.6436953392634773, 0.20759981272356964, -3.200357407256046e-15, -0.6436953393422571, 0.20759981279721335, 5.825311184334239e-15, 0.6436953393129622, -0.20759981279280615, 1.8017732390590805e-14, -0.6436953392630443, 16.123622625613315, -1.4781785086011563e-14, 0.11971224613226494, 53.87637737439817, 1.2999190343140938e-14, -0.11971224623554427, -16.123622625601538, -1.3924080734287987e-14, 0.11971224615001998, 16.123622625504126, 3.095670864652272e-14, -0.11971224615373498, 0.8297013179757903, -1.489465902286282e-14, -0.012486296196125651, -0.8297013179211673, 1.2315052511595434e-14, 0.012486296266827457, -0.8297013179521464, -2.902633109297948e-14, -0.01248629622235771, 0.8297013179244519, 1.7631570094896374e-14, 0.01248629625358453, -1.2999190351057038e-14, -3.0703707491190757e-29, -2.721798233311795e-14, 1.2999190343140938e-14, 70.0, 2.7217982327537847e-14, 1.2999190352788919e-14, 1.651367964673631e-28, -2.7217982330272834e-14, -1.2999190349812583e-14, 4.79998081490507e-28, 2.721798232692828e-14, 7.910634059895532e-15, -1.5675054699572834e-27, -2.433616123556265e-14, -7.91063406105032e-15, -9.090280901871898e-29, 2.433616123952203e-14, -7.910634050432972e-15, -3.1738135684528833e-28, -2.4336161235990675e-14, 7.910634053452594e-15, -9.760845421807212e-29, 2.433616123680918e-14, 0.11971224633566888, -7.199666036473822e-15, 16.694192830751913, -0.11971224623554427, 2.7217982327537847e-14, 53.30580716919438, -0.11971224627393148, 2.091890964877835e-14, 16.69419283075485, 0.11971224617225268, 1.0280752088688366e-14, -16.694192830825973, 0.20759981252687365, -3.34007401987475e-14, -0.6436953393250789, -0.20759981234891417, 3.2003574168223404e-15, 0.6436953394038584, -0.20759981242255732, -5.825311189740726e-15, -0.643695339374563, 0.20759981241815056, -1.8017732383454516e-14, 0.6436953393246457, 16.123622625613013, -1.478178509261149e-14, 0.11971224617065365, -16.123622625601538, 1.2999190352788919e-14, -0.11971224627393148, 53.876377374398764, -1.3924080722275412e-14, 0.1197122461884091, 16.12362262550383, 3.095670865258087e-14, -0.1197122461921218, 0.8297013179373933, -1.489465903374613e-14, -0.012486296073921675, -0.8297013178827708, 1.2315052516837533e-14, 0.012486296144624397, -0.8297013179137512, -2.9026331097466953e-14, -0.012486296100154448, 0.8297013178860544, 1.7631570083515314e-14, 0.01248629613138156, 1.3924080733958936e-14, -1.7272225462223717e-27, -2.0918909653348863e-14, -1.3924080734287987e-14, 1.651367964673631e-28, 2.091890964877835e-14, -1.3924080722275412e-14, 70.0, -2.0918909650227665e-14, 1.392408072171718e-14, 1.0367964073148837e-27, 2.0918909651641036e-14, 2.5744939952332237e-14, -5.55204404519962e-28, -2.214876106193931e-14, -2.5744939956190916e-14, 1.3785703872565876e-27, 2.2148761063706603e-14, -2.5744939941106945e-14, -8.410686450215599e-28, -2.214876106180531e-14, 2.574493994174183e-14, -1.6986923803435105e-27, 2.2148761063409038e-14, -0.11971224625014641, 7.1996660241528e-15, -16.694192830701123, 0.11971224615001998, -2.7217982330272834e-14, 16.69419283075485, 0.1197122461884091, -2.0918909650227665e-14, 53.30580716929596, -0.11971224608672895, -1.0280752081228602e-14, 16.69419283077518, -0.2075998128136159, 3.340074020025165e-14, 0.6436953392254052, 0.20759981263565852, -3.200357406434079e-15, -0.6436953393041853, 0.20759981270930178, 5.825311182880704e-15, 0.6436953392748889, -0.20759981270489314, 1.8017732386993025e-14, -0.6436953392249735, -16.123622625515598, 1.478178507113629e-14, -0.11971224606897252, 16.123622625504126, -1.2999190349812583e-14, 0.11971224617225268, 16.12362262550383, 1.392408072171718e-14, -0.11971224608672895, 53.876377374593574, -3.095670863711039e-14, 0.11971224609044287, -0.8297013183981308, 1.489465902629637e-14, 0.01248629622954077, 0.8297013183435071, -1.2315052499663689e-14, -0.012486296300242464, 0.8297013183744891, 2.90263310846479e-14, 0.012486296255772786, -0.8297013183467914, -1.7631570078375206e-14, -0.01248629628699957, -3.0956708659340093e-14, -1.7063298602407483e-27, -1.0280752082553628e-14, 3.095670864652272e-14, 4.79998081490507e-28, 1.0280752088688366e-14, 3.095670865258087e-14, 1.0367964073148837e-27, -1.0280752081228602e-14, -3.095670863711039e-14, 70.0, 1.0280752080224978e-14, 4.2792497757515535e-14, -8.156798539741948e-28, -1.5995139683926122e-14, -4.279249776763232e-14, 1.3797967899569308e-27, 1.5995139680997473e-14, -4.279249776240339e-14, -1.4720809059372175e-27, -1.5995139680286684e-14, 4.279249776723463e-14, -6.873460849675939e-28, 1.599513967946034e-14, 0.11971224625386019, -7.199666025291714e-15, 16.694192830772245, -0.11971224615373498, 2.721798232692828e-14, -16.694192830825973, -0.1197122461921218, 2.0918909651641036e-14, 16.69419283077518, 0.11971224609044287, 1.0280752080224978e-14, 53.30580716915369, 0.207599812701028, -3.340074019656316e-14, -0.6436953393290674, -0.20759981252306825, 3.2003574078940903e-15, 0.6436953394078483, -0.2075998125967111, -5.8253111822160576e-15, -0.6436953393785516, 0.20759981259230542, -1.8017732388466383e-14, 0.6436953393286363, -0.8297013177750164, -4.303315184534711e-14, -0.2075998129015288, 0.8297013179757903, 7.910634059895532e-15, 0.20759981252687365, 0.8297013179373933, 2.5744939952332237e-14, -0.2075998128136159, -0.8297013183981308, 4.2792497757515535e-14, 0.207599812701028, 53.66032614749303, -1.5751753930749507e-14, -0.3051174361271256, 16.33967385298737, 3.527883886899723e-14, 0.3051174365366184, 16.339673852809423, -3.8196017205309837e-14, -0.3051174363165672, -16.339673852934713, -1.67663630115419e-14, 0.3051174363490434, 1.4894659034229477e-14, 4.328994836230671e-28, 3.3400740202339623e-14, -1.489465902286282e-14, -1.5675054699572834e-27, -3.34007401987475e-14, -1.489465903374613e-14, -5.55204404519962e-28, 3.340074020025165e-14, 1.489465902629637e-14, -8.156798539741948e-28, -3.340074019656316e-14, -1.5751753930749507e-14, 70.0, 3.126767784438344e-14, 1.575175393447253e-14, -2.204933732436958e-28, -3.126767784628342e-14, 1.575175392300908e-14, 5.935983786739514e-28, 3.126767784364156e-14, -1.5751753927540477e-14, 4.042679402687876e-28, -3.1267677844127627e-14, 0.012486296234771675, 1.6293115072450964e-14, 0.6436953392634773, -0.012486296196125651, -2.433616123556265e-14, -0.6436953393250789, -0.012486296073921675, -2.214876106193931e-14, 0.6436953392254052, 0.01248629622954077, -1.5995139683926122e-14, -0.6436953393290674, -0.3051174361271256, 3.126767784438344e-14, 53.128716082620436, 0.30511743619692044, -1.0986163774796716e-14, 16.87128391748489, 0.30511743610226094, 1.1555812648134579e-14, -16.871283917471633, -0.3051174360320569, 1.8152969667546176e-14, 16.871283917400476, 0.8297013177203927, 4.303315185864825e-14, 0.20759981272356964, -0.8297013179211673, -7.91063406105032e-15, -0.20759981234891417, -0.8297013178827708, -2.5744939956190916e-14, 0.20759981263565852, 0.8297013183435071, -4.279249776763232e-14, -0.20759981252306825, 16.33967385298737, 1.575175393447253e-14, 0.30511743619692044, 53.66032614653221, -3.5278838880712685e-14, -0.3051174366064148, -16.339673853289828, 3.8196017213718103e-14, 0.30511743638635996, 16.339673853415125, 1.6766363013481023e-14, -0.3051174364188407, -1.2315052521907241e-14, -1.8643989827270928e-27, -3.200357407256046e-15, 1.2315052511595434e-14, -9.090280901871898e-29, 3.2003574168223404e-15, 1.2315052516837533e-14, 1.3785703872565876e-27, -3.200357406434079e-15, -1.2315052499663689e-14, 1.3797967899569308e-27, 3.2003574078940903e-15, 3.527883886899723e-14, -2.204933732436958e-28, -1.0986163774796716e-14, -3.5278838880712685e-14, 70.0, 1.0986163768959572e-14, -3.527883887717238e-14, -1.2341262175943627e-27, -1.0986163769961927e-14, 3.52788388800019e-14, -1.0378570955662186e-27, 1.0986163768760662e-14, -0.012486296305473953, -1.6293115065471852e-14, -0.6436953393422571, 0.012486296266827457, 2.433616123952203e-14, 0.6436953394038584, 0.012486296144624397, 2.2148761063706603e-14, -0.6436953393041853, -0.012486296300242464, 1.5995139680997473e-14, 0.6436953394078483, 0.3051174365366184, -3.126767784628342e-14, 16.87128391748489, -0.3051174366064148, 1.0986163768959572e-14, 53.128716082409774, -0.30511743651175355, -1.1555812646075299e-14, 16.871283917576964, 0.3051174364415505, -1.8152969671356346e-14, -16.87128391750581, 0.8297013177513728, 4.3033151854843744e-14, 0.20759981279721335, -0.8297013179521464, -7.910634050432972e-15, -0.20759981242255732, -0.8297013179137512, -2.5744939941106945e-14, 0.20759981270930178, 0.8297013183744891, -4.279249776240339e-14, -0.2075998125967111, 16.339673852809423, 1.575175392300908e-14, 0.30511743610226094, -16.339673853289828, -3.527883887717238e-14, -0.30511743651175355, 53.66032614688813, 3.819601721001148e-14, 0.3051174362916984, 16.33967385323718, 1.676636299803455e-14, -0.30511743632417754, 2.902633110356224e-14, 1.5114943458903617e-27, 5.825311184334239e-15, -2.902633109297948e-14, -3.1738135684528833e-28, -5.825311189740726e-15, -2.9026331097466953e-14, -8.410686450215599e-28, 5.825311182880704e-15, 2.90263310846479e-14, -1.4720809059372175e-27, -5.8253111822160576e-15, -3.8196017205309837e-14, 5.935983786739514e-28, 1.1555812648134579e-14, 3.8196017213718103e-14, -1.2341262175943627e-27, -1.1555812646075299e-14, 3.819601721001148e-14, 70.0, 1.1555812645089986e-14, -3.819601721378987e-14, 5.365504152651463e-28, -1.1555812644408063e-14, 0.012486296261003928, 1.6293115066414638e-14, 0.6436953393129622, -0.01248629622235771, -2.4336161235990675e-14, -0.643695339374563, -0.012486296100154448, -2.214876106180531e-14, 0.6436953392748889, 0.012486296255772786, -1.5995139680286684e-14, -0.6436953393785516, -0.3051174363165672, 3.126767784364156e-14, -16.871283917471633, 0.30511743638635996, -1.0986163769961927e-14, 16.871283917576964, 0.3051174362916984, 1.1555812645089986e-14, 53.1287160824363, -0.3051174362214954, 1.815296966887565e-14, 16.87128391749254, -0.8297013177236755, -4.303315185823889e-14, -0.20759981279280615, 0.8297013179244519, 7.910634053452594e-15, 0.20759981241815056, 0.8297013178860544, 2.574493994174183e-14, -0.20759981270489314, -0.8297013183467914, 4.279249776723463e-14, 0.20759981259230542, -16.339673852934713, -1.5751753927540477e-14, -0.3051174360320569, 16.339673853415125, 3.52788388800019e-14, 0.3051174364415505, 16.33967385323718, -3.819601721378987e-14, -0.3051174362214954, 53.66032614663753, -1.6766362997909972e-14, 0.3051174362539749, -1.7631570097988062e-14, 1.3066260927915685e-27, 1.8017732390590805e-14, 1.7631570094896374e-14, -9.760845421807212e-29, -1.8017732383454516e-14, 1.7631570083515314e-14, -1.6986923803435105e-27, 1.8017732386993025e-14, -1.7631570078375206e-14, -6.873460849675939e-28, -1.8017732388466383e-14, -1.67663630115419e-14, 4.042679402687876e-28, 1.8152969667546176e-14, 1.6766363013481023e-14, -1.0378570955662186e-27, -1.8152969671356346e-14, 1.676636299803455e-14, 5.365504152651463e-28, 1.815296966887565e-14, -1.6766362997909972e-14, 70.0, -1.815296967077304e-14, -0.01248629629223108, -1.629311506501613e-14, -0.6436953392630443, 0.01248629625358453, 2.433616123680918e-14, 0.6436953393246457, 0.01248629613138156, 2.2148761063409038e-14, -0.6436953392249735, -0.01248629628699957, 1.599513967946034e-14, 0.6436953393286363, 0.3051174363490434, -3.1267677844127627e-14, 16.871283917400476, -0.3051174364188407, 1.0986163768760662e-14, -16.87128391750581, -0.30511743632417754, -1.1555812644408063e-14, 16.87128391749254, 0.3051174362539749, -1.815296967077304e-14, 53.12871608257861]]}, {"__ndarray__": [[24], "float64", [9.960356346680976, 3.1459979181485624, 0.15182187726465238, 1.6403446402992252, 1.0486659727161876, 4.240594944666197, 7.440695133789326, 1.0486659727161876, 2.348030288230113, 4.1600058531907935, 3.1459979181485624, 2.0443865337007425, 1.4044691587304008, 3.1459979181485624, 1.7374287484098347, 10.196231828249866, 1.0486659727161876, 2.6549880735211944, 4.395881334759724, 1.0486659727161876, 3.933637159375232, 7.204819652220424, 3.1459979181485624, 0.4587796625556569]]}, {"__ndarray__": [[24], "float64", [-0.00011922076531152353, 1.7813509319227918e-16, -7.872903303969862e-05, 0.00011922076505185299, -1.259486445281505e-16, 7.872903346497128e-05, 0.00011922076510308588, -1.5391847227081818e-16, -7.872903318070063e-05, -0.00011922076456516754, 1.1876031948276357e-16, 7.872903327808844e-05, 0.000594650111881301, 1.05869744190202e-16, -6.863817300855604e-05, -0.0005946501123733541, -1.4089460472666565e-16, 6.863817255290067e-05, -0.0005946501122597223, -9.247186532446304e-17, -6.863817281530578e-05, 0.0005946501124735311, 1.2047352279937485e-16, 6.863817274830697e-05]]}, 0.2]