[{"__ndarray__": [[24, 24], "float64", [53.96451630117038, -5.844115093995128e-14, -0.03873946758759339, 16.035483696870894, 7.345140825430261e-14, 0.03873946769302533, 16.03548369399122, -5.826663939707612e-14, -0.03873946787657534, -16.03548369031539, -2.870555421093504e-13, 0.038739468496812535, -0.8787731740216828, -5.775677958115477e-14, 0.054485586516935164, 0.8787731704733028, 6.701407086882408e-14, -0.05448558645560267, 0.8787731670158466, 2.366590484815221e-13, 0.05448558580156368, -0.8787731657773896, 7.947572003982401e-14, -0.05448558652870292, -5.844115093995128e-14, 70.0, -1.8400863247574425e-13, 5.844115088889302e-14, 4.9862829490434974e-26, 1.8400863243466679e-13, 5.844115046216966e-14, -1.3258582675206616e-25, -1.8400863255954435e-13, -5.844115047031186e-14, -6.082584862794669e-26, 1.8400863255076005e-13, -4.953722587108472e-15, -4.656476525525208e-26, -1.18902452599767e-13, 4.953722603794912e-15, -6.451182838135103e-26, 1.1890245261045582e-13, 4.953722198966036e-15, 4.8753359944296035e-26, -1.1890245266064677e-13, -4.953722169705683e-15, 1.401048892620188e-25, 1.1890245268250652e-13, -0.03873946758759339, -1.8400863247574425e-13, 53.38531596254363, 0.03873946747308232, -2.153204749893562e-13, 16.614684037488125, 0.0387394656788303, 2.97863262766775e-13, -16.614684037777483, -0.038739465511496485, 2.712925009410201e-13, 16.6146840378715, -0.33637097099033464, 1.9126123794655317e-13, 0.6959065205205395, 0.3363709704308092, 1.9088989887459498e-13, -0.695906520460864, 0.33637096881437817, -2.2796081534950764e-13, 0.6959065202424733, -0.33637096867847105, -3.1487239625850277e-13, -0.6959065202683289, 16.035483696870894, 5.844115088889302e-14, 0.03873946747308232, 53.96451630508786, -7.345140818349568e-14, -0.03873946757851304, -16.03548369203247, 5.826663955286557e-14, 0.038739467762063384, 16.03548368835664, 2.8705554193932804e-13, -0.03873946838229991, 0.8787731756257782, 5.775677953262556e-14, -0.05448558675182616, -0.8787731720774044, -6.701407082637855e-14, 0.05448558669049128, -0.8787731686199463, -2.366590483326041e-13, -0.054485586036453815, 0.8787731673814883, -7.947572019102429e-14, 0.054485586763593746, 7.345140825430261e-14, 4.9862829490434974e-26, -2.153204749893562e-13, -7.345140818349568e-14, 70.0, 2.1532047501756316e-13, -7.345140834275252e-14, -9.908462531002932e-26, -2.1532047503074514e-13, 7.3451408324323e-14, -8.413799288933598e-26, 2.1532047502285006e-13, 4.804768742785801e-15, -5.23666369932172e-26, -1.4645129110615422e-13, -4.804768743559857e-15, -5.067192510169789e-26, 1.4645129109820028e-13, -4.804768893804462e-15, 6.958673613790857e-26, -1.4645129111471802e-13, 4.8047688503314734e-15, 1.0561368796862877e-25, 1.4645129111285573e-13, 0.03873946769302533, 1.8400863243466679e-13, 16.614684037488125, -0.03873946757851304, 2.1532047501756316e-13, 53.38531596248011, -0.03873946578426052, -2.978632626827938e-13, 16.614684037809255, 0.03873946561692776, -2.7129250098420395e-13, -16.614684037903267, 0.33637097101324803, -1.9126123796318105e-13, -0.6959065206203463, -0.33637097045372355, -1.9088989883649027e-13, 0.6959065205606708, -0.33637096883729245, 2.2796081538251626e-13, -0.6959065203422816, 0.3363709687013852, 3.148723961751029e-13, 0.6959065203681372, 16.03548369399122, 5.844115046216966e-14, 0.0387394656788303, -16.03548369203247, -7.345140834275252e-14, -0.03873946578426052, 53.964516310847195, 5.826663998258742e-14, 0.03873946596781236, 16.035483685476972, 2.870555418240215e-13, -0.03873946658804811, 0.8787731791448796, 5.775677972295566e-14, -0.05448558886627397, -0.8787731755964989, -6.701407037528286e-14, 0.05448558880494109, -0.8787731721390419, -2.366590483056256e-13, -0.054485588150902625, 0.8787731709005875, -7.947572058278256e-14, 0.054485588878041974, -5.826663939707612e-14, -1.3258582675206616e-25, 2.97863262766775e-13, 5.826663955286557e-14, -9.908462531002932e-26, -2.978632626827938e-13, 5.826663998258742e-14, 70.0, 2.9786326282491474e-13, -5.826663988723233e-14, 1.5403977768668526e-25, -2.9786326282547504e-13, 2.906745245032713e-13, 9.413543804088396e-26, 1.5141890034113049e-13, -2.9067452461961465e-13, 1.307431132788938e-25, -1.5141890037053435e-13, -2.906745242466488e-13, -1.2106841070997398e-25, 1.5141890043252554e-13, 2.9067452408399845e-13, -3.5975002559917857e-25, -1.5141890047696958e-13, -0.03873946787657534, -1.8400863255954435e-13, -16.614684037777483, 0.038739467762063384, -2.1532047503074514e-13, 16.614684037809255, 0.03873946596781236, 2.9786326282491474e-13, 53.38531596190138, -0.0387394658004791, 2.712925009362115e-13, 16.614684038192628, -0.33637097068238286, 1.9126123798970995e-13, 0.6959065202209619, 0.3363709701228568, 1.908898989633984e-13, -0.6959065201612867, 0.3363709685064281, -2.279608153556125e-13, 0.6959065199428967, -0.3363709683705204, -3.148723963111787e-13, -0.6959065199687522, -16.03548369031539, -5.844115047031186e-14, -0.038739465511496485, 16.03548368835664, 7.3451408324323e-14, 0.03873946561692776, 16.035483685476972, -5.826663988723233e-14, -0.0387394658004791, 53.96451631819886, -2.8705554170851587e-13, 0.03873946642071607, -0.8787731825626774, -5.775677970407324e-14, 0.05448558955745905, 0.878773179014303, 6.701407038515057e-14, -0.054485589496126224, 0.8787731755568486, 2.366590482131226e-13, 0.05448558884208651, -0.8787731743183913, 7.94757204622226e-14, -0.05448558956922642, -2.870555421093504e-13, -6.082584862794669e-26, 2.712925009410201e-13, 2.8705554193932804e-13, -8.413799288933598e-26, -2.7129250098420395e-13, 2.870555418240215e-13, 1.5403977768668526e-25, 2.712925009362115e-13, -2.8705554170851587e-13, 70.0, -2.712925009106192e-13, 1.5093500701891899e-13, 7.476110053584959e-26, 1.7365211787999556e-13, -1.5093500709484096e-13, 6.033708729083496e-26, -1.7365211786303977e-13, -1.509350072183265e-13, -1.2125386640810726e-25, 1.736521178299268e-13, 1.5093500734537326e-13, -1.6673851910602658e-25, -1.7365211782896068e-13, 0.038739468496812535, 1.8400863255076005e-13, 16.6146840378715, -0.03873946838229991, 2.1532047502285006e-13, -16.614684037903267, -0.03873946658804811, -2.9786326282547504e-13, 16.614684038192628, 0.03873946642071607, -2.712925009106192e-13, 53.385315961713346, 0.3363709700704287, -1.9126123798032223e-13, -0.6959065201070903, -0.33637096951090156, -1.9088989895367918e-13, 0.6959065200474139, -0.3363709678944733, 2.2796081533157907e-13, -0.6959065198290262, 0.33637096775856584, 3.148723963076463e-13, 0.6959065198548806, -0.8787731740216828, -4.953722587108472e-15, -0.33637097099033464, 0.8787731756257782, 4.804768742785801e-15, 0.33637097101324803, 0.8787731791448796, 2.906745245032713e-13, -0.33637097068238286, -0.8787731825626774, 1.5093500701891899e-13, 0.3363709700704287, 53.77687524545147, 1.4110606960417409e-15, -0.4263394636997946, 16.223124757985197, -9.167177203489584e-15, 0.426339463777136, 16.223124761626334, -1.1099782591094689e-13, -0.4263394630393396, -16.223124763073713, -3.2293768292600354e-13, 0.4263394636929814, -5.775677958115477e-14, -4.656476525525208e-26, 1.9126123794655317e-13, 5.775677953262556e-14, -5.23666369932172e-26, -1.9126123796318105e-13, 5.775677972295566e-14, 9.413543804088396e-26, 1.9126123798970995e-13, -5.775677970407324e-14, 7.476110053584959e-26, -1.9126123798032223e-13, 1.4110606960417409e-15, 70.0, 1.2911620905558627e-13, -1.4110607006875132e-15, 4.722903412774784e-26, -1.291162090520467e-13, -1.4110605237648943e-15, -6.16369092236962e-26, 1.291162090712229e-13, 1.4110605436214447e-15, -1.002816201389787e-25, -1.291162090741747e-13, 0.054485586516935164, -1.18902452599767e-13, 0.6959065205205395, -0.05448558675182616, -1.4645129110615422e-13, -0.6959065206203463, -0.05448558886627397, 1.5141890034113049e-13, 0.6959065202209619, 0.05448558955745905, 1.7365211787999556e-13, -0.6959065201070903, -0.4263394636997946, 1.2911620905558627e-13, 53.20755049062329, 0.426339462891377, 1.269814704063147e-13, 16.792449509323397, 0.42633946097585007, -1.496031804118105e-13, -16.79244950965564, -0.4263394605502885, -1.6049619507718292e-13, 16.792449509574798, 0.8787731704733028, 4.953722603794912e-15, 0.3363709704308092, -0.8787731720774044, -4.804768743559857e-15, -0.33637097045372355, -0.8787731755964989, -2.9067452461961465e-13, 0.3363709701228568, 0.878773179014303, -1.5093500709484096e-13, -0.33637096951090156, 16.223124757985197, -1.4110607006875132e-15, 0.426339462891377, 53.77687523857814, 9.16717718946028e-15, -0.42633946296871517, -16.223124765062988, 1.1099782596868496e-13, 0.4263394622309216, 16.22312476651037, 3.229376830643697e-13, -0.42633946288456104, 6.701407086882408e-14, -6.451182838135103e-26, 1.9088989887459498e-13, -6.701407082637855e-14, -5.067192510169789e-26, -1.9088989883649027e-13, -6.701407037528286e-14, 1.307431132788938e-25, 1.908898989633984e-13, 6.701407038515057e-14, 6.033708729083496e-26, -1.9088989895367918e-13, -9.167177203489584e-15, 4.722903412774784e-26, 1.269814704063147e-13, 9.16717718946028e-15, 70.0, -1.2698147041598633e-13, 9.1671776185632e-15, -4.8509947740692867e-26, 1.2698147046834753e-13, -9.167177639153026e-15, -1.3801862253731177e-25, -1.2698147048894218e-13, -0.05448558645560267, 1.1890245261045582e-13, -0.695906520460864, 0.05448558669049128, 1.4645129109820028e-13, 0.6959065205606708, 0.05448558880494109, -1.5141890037053435e-13, -0.6959065201612867, -0.054485589496126224, -1.7365211786303977e-13, 0.6959065200474139, 0.426339463777136, -1.291162090520467e-13, 16.792449509323397, -0.42633946296871517, -1.2698147041598633e-13, 53.20755049072991, -0.426339461053191, 1.4960318039974043e-13, 16.792449509602335, 0.4263394606276275, 1.6049619510535128e-13, -16.792449509521497, 0.8787731670158466, 4.953722198966036e-15, 0.33637096881437817, -0.8787731686199463, -4.804768893804462e-15, -0.33637096883729245, -0.8787731721390419, -2.906745242466488e-13, 0.3363709685064281, 0.8787731755568486, -1.509350072183265e-13, -0.3363709678944733, 16.223124761626334, -1.4110605237648943e-15, 0.42633946097585007, -16.223124765062988, 9.1671776185632e-15, -0.426339461053191, 53.77687523129586, 1.109978260082454e-13, 0.42633946031539594, 16.223124770151507, 3.22937682728683e-13, -0.42633946096903697, 2.366590484815221e-13, 4.8753359944296035e-26, -2.2796081534950764e-13, -2.366590483326041e-13, 6.958673613790857e-26, 2.2796081538251626e-13, -2.366590483056256e-13, -1.2106841070997398e-25, -2.279608153556125e-13, 2.366590482131226e-13, -1.2125386640810726e-25, 2.2796081533157907e-13, -1.1099782591094689e-13, -6.16369092236962e-26, -1.496031804118105e-13, 1.1099782596868496e-13, -4.8509947740692867e-26, 1.4960318039974043e-13, 1.109978260082454e-13, 70.0, -1.496031803807175e-13, -1.1099782611064887e-13, 1.3112082173481298e-25, 1.4960318038164406e-13, 0.05448558580156368, -1.1890245266064677e-13, 0.6959065202424733, -0.054485586036453815, -1.4645129111471802e-13, -0.6959065203422816, -0.054485588150902625, 1.5141890043252554e-13, 0.6959065199428967, 0.05448558884208651, 1.736521178299268e-13, -0.6959065198290262, -0.4263394630393396, 1.291162090712229e-13, -16.79244950965564, 0.4263394622309216, 1.2698147046834753e-13, 16.792449509602335, 0.42633946031539594, -1.496031803807175e-13, 53.20755049006542, -0.42633945988983357, -1.6049619515699143e-13, 16.79244950985374, -0.8787731657773896, -4.953722169705683e-15, -0.33637096867847105, 0.8787731673814883, 4.8047688503314734e-15, 0.3363709687013852, 0.8787731709005875, 2.9067452408399845e-13, -0.3363709683705204, -0.8787731743183913, 1.5093500734537326e-13, 0.33637096775856584, -16.223124763073713, 1.4110605436214447e-15, -0.4263394605502885, 16.22312476651037, -9.167177639153026e-15, 0.4263394606276275, 16.223124770151507, -1.1099782611064887e-13, -0.42633945988983357, 53.77687522840112, -3.22937682574296e-13, 0.4263394605434744, 7.947572003982401e-14, 1.401048892620188e-25, -3.1487239625850277e-13, -7.947572019102429e-14, 1.0561368796862877e-25, 3.148723961751029e-13, -7.947572058278256e-14, -3.5975002559917857e-25, -3.148723963111787e-13, 7.94757204622226e-14, -1.6673851910602658e-25, 3.148723963076463e-13, -3.2293768292600354e-13, -1.002816201389787e-25, -1.6049619507718292e-13, 3.229376830643697e-13, -1.3801862253731177e-25, 1.6049619510535128e-13, 3.22937682728683e-13, 1.3112082173481298e-25, -1.6049619515699143e-13, -3.22937682574296e-13, 70.0, 1.6049619520333058e-13, -0.05448558652870292, 1.1890245268250652e-13, -0.6959065202683289, 0.054485586763593746, 1.4645129111285573e-13, 0.6959065203681372, 0.054485588878041974, -1.5141890047696958e-13, -0.6959065199687522, -0.05448558956922642, -1.7365211782896068e-13, 0.6959065198548806, 0.4263394636929814, -1.291162090741747e-13, 16.792449509574798, -0.42633946288456104, -1.2698147048894218e-13, -16.792449509521497, -0.42633946096903697, 1.4960318038164406e-13, 16.79244950985374, 0.4263394605434744, 1.6049619520333058e-13, 53.2075504902271]]}, {"__ndarray__": [[24], "float64", [9.929009231798055, 3.1365881536874998, 0.14081825337306628, 1.6369937462479356, 1.0455293845625, 4.23846073160296, 7.419995235271003, 1.0455293845625, 2.3304577458610742, 4.146007742774986, 3.1365881536874998, 2.0488212391149396, 1.3905081855071888, 3.1365881536874998, 1.7499646123110668, 10.175494792538792, 1.0455293845625, 2.6293143726649486, 4.392493303515836, 1.0455293845625, 3.9396041047990664, 7.173509674530144, 3.1365881536874998, 0.43967488017692874]]}, {"__ndarray__": [[24], "float64", [-1.2665246030290067e-05, -1.4304851228825106e-15, -0.00016935286229829364, 1.2665245997381866e-05, 1.6416707112508973e-15, 0.00016935286226107634, 1.266524534265271e-05, 1.7314602270710345e-15, -0.00016935286243495462, -1.2665245367097966e-05, -1.3948650158295395e-15, 0.00016935286240529648, 1.534467399775044e-05, -1.225947788188873e-15, -0.00011550412020731925, -1.534467397883415e-05, 1.0069989432171515e-15, 0.00011550412022649868, -1.534467459353428e-05, 1.0031345715809944e-15, -0.00011550412029361795, 1.5344674631972066e-05, -1.3321414374089074e-15, 0.0001155041203413159]]}, 0.2]