[{"__ndarray__": [[24, 24], "float64", [53.88730230271111, -1.1704007267406876e-13, -0.1624711901346902, 16.112697697683455, -1.1713845461534655e-13, 0.16247118932209675, 16.112697700866185, -4.1255697388386444e-14, -0.1624711896790733, -16.112697698536827, 1.5310081605361475e-14, 0.16247118918764836, -0.7093346002308196, 1.00811016621803e-13, 0.014635606215396446, 0.7093345960384274, 8.977463028938525e-14, -0.014635605446651878, 0.7093346014017317, 2.6703477331570937e-14, 0.014635606064368978, -0.7093346008130249, 3.445779277549859e-14, -0.014635605651024064, -1.1704007267406876e-13, 70.0, 5.2971333368977016e-14, 1.1704007266774883e-13, 3.2203109793753853e-27, -5.2971333425010576e-14, 1.1704007303963922e-13, 6.437132521968108e-28, 5.297133341649586e-14, -1.170400728131748e-13, 3.0550863379730827e-27, -5.2971333447419496e-14, 4.736497162396388e-14, -6.822787608166773e-27, 2.5261808748340535e-14, -4.736497194558113e-14, -7.89950432830947e-27, -2.5261808682215557e-14, -4.736497147497789e-14, -2.842996624869621e-27, 2.5261808741517658e-14, 4.736497155142413e-14, -9.793340675670552e-28, -2.52618087265868e-14, -0.1624711901346902, 5.2971333368977016e-14, 53.24319614019994, 0.16247119041713293, -8.63069184220893e-14, 16.756803859830598, 0.16247118894874263, -2.5915997384328943e-14, -16.756803859826455, -0.1624711897339195, 5.807668742203337e-14, 16.756803859980025, -0.1761224036596466, 1.3157482079343178e-14, 0.5400389719611022, 0.17612240429645518, -1.910196664914156e-14, -0.5400389722376182, 0.17612240314351896, -8.458125688819407e-15, 0.540038971994826, -0.17612240329193157, 1.2997163047412504e-14, -0.5400389719547422, 16.112697697683455, 1.1704007266774883e-13, 0.16247119041713293, 53.88730230192198, 1.1713845462804868e-13, -0.1624711896045392, -16.112697701260746, 4.125569735253635e-14, 0.16247118996151538, 16.11269769893139, -1.531008159954718e-14, -0.16247118947009087, 0.7093346012180355, -1.0081101663191648e-13, -0.014635605536029717, -0.7093345970256418, -8.977463028866659e-14, 0.01463560476728648, -0.7093346023889471, -2.6703477341088853e-14, -0.01463560538500358, 0.7093346018002399, -3.4457792732923655e-14, 0.014635604971657112, -1.1713845461534655e-13, 3.2203109793753853e-27, -8.63069184220893e-14, 1.1713845462804868e-13, 70.0, 8.630691840840185e-14, 1.1713845432421984e-13, 3.1276547478743244e-26, -8.630691848308575e-14, -1.1713845442949428e-13, -3.9192177229731194e-26, 8.63069184741092e-14, -9.877634872093966e-14, -4.020780177505502e-26, -1.4709900776259458e-15, 9.8776348979511e-14, -1.749747897056649e-26, 1.4709900732950648e-15, 9.877634854217376e-14, -5.903575174795957e-27, -1.470990099208426e-15, -9.87763485923495e-14, -2.0120072479668018e-26, 1.4709901399590146e-15, 0.16247118932209675, -5.2971333425010576e-14, 16.756803859830598, -0.1624711896045392, 8.630691840840185e-14, 53.24319614013887, -0.16247118813614925, 2.5915997332491555e-14, 16.756803859856998, 0.16247118892132634, -5.807668747496984e-14, -16.75680386001056, 0.17612240331094353, -1.315748207790761e-14, -0.5400389722096285, -0.17612240394775341, 1.9101966692522215e-14, 0.5400389724861444, -0.1761224027948174, 8.458125757768665e-15, -0.5400389722433516, 0.17612240294323014, -1.2997162988248504e-14, 0.5400389722032688, 16.112697700866185, 1.1704007303963922e-13, 0.16247118894874263, -16.112697701260746, 1.1713845432421984e-13, -0.16247118813614925, 53.887302295556516, 4.125569740212133e-14, 0.16247118849312542, 16.11269770211412, -1.53100810794216e-14, -0.16247118800170018, 0.7093345997171473, -1.008110164964337e-13, -0.01463560629557803, -0.7093345955247548, -8.977463051540637e-14, 0.014635605526834128, -0.7093346008880581, -2.6703477750686804e-14, -0.014635606144552393, 0.7093346002993506, -3.4457792877641134e-14, 0.014635605731207868, -4.1255697388386444e-14, 6.437132521968108e-28, -2.5915997384328943e-14, 4.125569735253635e-14, 3.1276547478743244e-26, 2.5915997332491555e-14, 4.125569740212133e-14, 70.0, -2.5915997392943784e-14, -4.125569735988075e-14, -2.766313020577837e-26, 2.591599737391907e-14, 1.4842142812304004e-14, -9.120079763570791e-27, 4.138716533971375e-14, -1.4842142751472e-14, -4.572251471174501e-27, -4.138716530308735e-14, -1.484214281419409e-14, 7.663332246164646e-27, 4.138716533566765e-14, 1.4842142895622534e-14, -2.5698695268674244e-26, -4.138716529964088e-14, -0.1624711896790733, 5.297133341649586e-14, -16.756803859826455, 0.16247118996151538, -8.630691848308575e-14, 16.756803859856998, 0.16247118849312542, -2.5915997392943784e-14, 53.243196140147134, -0.1624711892783025, 5.807668749542648e-14, 16.75680386000643, -0.1761224036241169, 1.3157482107380652e-14, 0.5400389719780355, 0.17612240426092535, -1.910196667537768e-14, -0.5400389722545531, 0.17612240310798927, -8.458125738326008e-15, 0.5400389720117604, -0.1761224032564043, 1.299716304169816e-14, -0.5400389719716766, -16.112697698536827, -1.170400728131748e-13, -0.1624711897339195, 16.11269769893139, -1.1713845442949428e-13, 0.16247118892132634, 16.11269770211412, -4.125569735988075e-14, -0.1624711892783025, 53.88730230021525, 1.5310081380638303e-14, 0.16247118878687777, -0.7093346000068683, 1.0081101653314843e-13, 0.0146356063218398, 0.7093345958144748, 8.977463036274261e-14, -0.014635605553096231, 0.7093346011777792, 2.670347748946194e-14, 0.014635606170815108, -0.7093346005890728, 3.445779278762206e-14, -0.014635605757468861, 1.5310081605361475e-14, 3.0550863379730827e-27, 5.807668742203337e-14, -1.531008159954718e-14, -3.9192177229731194e-26, -5.807668747496984e-14, -1.53100810794216e-14, -2.766313020577837e-26, 5.807668749542648e-14, 1.5310081380638303e-14, 70.0, -5.807668752564104e-14, 1.6961760684609992e-14, 1.1833823599933013e-26, -1.705587480715497e-14, -1.696176116879685e-14, 3.894739128460573e-27, 1.7055874884777818e-14, -1.6961760466513e-14, -5.661413811348367e-27, -1.7055874815661095e-14, 1.696176055098646e-14, 2.253643006983714e-26, 1.705587481315643e-14, 0.16247118918764836, -5.2971333447419496e-14, 16.756803859980025, -0.16247118947009087, 8.63069184741092e-14, -16.75680386001056, -0.16247118800170018, 2.591599737391907e-14, 16.75680386000643, 0.16247118878687777, -5.807668752564104e-14, 53.24319613983999, 0.17612240357430145, -1.3157482104757065e-14, -0.5400389720639874, -0.17612240421111164, 1.910196670093707e-14, 0.5400389723405077, -0.1761224030581737, 8.458125776431827e-15, -0.5400389720977131, 0.17612240320658887, -1.2997163019646367e-14, 0.54003897205763, -0.7093346002308196, 4.736497162396388e-14, -0.1761224036596466, 0.7093346012180355, -9.877634872093966e-14, 0.17612240331094353, 0.7093345997171473, 1.4842142812304004e-14, -0.1761224036241169, -0.7093346000068683, 1.6961760684609992e-14, 0.17612240357430145, 53.631489970235144, 3.1130886930353806e-14, -0.3107140111444373, 16.36851002908262, -7.532702256938043e-15, 0.3107140110332395, 16.368510029294853, 2.5710819147466928e-14, -0.31071401117453545, -16.368510029208185, -3.038309412497632e-14, 0.3107140114435827, 1.00811016621803e-13, -6.822787608166773e-27, 1.3157482079343178e-14, -1.0081101663191648e-13, -4.020780177505502e-26, -1.315748207790761e-14, -1.008110164964337e-13, -9.120079763570791e-27, 1.3157482107380652e-14, 1.0081101653314843e-13, 1.1833823599933013e-26, -1.3157482104757065e-14, 3.1130886930353806e-14, 70.0, -1.4000745398430623e-15, -3.11308870300234e-14, 1.114987696094629e-26, 1.4000745409293806e-15, -3.1130886843432643e-14, 5.8959426787341704e-27, -1.4000745236084058e-15, 3.113088688210971e-14, 4.6464322488404565e-27, 1.400074508283287e-15, 0.014635606215396446, 2.5261808748340535e-14, 0.5400389719611022, -0.014635605536029717, -1.4709900776259458e-15, -0.5400389722096285, -0.01463560629557803, 4.138716533971375e-14, 0.5400389719780355, 0.0146356063218398, -1.705587480715497e-14, -0.5400389720639874, -0.3107140111444373, -1.4000745398430623e-15, 53.06715736103876, 0.3107140105651489, -1.4357772670244885e-14, 16.932842638957805, 0.3107140109028116, 1.1568133848829723e-14, -16.932842639009568, -0.31071401078637706, -4.1822183599395004e-14, 16.93284263914964, 0.7093345960384274, -4.736497194558113e-14, 0.17612240429645518, -0.7093345970256418, 9.8776348979511e-14, -0.17612240394775341, -0.7093345955247548, -1.4842142751472e-14, 0.17612240426092535, 0.7093345958144748, -1.696176116879685e-14, -0.17612240421111164, 16.36851002908262, -3.11308870300234e-14, 0.3107140105651489, 53.63148997159963, 7.532702462855496e-15, -0.31071401045395264, -16.36851002861261, -2.5710818772199787e-14, 0.31071401059524945, 16.368510028525947, 3.038309413996402e-14, -0.3107140108642966, 8.977463028938525e-14, -7.89950432830947e-27, -1.910196664914156e-14, -8.977463028866659e-14, -1.749747897056649e-26, 1.9101966692522215e-14, -8.977463051540637e-14, -4.572251471174501e-27, -1.910196667537768e-14, 8.977463036274261e-14, 3.894739128460573e-27, 1.910196670093707e-14, -7.532702256938043e-15, 1.114987696094629e-26, -1.4357772670244885e-14, 7.532702462855496e-15, 70.0, 1.4357772622568618e-14, 7.532702175672331e-15, 3.277056173584988e-27, -1.4357772663675636e-14, -7.532702224221576e-15, 2.9130951909511344e-27, 1.435777264557769e-14, -0.014635605446651878, -2.5261808682215557e-14, -0.5400389722376182, 0.01463560476728648, 1.4709900732950648e-15, 0.5400389724861444, 0.014635605526834128, -4.138716530308735e-14, -0.5400389722545531, -0.014635605553096231, 1.7055874884777818e-14, 0.5400389723405077, 0.3107140110332395, 1.4000745409293806e-15, 16.932842638957805, -0.31071401045395264, 1.4357772622568618e-14, 53.06715736104561, -0.3107140107916159, -1.1568133929536258e-14, 16.932842639006147, 0.31071401067517845, 4.1822183551346534e-14, -16.932842639146216, 0.7093346014017317, -4.736497147497789e-14, 0.17612240314351896, -0.7093346023889471, 9.877634854217376e-14, -0.1761224027948174, -0.7093346008880581, -1.484214281419409e-14, 0.17612240310798927, 0.7093346011777792, -1.6961760466513e-14, -0.1761224030581737, 16.368510029294853, -3.1130886843432643e-14, 0.3107140109028116, -16.36851002861261, 7.532702175672331e-15, -0.3107140107916159, 53.631489971175164, -2.5710819302070803e-14, 0.3107140109329118, 16.36851002873817, 3.0383094082752346e-14, -0.3107140112019591, 2.6703477331570937e-14, -2.842996624869621e-27, -8.458125688819407e-15, -2.6703477341088853e-14, -5.903575174795957e-27, 8.458125757768665e-15, -2.6703477750686804e-14, 7.663332246164646e-27, -8.458125738326008e-15, 2.670347748946194e-14, -5.661413811348367e-27, 8.458125776431827e-15, 2.5710819147466928e-14, 5.8959426787341704e-27, 1.1568133848829723e-14, -2.5710818772199787e-14, 3.277056173584988e-27, -1.1568133929536258e-14, -2.5710819302070803e-14, 70.0, 1.1568133862712381e-14, 2.5710819225821793e-14, -8.126143823691761e-27, -1.1568133883064166e-14, 0.014635606064368978, 2.5261808741517658e-14, 0.540038971994826, -0.01463560538500358, -1.470990099208426e-15, -0.5400389722433516, -0.014635606144552393, 4.138716533566765e-14, 0.5400389720117604, 0.014635606170815108, -1.7055874815661095e-14, -0.5400389720977131, -0.31071401117453545, -1.4000745236084058e-15, -16.932842639009568, 0.31071401059524945, -1.4357772663675636e-14, 16.932842639006147, 0.3107140109329118, 1.1568133862712381e-14, 53.06715736094209, -0.3107140108164761, -4.1822183595723834e-14, 16.932842639197982, -0.7093346008130249, 4.736497155142413e-14, -0.17612240329193157, 0.7093346018002399, -9.87763485923495e-14, 0.17612240294323014, 0.7093346002993506, 1.4842142895622534e-14, -0.1761224032564043, -0.7093346005890728, 1.696176055098646e-14, 0.17612240320658887, -16.368510029208185, 3.113088688210971e-14, -0.31071401078637706, 16.368510028525947, -7.532702224221576e-15, 0.31071401067517845, 16.36851002873817, 2.5710819225821793e-14, -0.3107140108164761, 53.63148997134849, -3.0383094188784617e-14, 0.3107140110855251, 3.445779277549859e-14, -9.793340675670552e-28, 1.2997163047412504e-14, -3.4457792732923655e-14, -2.0120072479668018e-26, -1.2997162988248504e-14, -3.4457792877641134e-14, -2.5698695268674244e-26, 1.299716304169816e-14, 3.445779278762206e-14, 2.253643006983714e-26, -1.2997163019646367e-14, -3.038309412497632e-14, 4.6464322488404565e-27, -4.1822183599395004e-14, 3.038309413996402e-14, 2.9130951909511344e-27, 4.1822183551346534e-14, 3.0383094082752346e-14, -8.126143823691761e-27, -4.1822183595723834e-14, -3.0383094188784617e-14, 70.0, 4.182218356256151e-14, -0.014635605651024064, -2.52618087265868e-14, -0.5400389719547422, 0.014635604971657112, 1.4709901399590146e-15, 0.5400389722032688, 0.014635605731207868, -4.138716529964088e-14, -0.5400389719716766, -0.014635605757468861, 1.705587481315643e-14, 0.54003897205763, 0.3107140114435827, 1.400074508283287e-15, 16.93284263914964, -0.3107140108642966, 1.435777264557769e-14, -16.932842639146216, -0.3107140112019591, -1.1568133883064166e-14, 16.932842639197982, 0.3107140110855251, 4.182218356256151e-14, 53.067157360661945]]}, {"__ndarray__": [[24], "float64", [9.937268497937282, 3.139724741841187, 0.14551494563874384, 1.6403004830868635, 1.0465749139470624, 4.238143318322173, 7.4290849735989966, 1.0465749139470624, 2.337344077619241, 4.1484840074252025, 3.139724741841187, 2.046314186341691, 1.390541161936912, 3.139724741841187, 1.7387849280810974, 10.187027819086918, 1.0465749139470624, 2.6448733358799283, 4.398243328575153, 1.0465749139470624, 3.9306140600615684, 7.1793256524489415, 3.139724741841187, 0.45304420389943034]]}, {"__ndarray__": [[24], "float64", [0.00030284353280098434, -8.384897822830976e-16, -0.00011440998470642338, -0.00030284353293043233, 1.1105242259930045e-15, 0.00011440998502362039, -0.00030284353454940573, 1.20353887845271e-15, -0.00011440998486724136, 0.0003028435334474619, -8.789968337670789e-16, 0.0001144099850558418, -0.00010270162729570168, -8.362114387108836e-16, -5.638500628460483e-05, 0.00010270162869775463, 5.739709935858396e-16, 5.6385005921634056e-05, 0.00010270162674161126, 6.044141792027168e-16, -5.6385006239648226e-05, -0.00010270162691227791, -9.35270028709311e-16, 5.638500609681489e-05]]}, 0.2]