[{"__ndarray__": [[24, 24], "float64", [54.03760625876083, 0.0007948994402335157, -0.20838863382191702, 15.962706513900347, -0.0005960440833188703, 0.20584646633903186, 15.955098887434033, 0.00028469474531397525, -0.20958900870581557, -15.957504574522837, -1.8478582606492104e-05, 0.2090004558320737, -0.8966241334127376, 0.00031299670970012875, -0.042095984309440115, 0.8997824427921617, -0.0006051244437670652, 0.045066575369942824, 0.8908627767281855, 0.00034354204111854884, -0.04446136829324082, -0.8919281717025048, -0.0005164858461138843, 0.04462149761175527, 0.0007948994402335157, 69.9999995277655, 0.0007172144368672853, -0.0007955682813803077, 3.0956469143711744e-07, -0.0007156484487231935, -0.0007890326062157782, -1.8865799158955565e-07, 0.0007180947993308379, 0.0007908361183964099, -6.760306496056745e-09, -0.0007180197494078919, -4.744961216587962e-05, -2.567554672337333e-07, 0.0008278823971954073, 4.522732170865305e-05, 4.2873560739533157e-07, -0.0008292361319907667, 5.249441908371875e-05, -1.3485794035547175e-07, 0.0008295033755423057, -5.140679967090465e-05, 3.209658921578967e-07, -0.0008297906788198153, -0.20838863382191702, 0.0007172144368672853, 53.306442961685406, 0.20902607175576027, -0.0005460321701896834, 16.69136968965292, 0.20011340732997007, 0.00029394148705910023, -16.695230152986966, -0.20300174421083952, -3.726536154651539e-05, 16.694722287628885, -0.17802557552458403, 0.0005366206281306827, 0.5832867924103358, 0.18142400023748306, -0.0006395539046514039, -0.5807587122314148, 0.1711242254154552, 0.00016383285733257837, 0.5808122781277847, -0.17227175106486775, -0.000488758006394231, -0.5806451442846703, 15.962706513900347, -0.0007955682813803077, 0.20902607175576027, 54.03697978314086, 0.0005964804633535752, -0.2064815027798667, -15.955402669863075, -0.00028495870384114507, 0.2102276363837913, 15.957811209854315, 1.848252426895345e-05, -0.20963911774490374, 0.8955114069577687, -0.0003133914317859972, 0.042507259661882874, -0.8986730112615215, 0.0006057162963787233, -0.04547982947628751, -0.889742613511634, -0.00034368004184759496, 0.04487498588086761, 0.8908093808054327, 0.0005169191942979163, -0.04503550370364462, -0.0005960440833188703, 3.0956469143711744e-07, -0.0005460321701896834, 0.0005964804633535752, 69.99999983833936, 0.0005451061670937154, 0.0005922794256343248, 1.362366262137466e-07, -0.0005465825551116939, -0.0005933887224593685, 2.6079825576509917e-08, 0.0005466063291257119, 0.00014628037997780366, 1.1628253569366003e-07, -0.0005778255729419949, -0.00014483893676347522, -2.963429983237245e-07, 0.0005785296350290071, -0.00014951370194151673, 8.0606368070077e-08, -0.0005787636939198217, 0.00014874517552463707, -2.1076643371064027e-07, 0.0005789618609185379, 0.20584646633903186, -0.0007156484487231935, 16.69136968965292, -0.2064815027798667, 0.0005451061670937154, 53.31081286879913, -0.1975907604850071, -0.0002932633603089436, 16.693039794657047, 0.20047327803115358, 3.733008805983465e-05, -16.69253199106511, 0.1793970024589856, -0.0005359638113127741, -0.5857745887775632, -0.1827883624170567, 0.0006380288265269757, 0.5832501407955624, -0.17251246680912008, -0.00016324378060227518, -0.5833049771040211, 0.17365634554545462, 0.00048765435264330834, 0.5831390630397586, 15.955098887434033, -0.0007890326062157782, 0.20011340732997007, -15.955402669863075, 0.0005922794256343248, -0.1975907604850071, 54.052121588463336, -0.0002823067515661889, 0.201302887490597, 15.950261427432748, 1.8556611855665966e-05, -0.20071467192243367, 0.9021382045927088, -0.00030987651355944323, 0.034601265151927185, -0.9052687972970392, 0.0005998490297875414, -0.03755586589019577, -0.8964408388546068, -0.00034188976099605193, 0.03694680065048778, 0.8974921981145468, 0.0005124205844451393, -0.0371030623476635, 0.00028469474531397525, -1.8865799158955565e-07, 0.00029394148705910023, -0.00028495870384114507, 1.362366262137466e-07, -0.0002932633603089436, -0.0002823067515661889, 69.9999999317842, 0.0002942867090926142, 0.0002830577916004105, 3.4260422825599794e-09, -0.0002942442187717556, 1.0950521547258e-05, -1.284837544291786e-07, 0.0002951455485955968, -1.1883219378275943e-05, 1.5603342357441286e-07, -0.0002957748178636266, -8.884632893763728e-06, -3.501337541507472e-08, 0.0002958449372350093, 9.330249213385274e-06, 1.246748150664362e-07, -0.0002959362850402994, -0.20958900870581557, 0.0007180947993308379, -16.695230152986966, 0.2102276363837913, -0.0005465825551116939, 16.693039794657047, 0.201302887490597, 0.0002942867090926142, 53.303095277849756, -0.2041945972925606, -3.7239542486282106e-05, 16.696396899182496, -0.17782684530838855, 0.0005371208526753348, 0.5819447152743453, 0.18122968372311127, -0.0006402640813245906, -0.5794140632384801, 0.1709161174466599, 0.00016393756526491106, 0.5794672117872899, -0.17206587362091208, -0.0004893537808416366, -0.5792996825231931, -15.957504574522837, 0.0007908361183964099, -0.20300174421083952, 15.957811209854315, -0.0005933887224593685, 0.20047327803115358, 15.950261427432748, 0.0002830577916004105, -0.2041945972925606, 54.04734881504793, -1.850010672543836e-05, 0.20360631582424096, -0.9004147251839987, 0.00031076094344660604, -0.037307433596074524, 0.9035537804418101, -0.0006015168832562276, 0.04026668875914763, 0.8946976322222348, 0.00034241639631707135, -0.0396590017003105, -0.8957535653148143, -0.0005136655567219336, 0.03981649420758254, -1.8478582606492104e-05, -6.760306496056745e-09, -3.726536154651539e-05, 1.848252426895345e-05, 2.6079825576509917e-08, 3.733008805983465e-05, 1.8556611855665966e-05, 3.4260422825599794e-09, -3.7239542486282106e-05, -1.850010672543836e-05, 70.00000001226648, 3.728775942858699e-05, 0.0001506920300502699, -2.443585484210769e-08, 5.822655919181866e-05, -0.00015071620941682124, -4.169635479228826e-09, -5.833952656681496e-05, -0.00015064096231223503, -1.4616726111658695e-08, 5.829441764625391e-05, 0.0001506046948860066, 8.210186205621412e-09, -5.8294393726959464e-05, 0.2090004558320737, -0.0007180197494078919, 16.694722287628885, -0.20963911774490374, 0.0005466063291257119, -16.69253199106511, -0.20071467192243367, -0.0002942442187717556, 16.696396899182496, 0.20360631582424096, 3.728775942858699e-05, 53.30411109922383, 0.17720197816784306, -0.000537159109241529, -0.5826093658406889, -0.18060434504190376, 0.0006402440842020512, 0.5800786426700063, -0.17029162257517166, -0.0001640064064210942, -0.5801318185108757, 0.17144100734377082, 0.0004892913444859193, 0.5799642467091126, -0.8966241334127376, -4.744961216587962e-05, -0.17802557552458403, 0.8955114069577687, 0.00014628037997780366, 0.1793970024589856, 0.9021382045927088, 1.0950521547258e-05, -0.17782684530838855, -0.9004147251839987, 0.0001506920300502699, 0.17720197816784306, 53.89133968045471, -0.00029669922854576964, -0.3451177861860588, 16.107873750187164, 4.462884541843072e-05, 0.34472790425338384, 16.112713909467363, 4.755937843436086e-05, -0.3442002802225599, -16.11253809306598, -5.596232946368523e-05, 0.34384360235415146, 0.00031299670970012875, -2.567554672337333e-07, 0.0005366206281306827, -0.0003133914317859972, 1.1628253569366003e-07, -0.0005359638113127741, -0.00030987651355944323, -1.284837544291786e-07, 0.0005371208526753348, 0.00031076094344660604, -2.443585484210769e-08, -0.000537159109241529, -0.00029669922854576964, 69.99999996819645, 0.00046035111965121343, 0.00029562541411034133, 2.7506947018045293e-07, -0.0004607179595853976, 0.0002993474756787025, -1.4084995702301393e-07, 0.0004609977187477681, -0.00029876336905438944, 1.9097657366892327e-07, -0.0004612494390682796, -0.042095984309440115, 0.0008278823971954073, 0.5832867924103358, 0.042507259661882874, -0.0005778255729419949, -0.5857745887775632, 0.034601265151927185, 0.0002951455485955968, 0.5819447152743453, -0.037307433596074524, 5.822655919181866e-05, -0.5826093658406889, -0.3451177861860588, 0.00046035111965121343, 53.0968578702656, 0.34870776938813564, -0.0007376973272096177, 16.905985579639744, 0.3386120751671629, 0.00034116201859971074, -16.905888804500506, -0.3399071653125923, -0.000667244763444979, 16.906197801531334, 0.8997824427921617, 4.522732170865305e-05, 0.18142400023748306, -0.8986730112615215, -0.00014483893676347522, -0.1827883624170567, -0.9052687972970392, -1.1883219378275943e-05, 0.18122968372311127, 0.9035537804418101, -0.00015071620941682124, -0.18060434504190376, 16.107873750187164, 0.00029562541411034133, 0.34870776938813564, 53.89290296186322, -4.245195761711651e-05, -0.34832374686210266, -16.111903683957454, -4.848143138023076e-05, 0.3477977139124412, 16.111732557234568, 5.751903350868708e-05, -0.34744271293291606, -0.0006051244437670652, 4.2873560739533157e-07, -0.0006395539046514039, 0.0006057162963787233, -2.963429983237245e-07, 0.0006380288265269757, 0.0005998490297875414, 1.5603342357441286e-07, -0.0006402640813245906, -0.0006015168832562276, -4.169635479228826e-09, 0.0006402440842020512, 4.462884541843072e-05, 2.7506947018045293e-07, -0.0007376973272096177, -4.245195761711651e-05, 69.99999970023119, 0.0007390530699315233, -4.923399978435007e-05, 5.2204734796789935e-08, -0.0007391570713407977, 4.8133112849154156e-05, -3.117617936003723e-07, 0.00073934640387139, 0.045066575369942824, -0.0008292361319907667, -0.5807587122314148, -0.04547982947628751, 0.0005785296350290071, 0.5832501407955624, -0.03755586589019577, -0.0002957748178636266, -0.5794140632384801, 0.04026668875914763, -5.833952656681496e-05, 0.5800786426700063, 0.34472790425338384, -0.0004607179595853976, 16.905985579639744, -0.34832374686210266, 0.0007390530699315233, 53.091168584993156, -0.33820829974268934, -0.00034176628810675587, 16.908735899664137, 0.3395065736238157, 0.0006682520395302213, -16.909046072295347, 0.8908627767281855, 5.249441908371875e-05, 0.1711242254154552, -0.889742613511634, -0.00014951370194151673, -0.17251246680912008, -0.8964408388546068, -8.884632893763728e-06, 0.1709161174466599, 0.8946976322222348, -0.00015064096231223503, -0.17029162257517166, 16.112713909467363, 0.0002993474756787025, 0.3386120751671629, -16.111903683957454, -4.923399978435007e-05, -0.33820829974268934, 53.883178347121564, -4.607123258725649e-05, 0.33767751449054934, 16.116634470787478, 5.250264945833971e-05, -0.3373175433855577, 0.00034354204111854884, -1.3485794035547175e-07, 0.00016383285733257837, -0.00034368004184759496, 8.0606368070077e-08, -0.00016324378060227518, -0.00034188976099605193, -3.501337541507472e-08, 0.00016393756526491106, 0.00034241639631707135, -1.4616726111658695e-08, -0.0001640064064210942, 4.755937843436086e-05, -1.4084995702301393e-07, 0.00034116201859971074, -4.848143138023076e-05, 5.2204734796789935e-08, -0.00034176628810675587, -4.607123258725649e-05, 70.00000012697669, 0.00034173252866143307, 4.66046509430673e-05, 6.555024379127075e-08, -0.00034164849473007576, -0.04446136829324082, 0.0008295033755423057, 0.5808122781277847, 0.04487498588086761, -0.0005787636939198217, -0.5833049771040211, 0.03694680065048778, 0.0002958449372350093, 0.5794672117872899, -0.0396590017003105, 5.829441764625391e-05, -0.5801318185108757, -0.3442002802225599, 0.0004609977187477681, -16.905888804500506, 0.3477977139124412, -0.0007391570713407977, 16.908735899664137, 0.33767751449054934, 0.00034173252866143307, 53.09135995276855, -0.3389763647532616, -0.0006684522329542263, 16.908950257770243, -0.8919281717025048, -5.140679967090465e-05, -0.17227175106486775, 0.8908093808054327, 0.00014874517552463707, 0.17365634554545462, 0.8974921981145468, 9.330249213385274e-06, -0.17206587362091208, -0.8957535653148143, 0.0001506046948860066, 0.17144100734377082, -16.11253809306598, -0.00029876336905438944, -0.3399071653125923, 16.111732557234568, 4.8133112849154156e-05, 0.3395065736238157, 16.116634470787478, 4.66046509430673e-05, -0.3389763647532616, 53.883551223138184, -5.324772940386505e-05, 0.3386172282313171, -0.0005164858461138843, 3.209658921578967e-07, -0.000488758006394231, 0.0005169191942979163, -2.1076643371064027e-07, 0.00048765435264330834, 0.0005124205844451393, 1.246748150664362e-07, -0.0004893537808416366, -0.0005136655567219336, 8.210186205621412e-09, 0.0004892913444859193, -5.596232946368523e-05, 1.9097657366892327e-07, -0.000667244763444979, 5.751903350868708e-05, -3.117617936003723e-07, 0.0006682520395302213, 5.250264945833971e-05, 6.555024379127075e-08, -0.0006684522329542263, -5.324772940386505e-05, 69.99999981215049, 0.0006686110469790786, 0.04462149761175527, -0.0008297906788198153, -0.5806451442846703, -0.04503550370364462, 0.0005789618609185379, 0.5831390630397586, -0.0371030623476635, -0.0002959362850402994, -0.5792996825231931, 0.03981649420758254, -5.8294393726959464e-05, 0.5799642467091126, 0.34384360235415146, -0.0004612494390682796, 16.906197801531334, -0.34744271293291606, 0.00073934640387139, -16.909046072295347, -0.3373175433855577, -0.00034164849473007576, 16.908950257770243, 0.3386172282313171, 0.0006686110469790786, 53.09073953005013]]}, {"__ndarray__": [[24], "float64", [9.814698301002313, 3.098948843873653, 0.13947291906506093, 1.6125127106961352, 1.0329831506557428, 4.187255460729085, 7.32611903240757, 1.0329829759737077, 2.3028367646745775, 4.101092439928239, 3.0989489816740896, 2.0238911543615354, 1.3496853318274535, 3.0989489995933703, 1.7581036028910637, 10.077524693593203, 1.0329833337048835, 2.568623195129836, 4.3639214466211556, 1.0329828050658811, 3.9214683343050245, 7.063289813161861, 3.098949420622662, 0.4052591174689888]]}, {"__ndarray__": [[24], "float64", [-0.000233145454821821, 1.1156571174191828e-06, -0.00023309985285493076, 0.00023477512613291157, -9.359763286206615e-07, 0.0002290182728119243, 0.00021931742955732988, 4.3361733839302754e-07, -0.00023526299956356007, -0.0002240439818041673, -1.2742418955257326e-07, 0.00023483369113933496, 8.248344500843573e-05, 7.769448603721591e-07, -0.00027630052393670413, -7.761333180296144e-05, -8.559293428718764e-07, 0.0002799297328341714, -9.400551223310758e-05, 5.307405882923384e-07, -0.0002802143694720918, 9.223227996338016e-05, -9.376300434315968e-07, 0.0002810960490418561]]}, 0.2]