[{"__ndarray__": [[24, 24], "float64", [53.99673725660747, -3.89568896502046e-15, -0.21621123849253593, 16.00326274421951, -5.311996715552363e-15, 0.2162112387599064, 16.003262743437123, -6.570635710977673e-15, -0.21621123840100753, -16.00326274487062, 8.911095177974882e-15, 0.21621123809531256, -0.851393300116083, 2.844128142338509e-15, -0.059574824560635564, 0.85139330182744, 4.082267860891042e-15, 0.059574824345621155, 0.8513933006950973, -8.969578731802508e-15, -0.059574823966124985, -0.8513933017419832, 5.815389911747006e-15, 0.05957482423016694, -3.89568896502046e-15, 70.0, -4.729562406815321e-15, 3.895688964053923e-15, 5.800343368532931e-29, 4.729562406454939e-15, 3.895688965236959e-15, 1.4853742808691848e-28, -4.72956240689429e-15, -3.895688963366221e-15, -1.191825758329358e-28, 4.729562407232228e-15, 4.900167203510957e-15, -3.453101566495199e-29, -1.9760871493508872e-15, -4.90016720555324e-15, -7.33977164131904e-29, 1.976087149669249e-15, -4.900167204201514e-15, 1.1522045228887568e-28, -1.9760871499362082e-15, 4.900167205083251e-15, -1.158281810117885e-28, 1.976087149696074e-15, -0.21621123849253593, -4.729562406815321e-15, 53.3554920297874, 0.2162112392049868, -2.2572619776001616e-15, 16.644507970447968, 0.21621123855016905, -1.0549763541460508e-14, -16.644507970117957, -0.21621123977249102, 6.112552552947984e-15, 16.644507969885947, -0.15096452645147573, 1.784180317489946e-15, 0.6533097554645304, 0.1509645279138805, 4.397743209661167e-15, -0.6533097556707108, 0.1509645270179198, -6.466875948587394e-15, 0.6533097559294232, -0.1509645278566893, 7.221432751729622e-15, -0.6533097557560142, 16.00326274421951, 3.895688964053923e-15, 0.2162112392049868, 53.99673725495353, 5.311996715993551e-15, -0.2162112394723563, -16.00326274426409, 6.570635725468674e-15, 0.21621123911345905, 16.00326274569759, -8.911095189917302e-15, -0.21621123880776344, 0.8513932998939089, -2.8441281416227696e-15, 0.05957482503535087, -0.8513933016052642, -4.082267861046425e-15, -0.059574824820333355, -0.8513933004729209, 8.969578743294064e-15, 0.05957482444084006, 0.8513933015198092, -5.815389923010119e-15, -0.059574824704881804, -5.311996715552363e-15, 5.800343368532931e-29, -2.2572619776001616e-15, 5.311996715993551e-15, 70.0, 2.2572619774947375e-15, 5.311996715851666e-15, 1.0141454740874268e-28, -2.2572619775949035e-15, -5.3119967159039945e-15, -8.91120534740486e-29, 2.257261977547153e-15, 4.429978392694094e-15, -2.620574133225042e-29, -8.52557647815159e-16, -4.429978393034302e-15, -5.216199492094256e-29, 8.525576478934547e-16, -4.429978392925477e-15, 8.651307429374516e-29, -8.525576478178348e-16, 4.4299783923479054e-15, -8.037587053826264e-29, 8.525576478748995e-16, 0.2162112387599064, 4.729562406454939e-15, 16.644507970447968, -0.2162112394723563, 2.2572619774947375e-15, 53.35549202931665, -0.21621123881753732, 1.0549763545819051e-14, 16.644507970353324, 0.21621124003985964, -6.1125525565390446e-15, -16.644507970121325, 0.15096452640059044, -1.7841803170737963e-15, -0.6533097552914312, -0.1509645278629952, -4.397743209726729e-15, 0.6533097554976104, -0.15096452696703594, 6.466875952006211e-15, -0.6533097557563251, 0.15096452780580533, -7.221432755019516e-15, 0.6533097555829162, 16.003262743437123, 3.895688965236959e-15, 0.21621123855016905, -16.00326274426409, 5.311996715851666e-15, -0.21621123881753732, 53.996737256518294, 6.5706357130651646e-15, 0.21621123845864032, 16.003262744915205, -8.911095179788028e-15, -0.21621123815294535, 0.8513933001524403, -2.844128142371362e-15, 0.059574824588578726, -0.8513933018637982, -4.082267861221539e-15, -0.05957482437356364, -0.8513933007314531, 8.969578733552971e-15, 0.05957482399407214, 0.8513933017783417, -5.815389913326684e-15, -0.05957482425810927, -6.570635710977673e-15, 1.4853742808691848e-28, -1.0549763541460508e-14, 6.570635725468674e-15, 1.0141454740874268e-28, 1.0549763545819051e-14, 6.5706357130651646e-15, 70.0, -1.0549763539490019e-14, -6.570635736023377e-15, -2.126845833451899e-28, 1.0549763536211535e-14, 9.167779576270437e-15, -6.216876336504411e-29, -5.887002538421145e-15, -9.167779551915652e-15, -1.3191245373006303e-28, 5.887002534906249e-15, -9.167779565232021e-15, 2.088136970911677e-28, -5.887002531091519e-15, 9.167779548916627e-15, -2.0968377549817297e-28, 5.887002533587148e-15, -0.21621123840100753, -4.72956240689429e-15, -16.644507970117957, 0.21621123911345905, -2.2572619775949035e-15, 16.644507970353324, 0.21621123845864032, -1.0549763539490019e-14, 53.35549202997671, -0.2162112396809622, 6.112552551419765e-15, 16.644507969791306, -0.15096452650951925, 1.7841803176204836e-15, 0.6533097555253721, 0.1509645279719231, 4.397743209604664e-15, -0.6533097557315523, 0.15096452707596414, -6.466875947095402e-15, 0.653309755990266, -0.15096452791473264, 7.221432750205447e-15, -0.6533097558168579, -16.00326274487062, -3.895688963366221e-15, -0.21621123977249102, 16.00326274569759, -5.3119967159039945e-15, 0.21621124003985964, 16.003262744915205, -6.570635736023377e-15, -0.2162112396809622, 53.9967372536513, 8.911095198224976e-15, 0.21621123937526796, -0.8513932997967554, 2.844128140859925e-15, -0.05957482542150988, 0.8513933015081137, 4.082267861099318e-15, 0.05957482520649546, 0.8513933003757692, -8.969578751379885e-15, -0.05957482482700281, -0.8513933014226582, 5.815389931186563e-15, 0.059574825091043004, 8.911095177974882e-15, -1.191825758329358e-28, 6.112552552947984e-15, -8.911095189917302e-15, -8.91120534740486e-29, -6.1125525565390446e-15, -8.911095179788028e-15, -2.126845833451899e-28, 6.112552551419765e-15, 8.911095198224976e-15, 70.0, -6.112552548697971e-15, -8.415035276130378e-15, 5.246118943855528e-29, 2.9108825409953042e-15, 8.41503525611195e-15, 1.0691620210591677e-28, -2.9108825381545775e-15, 8.4150352673597e-15, -1.744109969971845e-28, 2.9108825349689434e-15, -8.41503525378373e-15, 1.662636939785569e-28, -2.9108825370568878e-15, 0.21621123809531256, 4.729562407232228e-15, 16.644507969885947, -0.21621123880776344, 2.257261977547153e-15, -16.644507970121325, -0.21621123815294535, 1.0549763536211535e-14, 16.644507969791306, 0.21621123937526796, -6.112552548697971e-15, 53.3554920304407, 0.1509645264524872, -1.7841803178158142e-15, -0.6533097556821423, -0.15096452791489195, -4.3977432096682175e-15, 0.6533097558883225, -0.15096452701893237, 6.4668759444532545e-15, -0.6533097561470363, 0.15096452785770093, -7.221432747635915e-15, 0.6533097559736268, -0.851393300116083, 4.900167203510957e-15, -0.15096452645147573, 0.8513932998939089, 4.429978392694094e-15, 0.15096452640059044, 0.8513933001524403, 9.167779576270437e-15, -0.15096452650951925, -0.8513932997967554, -8.415035276130378e-15, 0.1509645264524872, 53.770273160847594, -2.9669014379293583e-15, -0.3176432657991592, 16.2297268390157, -4.03293964763023e-15, 0.3176432658493168, 16.229726838917745, 8.859327222561704e-15, -0.31764326576980856, -16.229726838726783, -8.663156308629035e-15, 0.31764326582408864, 2.844128142338509e-15, -3.453101566495199e-29, 1.784180317489946e-15, -2.8441281416227696e-15, -2.620574133225042e-29, -1.7841803170737963e-15, -2.844128142371362e-15, -6.216876336504411e-29, 1.7841803176204836e-15, 2.844128140859925e-15, 5.246118943855528e-29, -1.7841803178158142e-15, -2.9669014379293583e-15, 70.0, 1.0296716448349578e-15, 2.9669014399331625e-15, 3.08366562843763e-29, -1.0296716451802347e-15, 2.966901438903959e-15, -5.162653244368043e-29, 1.0296716453814296e-15, -2.966901439637544e-15, 4.932320731648897e-29, -1.0296716452406834e-15, -0.059574824560635564, -1.9760871493508872e-15, 0.6533097554645304, 0.05957482503535087, -8.52557647815159e-16, -0.6533097552914312, 0.059574824588578726, -5.887002538421145e-15, 0.6533097555253721, -0.05957482542150988, 2.9108825409953042e-15, -0.6533097556821423, -0.3176432657991592, 1.0296716448349578e-15, 53.15870266081148, 0.31764326681499977, 1.999337516737442e-15, 16.841297339064113, 0.31764326617534433, -3.639213196203538e-15, -16.841297338863, -0.31764326675470245, 4.014955664002766e-15, 16.841297339003543, 0.85139330182744, -4.90016720555324e-15, 0.1509645279138805, -0.8513933016052642, -4.429978393034302e-15, -0.1509645278629952, -0.8513933018637982, -9.167779551915652e-15, 0.1509645279719231, 0.8513933015081137, 8.41503525611195e-15, -0.15096452791489195, 16.2297268390157, 2.9669014399331625e-15, 0.31764326681499977, 53.77027316112098, 4.032939647805815e-15, -0.3176432668651578, -16.22972683878106, -8.859327203405453e-15, 0.3176432667856509, 16.229726838590096, 8.663156289841743e-15, -0.31764326683993016, 4.082267860891042e-15, -7.33977164131904e-29, 4.397743209661167e-15, -4.082267861046425e-15, -5.216199492094256e-29, -4.397743209726729e-15, -4.082267861221539e-15, -1.3191245373006303e-28, 4.397743209604664e-15, 4.082267861099318e-15, 1.0691620210591677e-28, -4.3977432096682175e-15, -4.03293964763023e-15, 3.08366562843763e-29, 1.999337516737442e-15, 4.032939647805815e-15, 70.0, -1.9993375167337075e-15, 4.032939647538762e-15, -1.0383862954377148e-28, 1.999337516737468e-15, -4.032939647285235e-15, 1.0107431273275963e-28, -1.9993375167006188e-15, 0.059574824345621155, 1.976087149669249e-15, -0.6533097556707108, -0.059574824820333355, 8.525576478934547e-16, 0.6533097554976104, -0.05957482437356364, 5.887002534906249e-15, -0.6533097557315523, 0.05957482520649546, -2.9108825381545775e-15, 0.6533097558883225, 0.3176432658493168, -1.0296716451802347e-15, 16.841297339064113, -0.3176432668651578, -1.9993375167337075e-15, 53.15870266106031, -0.31764326622550243, 3.639213193499847e-15, 16.84129733873859, 0.3176432668048621, -4.014955661324863e-15, -16.84129733887914, 0.8513933006950973, -4.900167204201514e-15, 0.1509645270179198, -0.8513933004729209, -4.429978392925477e-15, -0.15096452696703594, -0.8513933007314531, -9.167779565232021e-15, 0.15096452707596414, 0.8513933003757692, 8.4150352673597e-15, -0.15096452701893237, 16.229726838917745, 2.966901438903959e-15, 0.31764326617534433, -16.22972683878106, 4.032939647538762e-15, -0.31764326622550243, 53.7702731613169, -8.859327214149834e-15, 0.31764326614599375, 16.22972683849214, 8.663156300191372e-15, -0.3176432662002743, -8.969578731802508e-15, 1.1522045228887568e-28, -6.466875948587394e-15, 8.969578743294064e-15, 8.651307429374516e-29, 6.466875952006211e-15, 8.969578733552971e-15, 2.088136970911677e-28, -6.466875947095402e-15, -8.969578751379885e-15, -1.744109969971845e-28, 6.4668759444532545e-15, 8.859327222561704e-15, -5.162653244368043e-29, -3.639213196203538e-15, -8.859327203405453e-15, -1.0383862954377148e-28, 3.639213193499847e-15, -8.859327214149834e-15, 70.0, -3.639213190418824e-15, 8.859327201025944e-15, -1.63091194894845e-28, 3.639213192424204e-15, -0.059574823966124985, -1.9760871499362082e-15, 0.6533097559294232, 0.05957482444084006, -8.525576478178348e-16, -0.6533097557563251, 0.05957482399407214, -5.887002531091519e-15, 0.653309755990266, -0.05957482482700281, 2.9108825349689434e-15, -0.6533097561470363, -0.31764326576980856, 1.0296716453814296e-15, -16.841297338863, 0.3176432667856509, 1.999337516737468e-15, 16.84129733873859, 0.31764326614599375, -3.639213190418824e-15, 53.15870266146253, -0.3176432667253526, 4.014955658337719e-15, 16.841297338678025, -0.8513933017419832, 4.900167205083251e-15, -0.1509645278566893, 0.8513933015198092, 4.4299783923479054e-15, 0.15096452780580533, 0.8513933017783417, 9.167779548916627e-15, -0.15096452791473264, -0.8513933014226582, -8.41503525378373e-15, 0.15096452785770093, -16.229726838726783, -2.966901439637544e-15, -0.31764326675470245, 16.229726838590096, -4.032939647285235e-15, 0.3176432668048621, 16.22972683849214, 8.859327201025944e-15, -0.3176432667253526, 53.77027316169881, -8.663156287307087e-15, 0.31764326677963395, 5.815389911747006e-15, -1.158281810117885e-28, 7.221432751729622e-15, -5.815389923010119e-15, -8.037587053826264e-29, -7.221432755019516e-15, -5.815389913326684e-15, -2.0968377549817297e-28, 7.221432750205447e-15, 5.815389931186563e-15, 1.662636939785569e-28, -7.221432747635915e-15, -8.663156308629035e-15, 4.932320731648897e-29, 4.014955664002766e-15, 8.663156289841743e-15, 1.0107431273275963e-28, -4.014955661324863e-15, 8.663156300191372e-15, -1.63091194894845e-28, 4.014955658337719e-15, -8.663156287307087e-15, 70.0, -4.014955660289032e-15, 0.05957482423016694, 1.976087149696074e-15, -0.6533097557560142, -0.059574824704881804, 8.525576478748995e-16, 0.6533097555829162, -0.05957482425810927, 5.887002533587148e-15, -0.6533097558168579, 0.059574825091043004, -2.9108825370568878e-15, 0.6533097559736268, 0.31764326582408864, -1.0296716452406834e-15, 16.841297339003543, -0.31764326683993016, -1.9993375167006188e-15, -16.84129733887914, -0.3176432662002743, 3.639213192424204e-15, 16.841297338678025, 0.31764326677963395, -4.014955660289032e-15, 53.158702661181444]]}, {"__ndarray__": [[24], "float64", [9.881198567761478, 3.1209052129190624, 0.13736198752194712, 1.6269743953941858, 1.0403017376396875, 4.220020602529122, 7.381060876972182, 1.0403017376396875, 2.316053282547499, 4.127112086183781, 3.1209052129190624, 2.0413293075036596, 1.373744078735209, 3.1209052129190624, 1.7587595540137697, 10.134428884420323, 1.0403017376396875, 2.598623036037368, 4.380342402842598, 1.0403017376396875, 3.937450849039246, 7.127830560313307, 3.1209052129190624, 0.4199317410118247]]}, {"__ndarray__": [[24], "float64", [-0.00027885367473873637, -1.0766553335650025e-17, -0.00025835391069295693, 0.0002788536757281042, -3.6333869757033565e-18, 0.0002583539110002955, 0.00027885367484461034, -1.271178694024821e-17, -0.0002583539105662975, -0.0002788536764324176, 8.248167306008776e-18, 0.0002583539103159086, 0.00010454224053922006, 1.4153089676547472e-18, -0.00015941337145620159, -0.00010454223883029322, 7.845912854433009e-18, 0.00015941337120505287, -0.00010454223981650151, -6.4122527362159535e-18, -0.0001594133709275843, 0.00010454223870600245, 1.1950937439938258e-17, 0.00015941337112179124]]}, 0.2]