[{"__ndarray__": [[24, 24], "float64", [53.817779732264725, 0.00024061800366432986, -0.14665512551502005, 16.18165525844805, 3.767327240481574e-05, 0.15069387165252773, 16.18301065337202, -0.0005315354726518743, -0.14533554382581515, -16.183958283899848, 0.00041979086306726204, 0.14566961839442333, -0.7382671328889027, 0.00035386184513966785, -0.015895073674638438, 0.741480454576452, -0.00014864808712276053, 0.012327259422697051, 0.7437497489177088, -2.6422184773700693e-05, -0.012693060080406285, -0.7454504307590979, -0.0003453382514129775, 0.011888053636139345, 0.00024061800366432986, 69.9999998211794, 0.00014835735694760925, -0.00023951538383314242, 8.528721252933303e-08, -0.0001524916922783522, -0.00024177806980127408, 2.3453499850866626e-07, 0.0001481467358579558, 0.0002426901433651388, -2.9310509989625156e-07, -0.0001487776026786075, -0.0009505976545918962, 1.8042536941976255e-07, -0.00033143030127442437, 0.0009480649231897401, 1.6657678873365748e-07, 0.0003352063453715738, 0.0009472393165084601, 1.9674736939429873e-07, -0.00033472094187588343, -0.000946721278510067, -3.9164602226759376e-07, 0.0003357100999379467, -0.14665512551502005, 0.00014835735694760925, 53.308795806479154, 0.14554049582008446, -0.00022333699390961762, 16.69397721227682, 0.14455801370800098, -3.03920088248315e-05, -16.692261752439766, -0.1443547177478316, 0.0003076828536475347, 16.692253175785353, -0.22677830293635556, -0.00043409191989492743, 0.6377062876850407, 0.22848687027418124, -0.00011681329414535795, -0.638969902471216, 0.22973619972771842, 1.9962993667428e-05, 0.6389238184607268, -0.23053343327601228, 0.000328630958146756, -0.6404246457079427, 16.18165525844805, -0.00023951538383314242, 0.14554049582008446, 53.81890493389626, -3.803163938316713e-05, -0.1495571608548099, -16.18243873486507, 0.0005303520093080688, 0.14422208866113329, 16.183382693956474, -0.0004180115327566679, -0.14455266292284102, 0.7425390845001393, -0.0003544361501807174, 0.017767910779227167, -0.7457382612544382, 0.00014751147640770085, -0.014220425706253356, -0.7480052430491779, 2.5097853376913535e-05, 0.014584228320684123, 0.7497002683367111, 0.0003470333786810628, -0.013784474107175773, 3.767327240481574e-05, 8.528721252933303e-08, -0.00022333699390961762, -3.803163938316713e-05, 70.0000000570003, 0.00022438053021173199, -3.7510282683685e-05, 1.0945832431541903e-08, -0.00022331728847684287, 3.733780620623856e-05, 1.5377637402148567e-07, 0.00022364210500075044, 0.0001430611757300391, 7.052739095724474e-08, 0.0002726040611999152, -0.00014261613107486993, -1.272173996299117e-07, -0.00027395051855319113, -0.0001424279172576547, -1.2073500700663338e-07, 0.00027443532669265346, 0.0001425137160650567, -1.2958473069449058e-07, -0.0002744572221655512, 0.15069387165252773, -0.0001524916922783522, 16.69397721227682, -0.1495571608548099, 0.00022438053021173199, 53.303165752736305, -0.14862105638257708, 3.475163947928494e-05, 16.695029620012367, 0.1484355957210623, -0.0003145096966699065, -16.695034362795635, 0.21046220796736695, 0.0004365807450918465, -0.6414298334503079, -0.21222159477382163, 0.00012071182911266146, 0.6427717957038653, -0.21348629877471215, -1.4943742229993303e-05, -0.6427229708169938, 0.21429443538995535, -0.0003344795581028868, 0.644242786265572, 16.18301065337202, -0.00024177806980127408, 0.14455801370800098, -16.18243873486507, -3.7510282683685e-05, -0.14862105638257708, 53.81619199699307, 0.0005328185363962202, 0.1432366147103671, 16.184761579604896, -0.00042172529461789027, -0.14357484572796253, 0.7331628603867186, -0.0003531701526259877, 0.017758283442117384, -0.73639013706204, 0.00014979044457573637, -0.014166830460913049, -0.7386648200084903, 2.788354934159552e-05, 0.014533449976244367, 0.7403666015477486, 0.0003436912811598699, -0.013723629275114155, -0.0005315354726518743, 2.3453499850866626e-07, -3.03920088248315e-05, 0.0005303520093080688, 1.0945832431541903e-08, 3.475163947928494e-05, 0.0005328185363962202, 69.99999979628929, -2.9980640953568477e-05, -0.0005338376134722465, 4.0745270928780644e-07, 3.072434141128037e-05, 0.0004773094107853211, -4.984560917062945e-08, -0.00032976975344112914, -0.00047476467543816164, -2.558203914752739e-07, 0.00032545470696546943, -0.0004738217295470034, -3.041802673300381e-07, -0.00032518765062689676, 0.000473479534642344, 1.6062342693087069e-07, 0.00032439936598062846, -0.14533554382581515, 0.0001481467358579558, -16.692261752439766, 0.14422208866113329, -0.00022331728847684287, 16.695029620012367, 0.1432366147103671, -2.9980640953568477e-05, 53.306679998538414, -0.14303199794468752, 0.00030732523477281485, 16.693310654167902, -0.22663665636576977, -0.0004340387028525949, 0.6396076276002373, 0.2283420837092234, -0.000116624947410541, -0.6408662121146611, 0.22958971318520957, 2.0152403312497643e-05, 0.6408211239010884, -0.23038630207492994, 0.00032833715139304973, -0.6423210595973672, -16.183958283899848, 0.0002426901433651388, -0.1443547177478316, 16.183382693956474, 3.733780620623856e-05, 0.1484355957210623, 16.184761579604896, -0.0005338376134722465, -0.14303199794468752, 53.814281908832726, 0.00042322849525472394, 0.1433730687217488, -0.7310164126760963, 0.00035298558492297886, -0.01803954644305733, 0.7342551766345515, -0.00015074582823107263, 0.014431385312593914, 0.7365317194660304, -2.8959623256649962e-05, -0.014799295417871755, -0.7382383818875151, -0.0003426989765793207, 0.013985507807835681, 0.00041979086306726204, -2.9310509989625156e-07, 0.0003076828536475347, -0.0004180115327566679, 1.5377637402148567e-07, -0.0003145096966699065, -0.00042172529461789027, 4.0745270928780644e-07, 0.00030732523477281485, 0.00042322849525472394, 69.99999953404152, -0.00030835660204217303, -0.0014553916646591054, 3.2528680891563117e-07, -0.0003938522898003097, 0.0014512185614569575, 2.503437311185936e-07, 0.0004000747123570313, 0.0014497074713622883, 3.105480979650079e-07, -0.00039911003553821727, -0.0014488168991240594, -6.883441138835191e-07, 0.0004007458232877856, 0.14566961839442333, -0.0001487776026786075, 16.692253175785353, -0.14455266292284102, 0.00022364210500075044, -16.695034362795635, -0.14357484572796253, 3.072434141128037e-05, 16.693310654167902, 0.1433730687217488, -0.00030835660204217303, 53.30669716426306, 0.2232307495546425, 0.0004346400336798183, -0.6410193284012234, -0.22494483485048009, 0.00011705574010286442, 0.642288688380367, -0.22619428919763485, -1.9314455513228907e-05, -0.6422431577510611, 0.22699319597334924, -0.00032961350555953865, 0.6437471662830463, -0.7382671328889027, -0.0009505976545918962, -0.22677830293635556, 0.7425390845001393, 0.0001430611757300391, 0.21046220796736695, 0.7331628603867186, 0.0004773094107853211, -0.22663665636576977, -0.7310164126760963, -0.0014553916646591054, 0.2232307495546425, 53.59586946368039, 0.00014928192258044034, -0.2786692776731773, 16.394401828273278, 0.0011447602832546865, 0.29429975880685344, 16.395280210754102, 0.0014050204070448218, -0.29479164477263087, -16.391969901960763, -0.0009134438389269311, 0.29888316546118165, 0.00035386184513966785, 1.8042536941976255e-07, -0.00043409191989492743, -0.0003544361501807174, 7.052739095724474e-08, 0.0004365807450918465, -0.0003531701526259877, -4.984560917062945e-08, -0.0004340387028525949, 0.00035298558492297886, 3.2528680891563117e-07, 0.0004346400336798183, 0.00014928192258044034, 70.0000003335345, 0.0008285731041471783, -0.0001478051397234974, -2.3670569139745707e-07, -0.0008314462926482821, -0.00014831973596427197, -2.839369883815109e-07, 0.0008323899982921816, 0.00014760182586031609, -3.39285786176283e-07, -0.0008326069658199128, -0.015895073674638438, -0.00033143030127442437, 0.6377062876850407, 0.017767910779227167, 0.0002726040611999152, -0.6414298334503079, 0.017758283442117384, -0.00032976975344112914, 0.6396076276002373, -0.01803954644305733, -0.0003938522898003097, -0.6410193284012234, -0.2786692776731773, 0.0008285731041471783, 53.18841626252654, 0.2772522229261488, 0.00028630663812848664, 16.81509286733804, 0.27712294048822445, 0.0005397054503259846, -16.81560530715286, -0.27729745977375636, -0.000872136847245111, 16.817231423814665, 0.741480454576452, 0.0009480649231897401, 0.22848687027418124, -0.7457382612544382, -0.00014261613107486993, -0.21222159477382163, -0.73639013706204, -0.00047476467543816164, 0.2283420837092234, 0.7342551766345515, 0.0014512185614569575, -0.22494483485048009, 16.394401828273278, -0.0001478051397234974, 0.2772522229261488, 53.61529759776437, -0.0011423782099859964, -0.2928335093176328, -16.385592509072413, -0.0014019609439271934, 0.2933258179801969, 16.382285850071224, 0.0009102415744347686, -0.2974070559898047, -0.00014864808712276053, 1.6657678873365748e-07, -0.00011681329414535795, 0.00014751147640770085, -1.272173996299117e-07, 0.00012071182911266146, 0.00014979044457573637, -2.558203914752739e-07, -0.000116624947410541, -0.00015074582823107263, 2.503437311185936e-07, 0.00011705574010286442, 0.0011447602832546865, -2.3670569139745707e-07, 0.00028630663812848664, -0.0011423782099859964, 70.00000002305336, -0.0002894389493735917, -0.0011414217992626987, -2.1158446372116357e-07, 0.00028935053702658305, 0.0011411317203582883, 3.9135408936862956e-07, -0.00029054755345834724, 0.012327259422697051, 0.0003352063453715738, -0.638969902471216, -0.014220425706253356, -0.00027395051855319113, 0.6427717957038653, -0.014166830460913049, 0.00032545470696546943, -0.6408662121146611, 0.014431385312593914, 0.0004000747123570313, 0.642288688380367, 0.29429975880685344, -0.0008314462926482821, 16.81509286733804, -0.2928335093176328, -0.0002894389493735917, 53.181329427963405, -0.2926908476559682, -0.0005443583465883785, 16.819179513042606, 0.2928532095277415, 0.0008784582801920058, -16.820826177802736, 0.7437497489177088, 0.0009472393165084601, 0.22973619972771842, -0.7480052430491779, -0.0001424279172576547, -0.21348629877471215, -0.7386648200084903, -0.0004738217295470034, 0.22958971318520957, 0.7365317194660304, 0.0014497074713622883, -0.22619428919763485, 16.395280210754102, -0.00014831973596427197, 0.27712294048822445, -16.385592509072413, -0.0011414217992626987, -0.2926908476559682, 53.61352161670726, -0.001400720812192523, 0.2931826080784664, 16.383179276215927, 0.0009097651653362809, -0.29726002589327116, -2.6422184773700693e-05, 1.9674736939429873e-07, 1.9962993667428e-05, 2.5097853376913535e-05, -1.2073500700663338e-07, -1.4943742229993303e-05, 2.788354934159552e-05, -3.041802673300381e-07, 2.0152403312497643e-05, -2.8959623256649962e-05, 3.105480979650079e-07, -1.9314455513228907e-05, 0.0014050204070448218, -2.839369883815109e-07, 0.0005397054503259846, -0.0014019609439271934, -2.1158446372116357e-07, -0.0005443583465883785, -0.001400720812192523, 69.99999991533939, 0.0005432092518667306, 0.0014000617543938252, 4.978018568569751e-07, -0.0005444135548571378, -0.012693060080406285, -0.00033472094187588343, 0.6389238184607268, 0.014584228320684123, 0.00027443532669265346, -0.6427229708169938, 0.014533449976244367, -0.00032518765062689676, 0.6408211239010884, -0.014799295417871755, -0.00039911003553821727, -0.6422431577510611, -0.29479164477263087, 0.0008323899982921816, -16.81560530715286, 0.2933258179801969, 0.00028935053702658305, 16.819179513042606, 0.2931826080784664, 0.0005432092518667306, 53.18032213930834, -0.2933421040138252, -0.0008803664235736653, 16.821324840968426, -0.7454504307590979, -0.000946721278510067, -0.23053343327601228, 0.7497002683367111, 0.0001425137160650567, 0.21429443538995535, 0.7403666015477486, 0.000473479534642344, -0.23038630207492994, -0.7382383818875151, -0.0014488168991240594, 0.22699319597334924, -16.391969901960763, 0.00014760182586031609, -0.27729745977375636, 16.382285850071224, 0.0011411317203582883, 0.2928532095277415, 16.383179276215927, 0.0014000617543938252, -0.2933421040138252, 53.62012671850483, -0.0009092503327068948, 0.2974184582894158, -0.0003453382514129775, -3.9164602226759376e-07, 0.000328630958146756, 0.0003470333786810628, -1.2958473069449058e-07, -0.0003344795581028868, 0.0003436912811598699, 1.6062342693087069e-07, 0.00032833715139304973, -0.0003426989765793207, -6.883441138835191e-07, -0.00032961350555953865, -0.0009134438389269311, -3.39285786176283e-07, -0.000872136847245111, 0.0009102415744347686, 3.9135408936862956e-07, 0.0008784582801920058, 0.0009097651653362809, 4.978018568569751e-07, -0.0008803664235736653, -0.0009092503327068948, 70.00000049908131, 0.0008811699447749597, 0.011888053636139345, 0.0003357100999379467, -0.6404246457079427, -0.013784474107175773, -0.0002744572221655512, 0.644242786265572, -0.013723629275114155, 0.00032439936598062846, -0.6423210595973672, 0.013985507807835681, 0.0004007458232877856, 0.6437471662830463, 0.29888316546118165, -0.0008326069658199128, 16.817231423814665, -0.2974070559898047, -0.00029054755345834724, -16.820826177802736, -0.29726002589327116, -0.0005444135548571378, 16.821324840968426, 0.2974184582894158, 0.0008811699447749597, 53.17702566581601]]}, {"__ndarray__": [[24], "float64", [10.039268642393925, 3.1742269856620595, 0.1383331946708704, 1.6655274745330535, 1.058075915836226, 4.293494228316138, 7.51792582000479, 1.0580757691799232, 2.3542490650273424, 4.186869220547316, 3.1742268748174616, 2.077580713397256, 1.4302969467911235, 3.1742276575103388, 1.7396037544484064, 10.274496455433129, 1.0580758072917424, 2.692228918687998, 4.4220970514168325, 1.0580758649416775, 3.9555167334659136, 7.282698444010036, 3.1742269195966233, 0.47631472316887535]]}, {"__ndarray__": [[24], "float64", [-0.0002446416514347078, 8.511274682235538e-07, -1.9597511660119312e-05, 0.0002410975760367748, -4.821160671375512e-08, 3.536112123202563e-05, 0.00024870325525406487, -8.157959239296864e-07, -1.872079608824746e-05, -0.0002511075930086911, 1.4269431531241585e-06, 2.1515890833236686e-05, 0.0006049450565170125, -2.1611836909778913e-07, -2.008326354960787e-05, -0.00059518766814122, -9.485738530513394e-07, 5.026645161041286e-06, -0.0005937988380655663, -1.096532329577609e-06, -6.142720677759517e-06, 0.0005899898628423331, 8.471614610224672e-07, 2.6406347494305607e-06]]}, 0.2]