[{"__ndarray__": [[24, 24], "float64", [53.779506405924565, -0.00011423614320731292, -0.11006962136700968, 16.215454564209097, 0.00025260976024233105, 0.1050937311447515, 16.218938089162453, -0.0024131786020740193, -0.1075863062421613, -16.215785009930517, 0.0018817190218755376, 0.10483506245541256, -0.785522625987784, 0.0019152870268530477, 0.03226304752271239, 0.7845066044796233, 0.0007227344561021443, -0.026029325222583943, 0.7872183871008283, -0.0022736045562880046, 0.03163077627068847, -0.7843164146113807, 2.8668972023841114e-05, -0.03013736445199825, -0.00011423614320731292, 69.99999131286462, -0.0012326256770979164, 0.00020467161728701512, 9.292768781537667e-06, 0.0012883604592530064, 0.00018497763446063685, 1.2112651439663164e-05, -0.0012677383972811208, -0.00024914287023578436, -1.5946798077331447e-05, 0.0012819911462471395, 0.004501016631287829, -6.492726736655268e-06, -0.0015268416121583107, -0.004427961516356722, 6.7647985418272316e-06, 0.0014776777061953866, -0.0044740554125557415, 1.1922499854041109e-05, -0.0015255733672077541, 0.004374730057549152, -8.966058338295925e-06, 0.0015047497420177854, -0.11006962136700968, -0.0012326256770979164, 53.33862127811894, 0.12962268409137775, 0.001954733986826455, 16.67606616097323, 0.1276248445739505, 0.0034731819249478823, -16.670835422113555, -0.14080939169877632, -0.004368529514806267, 16.674379361309576, -0.23518547889545752, -0.0021767661040690087, 0.589795935493403, 0.24989153125813615, 0.0017071440717277898, -0.6028020056908712, 0.23734805242923554, 0.0021968459120465756, 0.5910803223781776, -0.2584226204325798, -0.0015539846014231242, -0.5963056308362442, 16.215454564209097, 0.00020467161728701512, 0.12962268409137775, 53.78874403605722, -0.00033223582649916577, -0.1251826313141902, -16.214578074054533, 0.0023000050741344862, 0.1274743747077115, 16.212037096417532, -0.001720083898918087, -0.12485699815226481, 0.7368735771034289, -0.0018697334632297746, -0.02839067686834948, -0.7365631715534167, -0.0007834091210624197, 0.02263305247071578, -0.7388756376100923, 0.0021579944383542642, -0.02778555333927816, 0.7369076090998689, 4.279124424259103e-05, 0.02648574829566923, 0.00025260976024233105, 9.292768781537667e-06, 0.001954733986826455, -0.00033223582649916577, 69.9999931930536, -0.002003702906004697, -0.0003176884605503789, -8.969420423533711e-06, 0.001985847812919826, 0.0003751466381476333, 1.5495410818139093e-05, -0.0019969614862869987, -0.003360300458801016, 1.4415118616282069e-06, 0.002786947523486526, 0.003289800105146572, -6.836301517350463e-06, -0.002745353147381469, 0.003328506266879311, -9.352269329283032e-06, 0.002785331686988546, -0.003235838023297929, 5.735246223764101e-06, -0.002766843470587633, 0.1050937311447515, 0.0012883604592530064, 16.67606616097323, -0.1251826313141902, -0.002003702906004697, 53.30891199155231, -0.12308130786612884, -0.00354378550109966, 16.685731613641433, 0.1366470979306435, 0.004470576495438688, -16.68936012717002, 0.20309414479697913, 0.0022078320152583045, -0.588726071206358, -0.21824445544825724, -0.0017483621377624747, 0.602026614601767, -0.20543285224933555, -0.002270249449317893, -0.590021457682674, 0.2271062730569174, 0.001599331025824681, 0.5953712756585054, 16.218938089162453, 0.00018497763446063685, 0.1276248445739505, -16.214578074054533, -0.0003176884605503789, -0.12308130786612884, 53.78207481330775, 0.002320147595297418, 0.1254104239627223, 16.215268053086056, -0.0017529283795739302, -0.12277117179499118, 0.7474409359121792, -0.0018737741510727463, -0.03398839838862824, -0.7469875580580405, -0.0007752494401186005, 0.028141871228161072, -0.7493637738940497, 0.002181596515673148, -0.03337614402798992, 0.7472075142046471, 3.291875001849962e-05, 0.03203988220432034, -0.0024131786020740193, 1.2112651439663164e-05, 0.0034731819249478823, 0.0023000050741344862, -8.969420423533711e-06, -0.00354378550109966, 0.002320147595297418, 69.99998527336474, 0.003516510635009786, -0.0022405108859720967, 2.2698084619266088e-05, -0.0035348999417797074, -0.008754457076800016, 5.95603218435542e-06, -0.0017891313029231768, 0.008659692250172615, -9.66261340578599e-06, 0.0018515851571334996, 0.008717593155924129, -1.5967540247795035e-05, -0.0017915141189016742, -0.00858929150854081, 8.559441002705728e-06, 0.001818053147960587, -0.1075863062421613, -0.0012677383972811208, -16.670835422113555, 0.1274743747077115, 0.001985847812919826, 16.685731613641433, 0.1254104239627223, 0.003516510635009786, 53.31957729592653, -0.13883566014898208, -0.0044316051742607915, 16.684019306114415, -0.21710975043879668, -0.002195185324358537, 0.5859684834538371, 0.232095041625969, 0.001734773824836988, -0.5991584207137117, 0.21938407873463403, 0.002240446876178424, 0.587259925802926, -0.24083220224852656, -0.0015830502547424107, -0.5925627824795631, -16.215785009930517, -0.00024914287023578436, -0.14080939169877632, 16.212037096417532, 0.0003751466381476333, 0.1366470979306435, 16.215268053086056, -0.0022405108859720967, -0.13883566014898208, 53.78696192135682, 0.0016373889467364755, 0.13628868435020058, -0.7155701950555595, 0.001840219893233238, 0.029099924903843687, 0.7156247609021353, 0.0008166116959825586, -0.023586557005078126, 0.7177084716038943, -0.0020954953702488413, 0.028501973957400534, -0.7162450980580372, -8.421811167200945e-05, -0.027306072181419304, 0.0018817190218755376, -1.5946798077331447e-05, -0.004368529514806267, -0.001720083898918087, 1.5495410818139093e-05, 0.004470576495438688, -0.0017529283795739302, 2.2698084619266088e-05, -0.0044316051742607915, 0.0016373889467364755, 69.99996993193987, 0.004458974531124632, 0.010221510858363158, -1.2228817174324317e-05, 0.0013363690889705766, -0.010091643331240598, 1.329514220951793e-05, -0.0014286590997514403, -0.01017311889125494, 2.2411327191521492e-05, 0.001340422948817636, 0.009997155670723516, -1.56562893773274e-05, -0.001377549275902393, 0.10483506245541256, 0.0012819911462471395, 16.674379361309576, -0.12485699815226481, -0.0019969614862869987, -16.68936012717002, -0.12277117179499118, -0.0035348999417797074, 16.684019306114415, 0.13628868435020058, 0.004458974531124632, 53.31236364093935, 0.2059339446602511, 0.0022024132896702646, -0.5893409533882088, -0.22103148484271334, -0.001741354647457056, 0.6026043780353187, -0.2082558382203972, -0.0022620225079455192, -0.5906355365502144, 0.22985780159445854, 0.0015918596180961317, 0.5959699310778644, -0.785522625987784, 0.004501016631287829, -0.23518547889545752, 0.7368735771034289, -0.003360300458801016, 0.20309414479697913, 0.7474409359121792, -0.008754457076800016, -0.21710975043879668, -0.7155701950555595, 0.010221510858363158, 0.2059339446602511, 53.627459529189316, 0.005241385211133202, -0.285463182991024, 16.33710676680505, -0.003256812216368801, 0.3179739302158436, 16.360364894613202, -0.009056230527760974, -0.2875382718745184, -16.308152881367743, 0.004463887529639105, 0.298294665175469, 0.0019152870268530477, -6.492726736655268e-06, -0.0021767661040690087, -0.0018697334632297746, 1.4415118616282069e-06, 0.0022078320152583045, -0.0018737741510727463, 5.95603218435542e-06, -0.002195185324358537, 0.001840219893233238, -1.2228817174324317e-05, 0.0022024132896702646, 0.005241385211133202, 70.00000595932596, 0.0029079160918891777, -0.005195797524957649, 9.146773026391278e-07, -0.0029350846093369443, -0.005221751377897296, 3.1087987293137848e-06, 0.002910259624703129, 0.00516416438545942, 1.3411978394308713e-06, -0.00292138498395264, 0.03226304752271239, -0.0015268416121583107, 0.589795935493403, -0.02839067686834948, 0.002786947523486526, -0.588726071206358, -0.03398839838862824, -0.0017891313029231768, 0.5859684834538371, 0.029099924903843687, 0.0013363690889705766, -0.5893409533882088, -0.285463182991024, 0.0029079160918891777, 53.123340295362965, 0.29366184017749636, -0.0016462971847662669, 16.879354325230896, 0.3028175616742329, -0.0015197223913093016, -16.876873011671876, -0.31000011560789503, -0.000549240362506835, 16.87648099725495, 0.7845066044796233, -0.004427961516356722, 0.24989153125813615, -0.7365631715534167, 0.003289800105146572, -0.21824445544825724, -0.7469875580580405, 0.008659692250172615, 0.232095041625969, 0.7156247609021353, -0.010091643331240598, -0.22103148484271334, 16.33710676680505, -0.005195797524957649, 0.29366184017749636, 53.69775128006266, 0.003203331888802404, -0.32577733622604194, -16.325170537962656, 0.008960504449656384, 0.2957181177027587, 16.273731854125515, -0.004397926272002398, -0.3063132548952521, 0.0007227344561021443, 6.7647985418272316e-06, 0.0017071440717277898, -0.0007834091210624197, -6.836301517350463e-06, -0.0017483621377624747, -0.0007752494401186005, -9.66261340578599e-06, 0.001734773824836988, 0.0008166116959825586, 1.329514220951793e-05, -0.001741354647457056, -0.003256812216368801, 9.146773026391278e-07, -0.0016462971847662669, 0.003203331888802404, 70.00000911764889, 0.0016790947957695647, 0.003225853008859094, -1.3747639206040816e-05, -0.0016487141893453694, -0.003153060271264308, 1.5428729950054664e-07, 0.0016637154670663071, -0.026029325222583943, 0.0014776777061953866, -0.6028020056908712, 0.02263305247071578, -0.002745353147381469, 0.602026614601767, 0.028141871228161072, 0.0018515851571334996, -0.5991584207137117, -0.023586557005078126, -0.0014286590997514403, 0.6026043780353187, 0.3179739302158436, -0.0029350846093369443, 16.879354325230896, -0.32577733622604194, 0.0016790947957695647, 53.117695724168755, -0.3351765822211637, 0.0015882033854297019, 16.879573535552165, 0.34182094632873367, 0.0005125359615196069, -16.87929415171493, 0.7872183871008283, -0.0044740554125557415, 0.23734805242923554, -0.7388756376100923, 0.003328506266879311, -0.20543285224933555, -0.7493637738940497, 0.008717593155924129, 0.21938407873463403, 0.7177084716038943, -0.01017311889125494, -0.2082558382203972, 16.360364894613202, -0.005221751377897296, 0.3028175616742329, -16.325170537962656, 0.003225853008859094, -0.3351765822211637, 53.65175512829743, 0.009027123548949696, 0.3048997053750645, 16.296363066645092, -0.004430150250098091, -0.3155841261714837, -0.0022736045562880046, 1.1922499854041109e-05, 0.0021968459120465756, 0.0021579944383542642, -9.352269329283032e-06, -0.002270249449317893, 0.002181596515673148, -1.5967540247795035e-05, 0.002240446876178424, -0.0020954953702488413, 2.2411327191521492e-05, -0.0022620225079455192, -0.009056230527760974, 3.1087987293137848e-06, -0.0015197223913093016, 0.008960504449656384, -1.3747639206040816e-05, 0.0015882033854297019, 0.009027123548949696, 69.99999171695103, -0.0015223308927698833, -0.00890188849616045, 9.907871835542203e-06, 0.0015488290679204239, 0.03163077627068847, -0.0015255733672077541, 0.5910803223781776, -0.02778555333927816, 0.002785331686988546, -0.590021457682674, -0.03337614402798992, -0.0017915141189016742, 0.587259925802926, 0.028501973957400534, 0.001340422948817636, -0.5906355365502144, -0.2875382718745184, 0.002910259624703129, -16.876873011671876, 0.2957181177027587, -0.0016487141893453694, 16.879573535552165, 0.3048997053750645, -0.0015223308927698833, 53.12292062505552, -0.3120506036413392, -0.0005478818416923086, 16.876695597645668, -0.7843164146113807, 0.004374730057549152, -0.2584226204325798, 0.7369076090998689, -0.003235838023297929, 0.2271062730569174, 0.7472075142046471, -0.00858929150854081, -0.24083220224852656, -0.7162450980580372, 0.009997155670723516, 0.22985780159445854, -16.308152881367743, 0.00516416438545942, -0.31000011560789503, 16.273731854125515, -0.003153060271264308, 0.34182094632873367, 16.296363066645092, -0.00890188849616045, -0.3120506036413392, 53.7545043511506, 0.004344028136870464, 0.32252052159815603, 2.8668972023841114e-05, -8.966058338295925e-06, -0.0015539846014231242, 4.279124424259103e-05, 5.735246223764101e-06, 0.001599331025824681, 3.291875001849962e-05, 8.559441002705728e-06, -0.0015830502547424107, -8.421811167200945e-05, -1.56562893773274e-05, 0.0015918596180961317, 0.004463887529639105, 1.3411978394308713e-06, -0.000549240362506835, -0.004397926272002398, 1.5428729950054664e-07, 0.0005125359615196069, -0.004430150250098091, 9.907871835542203e-06, -0.0005478818416923086, 0.004344028136870464, 69.99999892430343, 0.0005304304549115498, -0.03013736445199825, 0.0015047497420177854, -0.5963056308362442, 0.02648574829566923, -0.002766843470587633, 0.5953712756585054, 0.03203988220432034, 0.001818053147960587, -0.5925627824795631, -0.027306072181419304, -0.001377549275902393, 0.5959699310778644, 0.298294665175469, -0.00292138498395264, 16.87648099725495, -0.3063132548952521, 0.0016637154670663071, -16.87929415171493, -0.3155841261714837, 0.0015488290679204239, 16.876695597645668, 0.32252052159815603, 0.0005304304549115498, 53.12364476286379]]}, {"__ndarray__": [[24], "float64", [9.945937904009954, 3.142861373749829, 0.14321164355851793, 1.6431956187538403, 1.0476204120678418, 4.244824797298623, 7.437762600581633, 1.047620103601871, 2.337230908679294, 4.151373231711041, 3.1428617410378634, 2.050806175127728, 1.3941281729724717, 3.1428616629250854, 1.7421976268575523, 10.19500596129806, 1.0476201644989334, 2.6458410985978693, 4.4004404641404955, 1.0476201459842964, 3.936216286990098, 7.188695982540905, 3.1428614894402704, 0.45182163467419983]]}, {"__ndarray__": [[24], "float64", [9.661144187028194e-06, -9.057579642224197e-07, -4.6179578926603555e-05, 3.977544462019442e-07, 1.1716100514549449e-06, 5.254022009182574e-05, -1.9646542914261113e-06, 1.4583086824935856e-06, -5.033050681930884e-05, -4.65493718468978e-06, -1.7251744519965063e-06, 5.1825027443002954e-05, 0.00012015704535009111, -7.888661596543181e-07, -4.496120574780594e-05, -0.00011232558848066058, 2.295533312241781e-07, 3.939377083278579e-05, -0.00011683472845243108, 1.6187799692531675e-06, -4.4675546830466604e-05, 0.00010556396442588633, -1.0584534585526325e-06, 4.2387819956570455e-05]]}, 0.2]