[{"__ndarray__": [[24, 24], "float64", [53.989013220320764, -7.088999878420383e-15, -0.15262532495518433, 16.01098677925806, -7.411014114529012e-14, 0.1526253250337755, 16.01098677960628, 1.4851185049988509e-15, -0.15262532501811107, -16.010986779587046, -6.574175596531844e-14, 0.1526253249104005, -0.8731678493841705, 6.815352527554296e-14, -0.01862668375679205, 0.8731678493463799, 7.641374784191106e-15, 0.018626683655707715, 0.873167849752054, 6.29984734631757e-14, -0.018626683574577127, -0.8731678493418568, 7.392775350004576e-15, 0.018626683687009052, -7.088999878420383e-15, 70.0, -1.0996603533297994e-14, 7.088999836421845e-15, 1.0527133213336017e-26, 1.0996603547946917e-14, 7.088999870733401e-15, -2.941634976485225e-27, -1.0996603533393561e-14, -7.088999868096403e-15, 4.3225554560243825e-27, 1.0996603522825936e-14, 4.883608812907798e-14, -1.0719386877219919e-26, -1.4269713015906402e-14, -4.883608812910419e-14, -2.939306942255714e-27, 1.4269713004518472e-14, -4.883608809688254e-14, -3.3848016315730965e-27, -1.4269712999389876e-14, 4.8836088135770094e-14, 2.2268441084687825e-27, 1.426971300539253e-14, -0.15262532495518433, -1.0996603533297994e-14, 53.33691064447057, 0.15262532471713217, -6.055975229068039e-14, 16.66308935555225, 0.15262532494953027, 2.6005269024195965e-14, -16.66308935555496, -0.15262532494460748, -4.04711888460212e-15, 16.663089355493636, -0.18557076907093092, 6.989488362431357e-14, 0.6592738595205145, 0.18557076904347003, 5.467955769634948e-15, -0.6592738595519421, 0.18557076923582783, -9.220333437083336e-15, 0.6592738595821448, -0.18557076906221093, -1.8773369169596996e-14, -0.659273859534055, 16.01098677925806, 7.088999836421845e-15, 0.15262532471713217, 53.98901322116312, 7.411014099774206e-14, -0.152625324795723, -16.010986779185092, -1.485118475035323e-15, 0.15262532478005839, 16.010986779165847, 6.574175586947556e-14, -0.15262532467234674, 0.8731678518720762, -6.815352512304103e-14, 0.01862668326765053, -0.8731678518342887, -7.641374740915162e-15, -0.018626683166565572, -0.8731678522399628, -6.299847337631201e-14, 0.018626683085436524, 0.8731678518297643, -7.392775379762101e-15, -0.018626683197866825, -7.411014114529012e-14, 1.0527133213336017e-26, -6.055975229068039e-14, 7.411014099774206e-14, 70.0, 6.055975233913171e-14, 7.4110141117608e-14, -1.231619876977529e-26, -6.05597522931457e-14, -7.411014110783046e-14, 1.8555599911535286e-26, 6.0559752255671e-14, 1.8505628145660617e-13, -4.5011150167785096e-26, -4.4972980130247136e-14, -1.8505628145734692e-13, -1.0027993237863366e-26, 4.497298009468522e-14, -1.8505628134315278e-13, -1.4741847341477966e-26, -4.497298007149765e-14, 1.8505628148286855e-13, 8.951885836643599e-27, 4.497298009681775e-14, 0.1526253250337755, 1.0996603547946917e-14, 16.66308935555225, -0.152625324795723, 6.055975233913171e-14, 53.33691064442493, -0.1526253250281195, -2.600526903389603e-14, 16.663089355577796, 0.15262532502319848, 4.04711891667682e-15, -16.663089355516465, 0.18557076808136017, -6.989488367485837e-14, -0.6592738593564827, -0.1855707680539007, -5.467955784772919e-15, 0.6592738593879103, -0.18557076824625804, 9.220333408540581e-15, -0.6592738594181126, 0.18557076807264292, 1.877336917927722e-14, 0.6592738593700236, 16.01098677960628, 7.088999870733401e-15, 0.15262532494953027, -16.010986779185092, 7.4110141117608e-14, -0.1526253250281195, 53.9890132204667, -1.485118500015525e-15, 0.1526253250124553, 16.010986779514077, 6.574175593879771e-14, -0.15262532490474487, 0.8731678500513536, -6.815352524734102e-14, 0.018626683637787758, -0.8731678500135678, -7.641374776106386e-15, -0.01862668353670216, -0.8731678504192393, -6.299847343758463e-14, 0.0186266834555721, 0.8731678500090398, -7.392775355297294e-15, -0.018626683568002927, 1.4851185049988509e-15, -2.941634976485225e-27, 2.6005269024195965e-14, -1.485118475035323e-15, -1.231619876977529e-26, -2.600526903389603e-14, -1.485118500015525e-15, 70.0, 2.600526902496305e-14, 1.4851184976171764e-15, -4.50510451155097e-27, -2.6005269017585364e-14, -4.2142491616147696e-14, 1.2569348330784052e-26, 1.7392797994964307e-14, 4.2142491616773976e-14, 2.7519574781104258e-27, -1.7392797987950017e-14, 4.2142491592900255e-14, 3.3509973444121696e-27, 1.7392797983676392e-14, -4.2142491619786055e-14, -2.8073021894487724e-27, -1.7392797988804735e-14, -0.15262532501811107, -1.0996603533393561e-14, -16.66308935555496, 0.15262532478005839, -6.05597522931457e-14, 16.663089355577796, 0.1526253250124553, 2.600526902496305e-14, 53.336910644419476, -0.15262532500753365, -4.047118888764125e-15, 16.663089355519183, -0.18557076909972425, 6.989488362661547e-14, 0.659273859523444, 0.18557076907226247, 5.467955769598635e-15, -0.6592738595548727, 0.1855707692646208, -9.22033343304664e-15, 0.659273859585073, -0.1855707690910032, -1.8773369169838775e-14, -0.6592738595369835, -16.010986779587046, -7.088999868096403e-15, -0.15262532494460748, 16.010986779165847, -7.411014110783046e-14, 0.15262532502319848, 16.010986779514077, 1.4851184976171764e-15, -0.15262532500753365, 53.989013220505186, -6.574175593511449e-14, 0.15262532489982455, -0.8731678500694351, 6.815352523742254e-14, -0.018626683637449168, 0.8731678500316442, 7.641374773675609e-15, 0.01862668353636486, 0.8731678504373201, 6.299847343450257e-14, -0.01862668345523351, -0.8731678500271187, 7.392775357151448e-15, 0.018626683567664656, -6.574175596531844e-14, 4.3225554560243825e-27, -4.04711888460212e-15, 6.574175586947556e-14, 1.8555599911535286e-26, 4.04711891667682e-15, 6.574175593879771e-14, -4.50510451155097e-27, -4.047118888764125e-15, -6.574175593511449e-14, 70.0, 4.0471188630985356e-15, 9.274452013916674e-14, -1.842271846177591e-26, -5.840564779039353e-15, -9.274452014038768e-14, -4.2384070470959584e-27, 5.840564754871728e-15, -9.274452007220907e-14, -7.583366144342918e-27, -5.840564739622394e-15, 9.274452015342338e-14, 3.095714127296476e-27, 5.84056475731201e-15, 0.1526253249104005, 1.0996603522825936e-14, 16.663089355493636, -0.15262532467234674, 6.0559752255671e-14, -16.663089355516465, -0.15262532490474487, -2.6005269017585364e-14, 16.663089355519183, 0.15262532489982455, 4.0471188630985356e-15, 53.33691064454212, 0.18557076974195388, -6.989488358829354e-14, -0.6592738596440856, -0.18557076971449377, -5.467955758669859e-15, 0.6592738596755141, -0.1855707699068513, 9.220333456642486e-15, -0.6592738597057143, 0.18557076973323522, 1.8773369162784166e-14, 0.6592738596576251, -0.8731678493841705, 4.883608812907798e-14, -0.18557076907093092, 0.8731678518720762, 1.8505628145660617e-13, 0.18557076808136017, 0.8731678500513536, -4.2142491616147696e-14, -0.18557076909972425, -0.8731678500694351, 9.274452013916674e-14, 0.18557076974195388, 53.70939852420661, -1.8653722991906397e-13, -0.3322145930032073, 16.290601475558237, -4.6393720515472876e-14, 0.33221459371843864, 16.29060147395448, -7.663073311792255e-14, -0.3322145940983978, -16.29060147635731, 2.7273389570038595e-14, 0.33221459370208073, 6.815352527554296e-14, -1.0719386877219919e-26, 6.989488362431357e-14, -6.815352512304103e-14, -4.5011150167785096e-26, -6.989488367485837e-14, -6.815352524734102e-14, 1.2569348330784052e-26, 6.989488362661547e-14, 6.815352523742254e-14, -1.842271846177591e-26, -6.989488358829354e-14, -1.8653722991906397e-13, 70.0, 5.35933116415242e-14, 1.8653722991985828e-13, 1.0152874121450814e-26, -5.3593311604531714e-14, 1.8653722980163088e-13, 1.4463076801885925e-26, 5.359331158106144e-14, -1.8653722994548457e-13, -9.161490602168126e-27, -5.3593311606704995e-14, -0.01862668375679205, -1.4269713015906402e-14, 0.6592738595205145, 0.01862668326765053, -4.4972980130247136e-14, -0.6592738593564827, 0.018626683637787758, 1.7392797994964307e-14, 0.659273859523444, -0.018626683637449168, -5.840564779039353e-15, -0.6592738596440856, -0.3322145930032073, 5.35933116415242e-14, 53.14135296096597, 0.33221459303872564, 9.389469182321137e-15, 16.858647038902483, 0.3322145933507685, -5.3568138880282355e-15, -16.858647038829194, -0.33221459291263356, -1.2008104776670945e-14, 16.85864703891098, 0.8731678493463799, -4.883608812910419e-14, 0.18557076904347003, -0.8731678518342887, -1.8505628145734692e-13, -0.1855707680539007, -0.8731678500135678, 4.2142491616773976e-14, 0.18557076907226247, 0.8731678500316442, -9.274452014038768e-14, -0.18557076971449377, 16.290601475558237, 1.8653722991985828e-13, 0.33221459303872564, 53.70939852467691, 4.6393720515117024e-14, -0.33221459375395335, -16.29060147371933, 7.663073311898072e-14, 0.3322145941339156, 16.290601476122156, -2.7273389570033287e-14, -0.3322145937375993, 7.641374784191106e-15, -2.939306942255714e-27, 5.467955769634948e-15, -7.641374740915162e-15, -1.0027993237863366e-26, -5.467955784772919e-15, -7.641374776106386e-15, 2.7519574781104258e-27, 5.467955769598635e-15, 7.641374773675609e-15, -4.2384070470959584e-27, -5.467955758669859e-15, -4.6393720515472876e-14, 1.0152874121450814e-26, 9.389469182321137e-15, 4.6393720515117024e-14, 70.0, -9.38946917072684e-15, 4.63937204825551e-14, 3.399752551602175e-27, 9.389469165015517e-15, -4.639372052280116e-14, -2.090615194976105e-27, -9.389469171481135e-15, 0.018626683655707715, 1.4269713004518472e-14, -0.6592738595519421, -0.018626683166565572, 4.497298009468522e-14, 0.6592738593879103, -0.01862668353670216, -1.7392797987950017e-14, -0.6592738595548727, 0.01862668353636486, 5.840564754871728e-15, 0.6592738596755141, 0.33221459371843864, -5.3593311604531714e-14, 16.858647038902483, -0.33221459375395335, -9.38946917072684e-15, 53.14135296122903, -0.3322145940659982, 5.356813909779737e-15, 16.85864703869767, 0.33221459362786254, 1.200810476980604e-14, -16.85864703877946, 0.873167849752054, -4.883608809688254e-14, 0.18557076923582783, -0.8731678522399628, -1.8505628134315278e-13, -0.18557076824625804, -0.8731678504192393, 4.2142491592900255e-14, 0.1855707692646208, 0.8731678504373201, -9.274452007220907e-14, -0.1855707699068513, 16.29060147395448, 1.8653722980163088e-13, 0.3322145933507685, -16.29060147371933, 4.63937204825551e-14, -0.3322145940659982, 53.70939852788441, 7.663073305821773e-14, 0.33221459444595786, 16.290601474518397, -2.7273389547350507e-14, -0.3322145940496405, 6.29984734631757e-14, -3.3848016315730965e-27, -9.220333437083336e-15, -6.299847337631201e-14, -1.4741847341477966e-26, 9.220333408540581e-15, -6.299847343758463e-14, 3.3509973444121696e-27, -9.22033343304664e-15, 6.299847343450257e-14, -7.583366144342918e-27, 9.220333456642486e-15, -7.663073311792255e-14, 1.4463076801885925e-26, -5.3568138880282355e-15, 7.663073311898072e-14, 3.399752551602175e-27, 5.356813909779737e-15, 7.663073305821773e-14, 70.0, -5.3568139242268095e-15, -7.663073313144698e-14, -2.2507569578460384e-27, 5.356813907558614e-15, -0.018626683574577127, -1.4269712999389876e-14, 0.6592738595821448, 0.018626683085436524, -4.497298007149765e-14, -0.6592738594181126, 0.0186266834555721, 1.7392797983676392e-14, 0.659273859585073, -0.01862668345523351, -5.840564739622394e-15, -0.6592738597057143, -0.3322145940983978, 5.359331158106144e-14, -16.858647038829194, 0.3322145941339156, 9.389469165015517e-15, 16.85864703869767, 0.33221459444595786, -5.3568139242268095e-15, 53.141352961375624, -0.3322145940078238, -1.2008104765084416e-14, 16.85864703870617, -0.8731678493418568, 4.8836088135770094e-14, -0.18557076906221093, 0.8731678518297643, 1.8505628148286855e-13, 0.18557076807264292, 0.8731678500090398, -4.2142491619786055e-14, -0.1855707690910032, -0.8731678500271187, 9.274452015342338e-14, 0.18557076973323522, -16.29060147635731, -1.8653722994548457e-13, -0.33221459291263356, 16.290601476122156, -4.639372052280116e-14, 0.33221459362786254, 16.290601474518397, -7.663073313144698e-14, -0.3322145940078238, 53.709398523078775, 2.7273389574364392e-14, 0.3322145936115066, 7.392775350004576e-15, 2.2268441084687825e-27, -1.8773369169596996e-14, -7.392775379762101e-15, 8.951885836643599e-27, 1.877336917927722e-14, -7.392775355297294e-15, -2.8073021894487724e-27, -1.8773369169838775e-14, 7.392775357151448e-15, 3.095714127296476e-27, 1.8773369162784166e-14, 2.7273389570038595e-14, -9.161490602168126e-27, -1.2008104776670945e-14, -2.7273389570033287e-14, -2.090615194976105e-27, 1.200810476980604e-14, -2.7273389547350507e-14, -2.2507569578460384e-27, -1.2008104765084416e-14, 2.7273389574364392e-14, 70.0, 1.2008104770312366e-14, 0.018626683687009052, 1.426971300539253e-14, -0.659273859534055, -0.018626683197866825, 4.497298009681775e-14, 0.6592738593700236, -0.018626683568002927, -1.7392797988804735e-14, -0.6592738595369835, 0.018626683567664656, 5.84056475731201e-15, 0.6592738596576251, 0.33221459370208073, -5.3593311606704995e-14, 16.85864703891098, -0.3322145937375993, -9.389469171481135e-15, -16.85864703877946, -0.3322145940496405, 5.356813907558614e-15, 16.85864703870617, 0.3322145936115066, 1.2008104770312366e-14, 53.14135296121204]]}, {"__ndarray__": [[24], "float64", [9.901565857902316, 3.127178389226437, 0.13314154348939114, 1.6297391112097397, 1.0423927964088124, 4.232999604531599, 7.395391595765557, 1.0423927964088124, 2.316212117499917, 4.135913373346312, 3.127178389226437, 2.0499290305212003, 1.38225325700917, 3.127178389226437, 1.7643190121090453, 10.149051712102667, 1.0423927964088124, 2.6018221359120974, 4.383399227546614, 1.0423927964088124, 3.947389586119478, 7.147905741565058, 3.127178389226437, 0.4187515619015643]]}, {"__ndarray__": [[24], "float64", [-1.0927507274874652e-05, 1.2008201230492498e-15, -2.514762243761067e-06, 1.0927505831640014e-05, -1.1792318727823078e-15, 2.514762759626846e-06, 1.0927506861529946e-05, -1.1206274023465424e-15, -2.514762261466739e-06, -1.0927506853665035e-05, 1.1210279718662993e-15, 2.514761902238684e-06, 0.00020203881051663285, 9.545039997094784e-16, -3.5227663891481266e-05, -0.00020203881044724066, -9.768627643521596e-16, 3.5227663503379063e-05, -0.0002020388094351427, -9.100056647693146e-16, -3.522766329078458e-05, 0.000202038810801116, 9.079891645101913e-16, 3.5227663522251445e-05]]}, 0.2]