[{"__ndarray__": [[24, 24], "float64", [54.02445351391064, -3.8048032034279415e-16, -0.1850021227591534, 15.97554648627896, 2.146658793407235e-15, 0.18500212261025784, 15.975546486022735, -8.29411610613207e-15, -0.18500212270119332, -15.975546486087872, 3.936960699858456e-14, 0.18500212268015842, -0.8578710888093594, 7.327463534937237e-15, -0.029489342815299382, 0.8578710897326253, 1.9093836913833756e-14, 0.02948934285980212, 0.8578710882052117, -4.582060523598115e-14, -0.02948934269080916, -0.8578710891865589, -1.1893543342551817e-14, 0.02948934277869246, -3.8048032034279415e-16, 70.0, -1.4022493196341521e-14, 3.804802946913757e-16, 4.671010269233261e-28, 1.4022493205187239e-14, 3.8048032591921086e-16, -1.2927739412657622e-26, -1.4022493191846106e-14, -3.8048032700970694e-16, -1.6505210130268404e-26, 1.4022493190624217e-14, -1.4952119292039238e-14, 1.1106293407752866e-27, 1.1763730735609352e-14, 1.4952119289829187e-14, -4.617982494505125e-27, -1.1763730736186787e-14, 1.4952119319321875e-14, 1.3353979455517922e-26, 1.176373074538908e-14, -1.4952119307620916e-14, 1.4926515642825098e-26, -1.1763730740395496e-14, -0.1850021227591534, -1.4022493196341521e-14, 53.29878067147952, 0.1850021226039183, -2.0461158548547477e-14, 16.701219328450478, 0.1850021231486478, 1.0302031689265181e-13, -16.701219328460017, -0.18500212290898665, 1.73334096299249e-13, 16.701219328431048, -0.2002029316903024, 1.0324076993105626e-16, 0.5975492821689167, 0.20020293192561125, 3.57735538674072e-14, -0.5975492821362203, 0.20020293178546272, -1.3982459956561606e-13, 0.5975492822869939, -0.20020293199959938, -1.3389415359659e-13, -0.5975492822092009, 15.97554648627896, 3.804802946913757e-16, 0.1850021226039183, 54.02445351353142, -2.146658838409092e-15, -0.1850021224550243, -15.975546486212346, 8.294116226140319e-15, 0.18500212254595896, 15.975546486277484, -3.936960689342448e-14, -0.18500212252492326, 0.857871089321777, -7.327463497142684e-15, 0.029489342769436704, -0.8578710902450437, -1.9093836915633422e-14, -0.029489342813938665, -0.8578710887176304, 4.582060514746072e-14, 0.029489342644944436, 0.8578710896989732, 1.1893543242352471e-14, -0.02948934273283046, 2.146658793407235e-15, 4.671010269233261e-28, -2.0461158548547477e-14, -2.146658838409092e-15, 70.0, 2.0461158540353048e-14, -2.1466587180756577e-15, -8.242435688748698e-27, -2.046115854442697e-14, 2.146658774879474e-15, -1.0366181741213716e-26, 2.0461158542840147e-14, 4.135418419890325e-14, -1.323919701977472e-28, -1.4155550878269814e-14, -4.135418425079939e-14, -2.506637858899531e-28, 1.4155550880964683e-14, -4.135418413092736e-14, 7.345009289729308e-27, -1.4155550875970632e-14, 4.1354184190007454e-14, 8.749918917709698e-27, 1.4155550879208778e-14, 0.18500212261025784, 1.4022493205187239e-14, 16.701219328450478, -0.1850021224550243, 2.0461158540353048e-14, 53.29878067161949, -0.185002122999752, -1.0302031689781105e-13, 16.701219328390046, 0.18500212276009265, -1.7333409629488628e-13, -16.70121932836108, 0.20020293150932528, -1.0324076204573518e-16, -0.5975492821885537, -0.20020293174463544, -3.577355386651194e-14, 0.5975492821558585, -0.20020293160448713, 1.3982459956146168e-13, -0.597549282306634, 0.20020293181862434, 1.3389415359175582e-13, 0.5975492822288373, 15.975546486022735, 3.8048032591921086e-16, 0.1850021231486478, -15.975546486212346, -2.1466587180756577e-15, -0.185002122999752, 54.02445351404386, 8.294115933149768e-15, 0.18500212309068953, 15.975546486021262, -3.9369607153583805e-14, -0.1850021230696533, 0.8578710881150322, -7.327463608817996e-15, 0.029489342912808598, -0.8578710890382996, -1.9093836921009863e-14, -0.029489342957312, -0.8578710875108865, 4.58206053801489e-14, 0.02948934278831498, 0.8578710884922317, 1.1893543525261443e-14, -0.029489342876201592, -8.29411610613207e-15, -1.2927739412657622e-26, 1.0302031689265181e-13, 8.294116226140319e-15, -8.242435688748698e-27, -1.0302031689781105e-13, 8.294115933149768e-15, 70.0, 1.0302031687450933e-13, -8.294116049546472e-15, 8.22592899550116e-26, -1.030203168658545e-13, -7.540524804933213e-14, -3.096136370062688e-27, 3.6190948951823635e-15, 7.540524817645067e-14, 1.50279300056517e-26, -3.61909490039184e-15, 7.540524787557692e-14, -6.336755114456604e-26, 3.619094877195865e-15, -7.540524800531275e-14, -7.265260840682696e-26, -3.619094887080156e-15, -0.18500212270119332, -1.4022493191846106e-14, -16.701219328460017, 0.18500212254595896, -2.046115854442697e-14, 16.701219328390046, 0.18500212309068953, 1.0302031687450933e-13, 53.29878067160042, -0.18500212285102846, 1.7333409628325955e-13, 16.70121932837062, -0.20020293165707287, 1.0324076536685852e-16, 0.5975492821840357, 0.20020293189238036, 3.577355386519678e-14, -0.5975492821513397, 0.2002029317522333, -1.3982459955029923e-13, 0.5975492823021127, -0.20020293196636926, -1.3389415358013248e-13, -0.5975492822243176, -15.975546486087872, -3.8048032700970694e-16, -0.18500212290898665, 15.975546486277484, 2.146658774879474e-15, 0.18500212276009265, 15.975546486021262, -8.294116049546472e-15, -0.18500212285102846, 54.024453513913585, 3.936960704656764e-14, 0.18500212282999245, -0.8578710886038095, 7.327463553080208e-15, -0.029489342855123852, 0.8578710895270755, 1.909383691758629e-14, 0.0294893428996275, 0.8578710879996617, -4.582060528012342e-14, -0.029489342730634697, -0.8578710889810082, -1.1893543398729883e-14, 0.029489342818517787, 3.936960699858456e-14, -1.6505210130268404e-26, 1.73334096299249e-13, -3.936960689342448e-14, -1.0366181741213716e-26, -1.7333409629488628e-13, -3.9369607153583805e-14, 8.22592899550116e-26, 1.7333409628325955e-13, 3.936960704656764e-14, 70.0, -1.73334096276036e-13, -1.2188331478669314e-13, -3.475619471598631e-27, 4.6548351376134043e-14, 1.2188331488987926e-13, 2.178227542412609e-26, -4.654835138365825e-14, 1.2188331463379885e-13, -8.613645532164683e-26, 4.6548351361285485e-14, -1.218833147453917e-13, -9.46285414117235e-26, -4.654835137032157e-14, 0.18500212268015842, 1.4022493190624217e-14, 16.701219328431048, -0.18500212252492326, 2.0461158542840147e-14, -16.70121932836108, -0.1850021230696533, -1.030203168658545e-13, 16.70121932837062, 0.18500212282999245, -1.73334096276036e-13, 53.29878067165837, 0.20020293165388153, -1.0324076621351453e-16, -0.5975492821952153, -0.20020293188919036, -3.5773553865435595e-14, 0.5975492821625205, -0.20020293174904194, 1.398245995465273e-13, -0.5975492823132945, 0.20020293196317893, 1.338941535717541e-13, 0.5975492822355, -0.8578710888093594, -1.4952119292039238e-14, -0.2002029316903024, 0.857871089321777, 4.135418419890325e-14, 0.20020293150932528, 0.8578710881150322, -7.540524804933213e-14, -0.20020293165707287, -0.8578710886038095, -1.2188331478669314e-13, 0.20020293165388153, 53.943024531947906, -1.4363138895501493e-14, -0.3378705241900954, 16.05697546948972, 1.4768853541939737e-14, 0.3378705242451606, 16.05697546684185, 8.569182015865308e-14, -0.3378705241164831, -16.056975468331224, 8.390579345876364e-14, 0.33787052417256036, 7.327463534937237e-15, 1.1106293407752866e-27, 1.0324076993105626e-16, -7.327463497142684e-15, -1.323919701977472e-28, -1.0324076204573518e-16, -7.327463608817996e-15, -3.096136370062688e-27, 1.0324076536685852e-16, 7.327463553080208e-15, -3.475619471598631e-27, -1.0324076621351453e-16, -1.4363138895501493e-14, 70.0, 7.959603726723637e-15, 1.4363138939229196e-14, -1.220543595310505e-27, -7.959603728007298e-15, 1.436313883667347e-14, 2.8259007641037922e-27, 7.959603726097401e-15, -1.4363138889093516e-14, 3.4454810566563735e-27, -7.959603729021048e-15, -0.029489342815299382, 1.1763730735609352e-14, 0.5975492821689167, 0.029489342769436704, -1.4155550878269814e-14, -0.5975492821885537, 0.029489342912808598, 3.6190948951823635e-15, 0.5975492821840357, -0.029489342855123852, 4.6548351376134043e-14, -0.5975492821952153, -0.3378705241900954, 7.959603726723637e-15, 53.102714816316244, 0.3378705242669459, 3.4153733771592073e-15, 16.897285183689384, 0.3378705241992206, -3.895574876358208e-14, -16.897285183643145, -0.33787052427577013, -1.9771004320431835e-14, 16.897285183670437, 0.8578710897326253, 1.4952119289829187e-14, 0.20020293192561125, -0.8578710902450437, -4.135418425079939e-14, -0.20020293174463544, -0.8578710890382996, 7.540524817645067e-14, 0.20020293189238036, 0.8578710895270755, 1.2188331488987926e-13, -0.20020293188919036, 16.05697546948972, 1.4363138939229196e-14, 0.3378705242669459, 53.94302452907266, -1.4768853541864392e-14, -0.33787052432201115, -16.056975468279468, -8.569182024538706e-14, 0.3378705241933332, 16.056975469768854, -8.390579359233726e-14, -0.337870524249412, 1.9093836913833756e-14, -4.617982494505125e-27, 3.57735538674072e-14, -1.9093836915633422e-14, -2.506637858899531e-28, -3.577355386651194e-14, -1.9093836921009863e-14, 1.50279300056517e-26, 3.577355386519678e-14, 1.909383691758629e-14, 2.178227542412609e-26, -3.5773553865435595e-14, 1.4768853541939737e-14, -1.220543595310505e-27, 3.4153733771592073e-15, -1.4768853541864392e-14, 70.0, -3.4153733782602504e-15, -1.476885354190704e-14, -1.8335302408889347e-26, 3.415373376790212e-15, 1.4768853545579535e-14, -1.8678806679811372e-26, -3.4153733767326686e-15, 0.02948934285980212, -1.1763730736186787e-14, -0.5975492821362203, -0.029489342813938665, 1.4155550880964683e-14, 0.5975492821558585, -0.029489342957312, -3.61909490039184e-15, -0.5975492821513397, 0.0294893428996275, -4.654835138365825e-14, 0.5975492821625205, 0.3378705242451606, -7.959603728007298e-15, 16.897285183689384, -0.33787052432201115, -3.4153733782602504e-15, 53.102714816305, -0.33787052425428743, 3.8955748768870565e-14, 16.89728518364876, 0.3378705243308364, 1.977100432820831e-14, -16.897285183676054, 0.8578710882052117, 1.4952119319321875e-14, 0.20020293178546272, -0.8578710887176304, -4.135418413092736e-14, -0.20020293160448713, -0.8578710875108865, 7.540524787557692e-14, 0.2002029317522333, 0.8578710879996617, 1.2188331463379885e-13, -0.20020293174904194, 16.05697546684185, 1.436313883667347e-14, 0.3378705241992206, -16.056975468279468, -1.476885354190704e-14, -0.33787052425428743, 53.9430245343684, -8.569182002790433e-14, 0.3378705241256078, 16.056975467120964, -8.390579330161551e-14, -0.33787052418168684, -4.582060523598115e-14, 1.3353979455517922e-26, -1.3982459956561606e-13, 4.582060514746072e-14, 7.345009289729308e-27, 1.3982459956146168e-13, 4.58206053801489e-14, -6.336755114456604e-26, -1.3982459955029923e-13, -4.582060528012342e-14, -8.613645532164683e-26, 1.398245995465273e-13, 8.569182015865308e-14, 2.8259007641037922e-27, -3.895574876358208e-14, -8.569182024538706e-14, -1.8335302408889347e-26, 3.8955748768870565e-14, -8.569182002790433e-14, 70.0, -3.8955748752535325e-14, 8.569182012400233e-14, 7.383072370103629e-26, 3.895574876016735e-14, -0.02948934269080916, 1.176373074538908e-14, 0.5975492822869939, 0.029489342644944436, -1.4155550875970632e-14, -0.597549282306634, 0.02948934278831498, 3.619094877195865e-15, 0.5975492823021127, -0.029489342730634697, 4.6548351361285485e-14, -0.5975492823132945, -0.3378705241164831, 7.959603726097401e-15, -16.897285183643145, 0.3378705241933332, 3.415373376790212e-15, 16.89728518364876, 0.3378705241256078, -3.8955748752535325e-14, 53.10271481639747, -0.33787052420215735, -1.9771004310361438e-14, 16.897285183629823, -0.8578710891865589, -1.4952119307620916e-14, -0.20020293199959938, 0.8578710896989732, 4.1354184190007454e-14, 0.20020293181862434, 0.8578710884922317, -7.540524800531275e-14, -0.20020293196636926, -0.8578710889810082, -1.218833147453917e-13, 0.20020293196317893, -16.056975468331224, -1.4363138889093516e-14, -0.33787052427577013, 16.056975469768854, 1.4768853545579535e-14, 0.3378705243308364, 16.056975467120964, 8.569182012400233e-14, -0.33787052420215735, 53.94302453138964, 8.390579342412376e-14, 0.3378705242582361, -1.1893543342551817e-14, 1.4926515642825098e-26, -1.3389415359659e-13, 1.1893543242352471e-14, 8.749918917709698e-27, 1.3389415359175582e-13, 1.1893543525261443e-14, -7.265260840682696e-26, -1.3389415358013248e-13, -1.1893543398729883e-14, -9.46285414117235e-26, 1.338941535717541e-13, 8.390579345876364e-14, 3.4454810566563735e-27, -1.9771004320431835e-14, -8.390579359233726e-14, -1.8678806679811372e-26, 1.977100432820831e-14, -8.390579330161551e-14, 7.383072370103629e-26, -1.9771004310361438e-14, 8.390579342412376e-14, 70.0, 1.9771004315867183e-14, 0.02948934277869246, -1.1763730740395496e-14, -0.5975492822092009, -0.02948934273283046, 1.4155550879208778e-14, 0.5975492822288373, -0.029489342876201592, -3.619094887080156e-15, -0.5975492822243176, 0.029489342818517787, -4.654835137032157e-14, 0.5975492822355, 0.33787052417256036, -7.959603729021048e-15, 16.897285183670437, -0.337870524249412, -3.4153733767326686e-15, -16.897285183676054, -0.33787052418168684, 3.895574876016735e-14, 16.897285183629823, 0.3378705242582361, 1.9771004315867183e-14, 53.102714816342896]]}, {"__ndarray__": [[24], "float64", [9.837313375681653, 3.105222272150624, 0.14016987344158802, 1.613029572583953, 1.035074090716875, 4.195316321684653, 7.338201046716625, 1.035074090716875, 2.307912971004706, 4.11214190154889, 3.105222272150624, 2.0275732241215367, 1.3599459676318766, 3.105222272150624, 1.7625189618802495, 10.090396980633754, 1.035074090716875, 2.5729672332459983, 4.365225506500847, 1.035074090716875, 3.930262059443366, 7.08511744176463, 3.105222272150624, 0.40522413568287274]]}, {"__ndarray__": [[24], "float64", [1.857950835900455e-05, 1.7312786518214641e-15, -0.0001024299470852451, -1.8579508838302154e-05, -1.6509436359606603e-15, 0.00010242994707611091, -1.8579507755529977e-05, -1.7366554295860692e-15, -0.00010242994704728523, 1.85795081806294e-05, 1.791824186219829e-15, 0.00010242994701282733, 0.00013559264643613956, 1.2311907117218274e-15, -8.513785236665378e-06, -0.0001355926469428679, -1.2686083434865536e-15, 8.513785243598214e-06, -0.00013559264576275666, -1.3703539447987533e-15, -8.513785184373572e-06, 0.00013559264632368015, 1.2730989326747139e-15, 8.513785221039555e-06]]}, 0.2]