[{"__ndarray__": [[24, 24], "float64", [53.9947217910002, -2.0153585484986635e-14, -0.14609330596599593, 16.00527820885512, 3.0593867632444735e-14, 0.14609330600967108, 16.00527820986982, -5.608674319779255e-14, -0.14609330577067897, -16.00527820940589, 6.479478588411687e-14, 0.14609330587988506, -0.8718956868661851, -3.5947947509115384e-14, -0.014917163940293243, 0.8718956866587046, 1.8405245413499264e-14, 0.014917163854002491, 0.8718956873683278, -6.773676741797946e-14, -0.014917163875774422, -0.8718956873593446, 6.340348529819918e-14, 0.014917163711417478, -2.0153585484986635e-14, 70.0, -1.3448300410879135e-14, 2.0153585476713958e-14, -8.991934173717837e-27, 1.3448300403789497e-14, 2.0153585656276106e-14, -9.053371000999037e-27, -1.3448300370280737e-14, -2.015358557026833e-14, -6.192924785720728e-27, 1.3448300394471674e-14, 7.54508195471039e-14, 9.071617473187394e-27, -4.299277500251831e-14, -7.545081961460534e-14, -8.704620753084168e-27, 4.29927750030881e-14, -7.545081944872338e-14, 6.158698908753066e-27, -4.299277499963881e-14, 7.545081944065963e-14, 6.699928673238876e-27, 4.299277498210881e-14, -0.14609330596599593, -1.3448300410879135e-14, 53.32095489561005, 0.14609330597043887, 3.2968288543066945e-14, 16.67904510429209, 0.14609330663682307, 1.452621910773942e-13, -16.67904510427681, -0.1460933063824416, 4.789946416930053e-14, 16.67904510431011, -0.1756574942219627, -4.767059696761433e-14, 0.6419965680693498, 0.1756574939454994, 4.801762720165983e-15, -0.6419965680665293, 0.17565749459585422, -2.992391724532651e-14, 0.64199656809827, -0.17565749455981033, -1.3925117467259393e-13, -0.6419965681743036, 16.00527820885512, 2.0153585476713958e-14, 0.14609330597043887, 53.994721791289535, -3.0593867626192287e-14, -0.14609330601411397, -16.005278209725155, 5.608674320207919e-14, 0.1460933057751217, 16.005278209261224, -6.479478588486895e-14, -0.14609330588432826, 0.8718956872060295, 3.594794750489237e-14, 0.014917163785872753, -0.8718956869985485, -1.840524540695355e-14, -0.014917163699581154, -0.8718956877081696, 6.773676741861173e-14, 0.014917163721352919, 0.8718956876991871, -6.340348530261516e-14, -0.014917163556998667, 3.0593867632444735e-14, -8.991934173717837e-27, 3.2968288543066945e-14, -3.0593867626192287e-14, 70.0, -3.296828852572978e-14, -3.059386767763477e-14, 8.75260116686054e-27, 3.296828853248655e-14, 3.0593867660090056e-14, 1.0706973907937934e-26, -3.2968288528454976e-14, -1.0057664861924292e-13, -1.1496425452135906e-26, 4.261744942688981e-14, 1.0057664862639087e-13, 5.9790834311307656e-27, -4.26174494337968e-14, 1.0057664858952228e-13, -1.0482485172197345e-26, 4.261744942477104e-14, -1.0057664857956601e-13, -6.12255243752838e-27, -4.261744942134771e-14, 0.14609330600967108, 1.3448300403789497e-14, 16.67904510429209, -0.14609330601411397, -3.296828852572978e-14, 53.32095489580578, -0.14609330668049958, -1.4526219105662748e-13, 16.679045104178943, 0.146093306426119, -4.789946416671063e-14, -16.67904510421225, 0.17565749430497984, 4.7670596951265915e-14, -0.6419965681305733, -0.17565749402851488, -4.801762715856158e-15, 0.6419965681277517, -0.1756574946788711, 2.992391724367714e-14, -0.641996568159495, 0.17565749464282637, 1.3925117465273571e-13, 0.6419965682355286, 16.00527820986982, 2.0153585656276106e-14, 0.14609330663682307, -16.005278209725155, -3.059386767763477e-14, -0.14609330668049958, 53.99472178926014, 5.608674312126726e-14, 0.14609330644150614, 16.00527821027593, -6.479478581176299e-14, -0.1460933065507114, 0.8718956842524632, 3.594794753799882e-14, 0.014917165230323173, -0.8718956840449821, -1.8405245561442465e-14, -0.01491716514403249, -0.8718956847546052, 6.773676735614868e-14, 0.014917165165805532, 0.8718956847456206, -6.340348523731348e-14, -0.014917165001449129, -5.608674319779255e-14, -9.053371000999037e-27, 1.452621910773942e-13, 5.608674320207919e-14, 8.75260116686054e-27, -1.4526219105662748e-13, 5.608674312126726e-14, 70.0, 1.4526219105230799e-13, -5.6086743161218825e-14, 7.974806422752489e-27, -1.4526219106402538e-13, -3.784018426788262e-14, -1.1154049495184252e-26, 1.3585573634302118e-13, 3.7840184296306504e-14, 6.3126645220034654e-27, -1.3585573635149234e-13, 3.7840184223124105e-14, -4.8265460197954654e-27, 1.3585573634277334e-13, -3.784018421738607e-14, -2.9766372967323156e-26, -1.3585573633314184e-13, -0.14609330577067897, -1.3448300370280737e-14, -16.67904510427681, 0.1460933057751217, 3.296828853248655e-14, 16.679045104178943, 0.14609330644150614, 1.4526219105230799e-13, 53.32095489583635, -0.14609330618712463, 4.789946418791189e-14, 16.67904510419697, -0.17565749495220961, -4.767059696091283e-14, 0.6419965684407203, 0.17565749467574582, 4.80176268549602e-15, -0.6419965684379016, 0.1756574953261018, -2.9923917261716175e-14, 0.6419965684696448, -0.1756574952900573, -1.3925117465134957e-13, -0.6419965685456765, -16.00527820940589, -2.015358557026833e-14, -0.1460933063824416, 16.005278209261224, 3.0593867660090056e-14, 0.146093306426119, 16.00527821027593, -5.6086743161218825e-14, -0.14609330618712463, 53.994721790188, 6.479478586033924e-14, 0.14609330629633033, -0.8718956858303422, -3.5947947529749353e-14, -0.01491716442449717, 0.8718956856228626, 1.8405245486260348e-14, 0.014917164338205793, 0.8718956863324855, -6.773676739914117e-14, -0.014917164359977392, -0.8718956863235008, 6.340348527083386e-14, 0.014917164195622098, 6.479478588411687e-14, -6.192924785720728e-27, 4.789946416930053e-14, -6.479478588486895e-14, 1.0706973907937934e-26, -4.789946416671063e-14, -6.479478581176299e-14, 7.974806422752489e-27, 4.789946418791189e-14, 6.479478586033924e-14, 70.0, -4.7899464169967477e-14, -1.1199515442947827e-13, -1.1473016020527834e-26, 4.496755327120422e-14, 1.1199515439113218e-13, 3.630851553605685e-27, -4.496755327470643e-14, 1.1199515446120988e-13, -1.2098446470470316e-26, 4.496755327080391e-14, -1.119951544609364e-13, -5.619778302431034e-27, -4.4967553279228464e-14, 0.14609330587988506, 1.3448300394471674e-14, 16.67904510431011, -0.14609330588432826, -3.2968288528454976e-14, -16.67904510421225, -0.1460933065507114, -1.4526219106402538e-13, 16.67904510419697, 0.14609330629633033, -4.7899464169967477e-14, 53.32095489576974, 0.17565749451254958, 4.7670596955171496e-14, -0.6419965681865674, -0.17565749423608518, -4.801762707267047e-15, 0.6419965681837468, -0.17565749488644095, 2.992391724543075e-14, -0.6419965682154877, 0.17565749485039733, 1.3925117466091165e-13, 0.6419965682915236, -0.8718956868661851, 7.54508195471039e-14, -0.1756574942219627, 0.8718956872060295, -1.0057664861924292e-13, 0.17565749430497984, 0.8718956842524632, -3.784018426788262e-14, -0.17565749495220961, -0.8718956858303422, -1.1199515442947827e-13, 0.17565749451254958, 53.657682859083515, 1.0430535529987232e-13, -0.2949499090678554, 16.34231714192147, -5.138416005586679e-14, 0.29494990907462193, 16.342317139410607, 1.1213231068203915e-13, -0.29494990904495055, -16.342317139212305, 1.437967340769537e-14, 0.2949499093688888, -3.5947947509115384e-14, 9.071617473187394e-27, -4.767059696761433e-14, 3.594794750489237e-14, -1.1496425452135906e-26, 4.7670596951265915e-14, 3.594794753799882e-14, -1.1154049495184252e-26, -4.767059696091283e-14, -3.5947947529749353e-14, -1.1473016020527834e-26, 4.7670596955171496e-14, 1.0430535529987232e-13, 70.0, -5.46496835660481e-14, -1.0430535530157145e-13, -6.026848211114643e-27, 5.464968357255575e-14, -1.0430535527955548e-13, 1.0887710731382001e-26, -5.4649683564112906e-14, 1.0430535527100504e-13, 8.488440716835771e-27, 5.4649683562310453e-14, -0.014917163940293243, -4.299277500251831e-14, 0.6419965680693498, 0.014917163785872753, 4.261744942688981e-14, -0.6419965681305733, 0.014917165230323173, 1.3585573634302118e-13, 0.6419965684407203, -0.01491716442449717, 4.496755327120422e-14, -0.6419965681865674, -0.2949499090678554, -5.46496835660481e-14, 53.11804884141187, 0.29494990851877045, 3.083019544928652e-14, 16.881951158653003, 0.29494990979090724, -3.086289206839014e-14, -16.88195115862749, -0.29494990993201875, -1.2609577708339455e-13, 16.881951158528167, 0.8718956866587046, -7.545081961460534e-14, 0.1756574939454994, -0.8718956869985485, 1.0057664862639087e-13, -0.17565749402851488, -0.8718956840449821, 3.7840184296306504e-14, 0.17565749467574582, 0.8718956856228626, 1.1199515439113218e-13, -0.17565749423608518, 16.34231714192147, -1.0430535530157145e-13, 0.29494990851877045, 53.65768285707353, 5.138416011552376e-14, -0.2949499085255383, -16.342317140415588, -1.121323106479759e-13, 0.2949499084958635, 16.342317140217293, -1.4379673430182083e-14, -0.2949499088198035, 1.8405245413499264e-14, -8.704620753084168e-27, 4.801762720165983e-15, -1.840524540695355e-14, 5.9790834311307656e-27, -4.801762715856158e-15, -1.8405245561442465e-14, 6.3126645220034654e-27, 4.80176268549602e-15, 1.8405245486260348e-14, 3.630851553605685e-27, -4.801762707267047e-15, -5.138416005586679e-14, -6.026848211114643e-27, 3.083019544928652e-14, 5.138416011552376e-14, 70.0, -3.083019544862e-14, 5.1384159972023395e-14, -3.652163758907578e-27, 3.0830195446595126e-14, -5.138415996585468e-14, -4.679353124430654e-27, -3.0830195431586725e-14, 0.014917163854002491, 4.29927750030881e-14, -0.6419965680665293, -0.014917163699581154, -4.26174494337968e-14, 0.6419965681277517, -0.01491716514403249, -1.3585573635149234e-13, -0.6419965684379016, 0.014917164338205793, -4.496755327470643e-14, 0.6419965681837468, 0.29494990907462193, 5.464968357255575e-14, 16.881951158653003, -0.2949499085255383, -3.083019544862e-14, 53.118048841282125, -0.2949499097976751, 3.0862892071486326e-14, 16.88195115869237, 0.2949499099387883, 1.2609577709142477e-13, -16.881951158593047, 0.8718956873683278, -7.545081944872338e-14, 0.17565749459585422, -0.8718956877081696, 1.0057664858952228e-13, -0.1756574946788711, -0.8718956847546052, 3.7840184223124105e-14, 0.1756574953261018, 0.8718956863324855, 1.1199515446120988e-13, -0.17565749488644095, 16.342317139410607, -1.0430535527955548e-13, 0.29494990979090724, -16.342317140415588, 5.1384159972023395e-14, -0.2949499097976751, 53.65768286209528, -1.1213231070834211e-13, 0.29494990976800023, 16.342317137706424, -1.437967337223582e-14, -0.29494991009193877, -6.773676741797946e-14, 6.158698908753066e-27, -2.992391724532651e-14, 6.773676741861173e-14, -1.0482485172197345e-26, 2.992391724367714e-14, 6.773676735614868e-14, -4.8265460197954654e-27, -2.9923917261716175e-14, -6.773676739914117e-14, -1.2098446470470316e-26, 2.992391724543075e-14, 1.1213231068203915e-13, 1.0887710731382001e-26, -3.086289206839014e-14, -1.121323106479759e-13, -3.652163758907578e-27, 3.0862892071486326e-14, -1.1213231070834211e-13, 70.0, -3.086289206792235e-14, 1.1213231070716694e-13, 2.4924052744889495e-27, 3.0862892075282054e-14, -0.014917163875774422, -4.299277499963881e-14, 0.64199656809827, 0.014917163721352919, 4.261744942477104e-14, -0.641996568159495, 0.014917165165805532, 1.3585573634277334e-13, 0.6419965684696448, -0.014917164359977392, 4.496755327080391e-14, -0.6419965682154877, -0.29494990904495055, -5.4649683564112906e-14, -16.88195115862749, 0.2949499084958635, 3.0830195446595126e-14, 16.88195115869237, 0.29494990976800023, -3.086289206792235e-14, 53.11804884133314, -0.2949499099091134, -1.2609577708319202e-13, 16.88195115856755, -0.8718956873593446, 7.545081944065963e-14, -0.17565749455981033, 0.8718956876991871, -1.0057664857956601e-13, 0.17565749464282637, 0.8718956847456206, -3.784018421738607e-14, -0.1756574952900573, -0.8718956863235008, -1.119951544609364e-13, 0.17565749485039733, -16.342317139212305, 1.0430535527100504e-13, -0.29494990993201875, 16.342317140217293, -5.138415996585468e-14, 0.2949499099387883, 16.342317137706424, 1.1213231070716694e-13, -0.2949499099091134, 53.65768286249188, 1.4379673367748135e-14, 0.2949499102330517, 6.340348529819918e-14, 6.699928673238876e-27, -1.3925117467259393e-13, -6.340348530261516e-14, -6.12255243752838e-27, 1.3925117465273571e-13, -6.340348523731348e-14, -2.9766372967323156e-26, -1.3925117465134957e-13, 6.340348527083386e-14, -5.619778302431034e-27, 1.3925117466091165e-13, 1.437967340769537e-14, 8.488440716835771e-27, -1.2609577708339455e-13, -1.4379673430182083e-14, -4.679353124430654e-27, 1.2609577709142477e-13, -1.437967337223582e-14, 2.4924052744889495e-27, -1.2609577708319202e-13, 1.4379673367748135e-14, 70.0, 1.260957770753175e-13, 0.014917163711417478, 4.299277498210881e-14, -0.6419965681743036, -0.014917163556998667, -4.261744942134771e-14, 0.6419965682355286, -0.014917165001449129, -1.3585573633314184e-13, -0.6419965685456765, 0.014917164195622098, -4.4967553279228464e-14, 0.6419965682915236, 0.2949499093688888, 5.4649683562310453e-14, 16.881951158528167, -0.2949499088198035, -3.0830195431586725e-14, -16.881951158593047, -0.29494991009193877, 3.0862892075282054e-14, 16.88195115856755, 0.2949499102330517, 1.260957770753175e-13, 53.11804884153177]]}, {"__ndarray__": [[24], "float64", [9.921118438035675, 3.1334515655338118, 0.13885235725354694, 1.633318537032325, 1.0444838551779374, 4.236047348737455, 7.410537024566102, 1.0444838551779374, 2.326302210248984, 4.143899950501695, 3.1334515655338118, 2.0485974957419617, 1.3895808686468278, 3.1334515655338118, 1.7558887684862752, 10.164856106421205, 1.0444838551779374, 2.619010937504717, 4.387637618887068, 1.0444838551779374, 3.9433386214818116, 7.166799356180949, 3.1334515655338118, 0.43156108450920355]]}, {"__ndarray__": [[24], "float64", [-2.452254062167657e-05, 1.287425631406768e-15, -1.1395926077222484e-05, 2.4522540472182112e-05, -1.115960288289199e-15, 1.1395925988121015e-05, 2.452254228156982e-05, -1.2574446779541815e-15, -1.1395925637897042e-05, -2.4522541290001774e-05, 1.3595210968775137e-15, 1.1395925909106529e-05, 0.00013306321331095928, 8.450369236230291e-16, -8.520119143598634e-05, -0.0001330632140369185, -1.039390775619055e-15, 8.520119145950193e-05, -0.00013306321243543762, -1.099018767868063e-15, -8.520119144240688e-05, 0.0001330632123193406, 1.0157567107106138e-15, 8.520119123678436e-05]]}, 0.2]