[{"__ndarray__": [[24, 24], "float64", [53.945553567265186, 4.005667020079497e-14, -0.15560848574824127, 16.054446443150052, -5.861667656632598e-14, 0.15560848877619976, 16.054446446751694, -2.8850518641249145e-14, -0.1556084873413056, -16.054446434654363, -1.606590423611705e-14, 0.15560848592814497, -0.8445445385138667, 5.896478184321424e-14, -0.049226147105098414, 0.8445445242160735, -1.80764718315702e-14, 0.049226146043765046, 0.844544532206477, -5.116153364168681e-15, -0.0492261475694899, -0.8445445391439815, 1.1469844071516404e-14, 0.04922614692861295, 4.005667020079497e-14, 70.0, 5.922903073160642e-14, -4.00566702021049e-14, -1.8056563154254526e-26, -5.922903086624897e-14, -4.005667040767601e-14, -2.4024861318822056e-26, 5.922903079063374e-14, 4.0056670168930033e-14, -9.528741662484328e-28, -5.922903072090248e-14, 7.011064644589961e-14, 1.741920382766889e-26, -1.4282827487526003e-14, -7.01106462298493e-14, -1.0247816789876386e-26, 1.4282827536818577e-14, -7.011064649199229e-14, -5.699305040281035e-27, -1.4282827556876716e-14, 7.01106464980851e-14, 1.3628176939156713e-26, 1.4282827546213128e-14, -0.15560848574824127, 5.922903073160642e-14, 53.432391772190826, 0.15560849232401464, -3.8124307189094434e-14, 16.5676082296674, 0.15560849498517493, -5.77199464457804e-14, -16.567608228763767, -0.1556084872236927, 2.130631713971572e-14, 16.5676082278305, -0.1409368632114537, 3.063366895260616e-14, 0.5317908293715481, 0.14093685428451996, -2.2970520330171314e-14, -0.5317908299739444, 0.14093685940483175, -3.155034960772165e-14, 0.5317908290838719, -0.1409368637537235, 2.5405135460298774e-14, -0.5317908295097169, 16.054446443150052, -4.00566702021049e-14, 0.15560849232401464, 53.945553546434724, 5.861667688525607e-14, -0.1556084953519754, -16.054446457166943, 2.885051849324887e-14, 0.15560849391707865, 16.054446445069605, 1.60659043696296e-14, -0.15560849250391884, 0.8445445505370154, -5.896478213734287e-14, 0.04922614910310444, -0.8445445362392202, 1.8076471834860626e-14, -0.049226148041771195, -0.8445445442296211, 5.1161532964362194e-15, 0.04922614956749502, 0.8445445511671283, -1.1469843953286463e-14, -0.049226148926618196, -5.861667656632598e-14, -1.8056563154254526e-26, -3.8124307189094434e-14, 5.861667688525607e-14, 70.0, 3.812430726196977e-14, 5.861667720612325e-14, 1.819407801602687e-26, -3.812430721631702e-14, -5.861667674544441e-14, 7.44000155768483e-27, 3.812430717029235e-14, -5.705325954540685e-14, -2.3057581575202385e-26, -1.993138052170095e-14, 5.705325907442388e-14, 9.116674850242776e-27, 1.99313805020176e-14, 5.705325941129878e-14, 8.517160401987426e-28, -1.9931380517633178e-14, -5.705325968452295e-14, -1.0792667049545361e-26, 1.9931380504679246e-14, 0.15560848877619976, -5.922903086624897e-14, 16.5676082296674, -0.1556084953519754, 3.812430726196977e-14, 53.43239176847436, -0.1556084980131327, 5.7719946615158e-14, 16.567608230621993, 0.1556084902516504, -2.13063170738889e-14, -16.567608229688727, 0.1409368665999362, -3.0633669024269224e-14, -0.5317908287482981, -0.1409368576730003, 2.2970520343175856e-14, 0.5317908293506928, -0.14093686279331324, 3.155034963480179e-14, -0.5317908284606196, 0.140936867142204, -2.540513558010038e-14, 0.5317908288864647, 16.054446446751694, -4.005667040767601e-14, 0.15560849498517493, -16.054446457166943, 5.861667720612325e-14, -0.1556084980131327, 53.94555353923142, 2.8850518689333284e-14, 0.1556084965782365, 16.054446448671246, 1.6065904661256293e-14, -0.1556084951650773, 0.8445445551636641, -5.896478246162221e-14, 0.049226149509874556, -0.8445445408658717, 1.807647181787369e-14, -0.049226148448540306, -0.8445445488562716, 5.116153261450409e-15, 0.049226149974265845, 0.8445445557937797, -1.1469844107673825e-14, -0.049226149333387564, -2.8850518641249145e-14, -2.4024861318822056e-26, -5.77199464457804e-14, 2.885051849324887e-14, 1.819407801602687e-26, 5.7719946615158e-14, 2.8850518689333284e-14, 70.0, -5.771994652408256e-14, -2.8850518508080576e-14, 2.0738249446977597e-28, 5.77199464391505e-14, -9.006322274800128e-14, -1.7414387503997335e-26, 2.7575207633026513e-14, 9.006322258035788e-14, 1.1013095715488767e-26, -2.757520769525689e-14, 9.00632228822911e-14, 6.552988246339729e-27, 2.7575207741528764e-14, -9.00632227722931e-14, -1.5042722032612738e-26, -2.7575207719824377e-14, -0.1556084873413056, 5.922903079063374e-14, -16.567608228763767, 0.15560849391707865, -3.812430721631702e-14, 16.567608230621993, 0.1556084965782365, -5.771994652408256e-14, 53.432391770281626, -0.15560848881675482, 2.1306317112611806e-14, 16.56760822878509, -0.1409368650324917, 3.063366898122224e-14, 0.5317908290380555, 0.14093685610555923, -2.2970520337434047e-14, -0.5317908296404518, 0.14093686122587107, -3.155034962001155e-14, 0.5317908287503764, -0.1409368655747607, 2.540513551574407e-14, -0.5317908291762224, -16.054446434654363, 4.0056670168930033e-14, -0.1556084872236927, 16.054446445069605, -5.861667674544441e-14, 0.1556084902516504, 16.054446448671246, -2.8850518508080576e-14, -0.15560848881675482, 53.9455535634261, -1.6065904324520113e-14, 0.15560848740359717, -0.844544540861112, 5.896478200418323e-14, -0.04922614736160324, 0.8445445265633194, -1.8076471811980896e-14, 0.0492261463002699, 0.8445445345537185, -5.116153312797971e-15, -0.04922614782599438, -0.8445445414912256, 1.1469843974479167e-14, 0.04922614718511688, -1.606590423611705e-14, -9.528741662484328e-28, 2.130631713971572e-14, 1.60659043696296e-14, 7.44000155768483e-27, -2.13063170738889e-14, 1.6065904661256293e-14, 2.0738249446977597e-28, 2.1306317112611806e-14, -1.6065904324520113e-14, 70.0, -2.1306317156438444e-14, -2.0590951665798708e-14, -8.407378428404538e-27, -1.3140497118621182e-14, 2.0590951325112453e-14, 1.2203413633849985e-27, 1.3140497104056752e-14, 2.0590951639620864e-14, -3.292310343181241e-27, -1.314049708692879e-14, -2.0590951777754813e-14, -7.391443133821936e-28, 1.3140497087668724e-14, 0.15560848592814497, -5.922903072090248e-14, 16.5676082278305, -0.15560849250391884, 3.812430717029235e-14, -16.567608229688727, -0.1556084951650773, 5.77199464391505e-14, 16.56760822878509, 0.15560848740359717, -2.1306317156438444e-14, 53.432391772148165, 0.14093686344290485, -3.063366893606711e-14, -0.5317908293071555, -0.14093685451597054, 2.2970520334306712e-14, 0.5317908299095511, -0.14093685963628366, 3.1550349609120875e-14, -0.5317908290194756, 0.1409368639851764, -2.5405135454556864e-14, 0.5317908294453221, -0.8445445385138667, 7.011064644589961e-14, -0.1409368632114537, 0.8445445505370154, -5.705325954540685e-14, 0.1409368665999362, 0.8445445551636641, -9.006322274800128e-14, -0.1409368650324917, -0.844544540861112, -2.0590951665798708e-14, 0.14093686344290485, 53.80134281189732, 5.985830144303388e-14, -0.3553357186733742, 16.198657171192497, -3.726854547310532e-14, 0.35533571747707615, 16.198657180865613, -3.3997589306570336e-15, -0.35533571916698975, -16.198657189097165, 6.144622108045816e-14, 0.35533571844432055, 5.896478184321424e-14, 1.741920382766889e-26, 3.063366895260616e-14, -5.896478213734287e-14, -2.3057581575202385e-26, -3.0633669024269224e-14, -5.896478246162221e-14, -1.7414387503997335e-26, 3.063366898122224e-14, 5.896478200418323e-14, -8.407378428404538e-27, -3.063366893606711e-14, 5.985830144303388e-14, 70.0, 2.0715708119405895e-14, -5.985830095739495e-14, -8.957338113690607e-27, -2.0715708101371856e-14, -5.98583013201933e-14, -9.785394664884707e-29, 2.0715708109080185e-14, 5.985830157870927e-14, 1.0474505439702526e-26, -2.0715708097230516e-14, -0.049226147105098414, -1.4282827487526003e-14, 0.5317908293715481, 0.04922614910310444, -1.993138052170095e-14, -0.5317908287482981, 0.049226149509874556, 2.7575207633026513e-14, 0.5317908290380555, -0.04922614736160324, -1.3140497118621182e-14, -0.5317908293071555, -0.3553357186733742, 2.0715708119405895e-14, 53.12549769000343, 0.3553357160797758, 6.230665028635226e-15, 16.874502309754607, 0.35533571735711833, 8.978435267011274e-15, -16.87450231010668, -0.3553357186667381, -1.9534652718086698e-14, 16.87450230999902, 0.8445445242160735, -7.01106462298493e-14, 0.14093685428451996, -0.8445445362392202, 5.705325907442388e-14, -0.1409368576730003, -0.8445445408658717, 9.006322258035788e-14, 0.14093685610555923, 0.8445445265633194, 2.0590951325112453e-14, -0.14093685451597054, 16.198657171192497, -5.985830095739495e-14, 0.3553357160797758, 53.80134284571769, 3.72685454405352e-14, -0.3553357148834774, -16.19865716395544, 3.399759007713093e-15, 0.3553357165733917, 16.19865717218699, -6.144622095510919e-14, -0.3553357158507219, -1.80764718315702e-14, -1.0247816789876386e-26, -2.2970520330171314e-14, 1.8076471834860626e-14, 9.116674850242776e-27, 2.2970520343175856e-14, 1.807647181787369e-14, 1.1013095715488767e-26, -2.2970520337434047e-14, -1.8076471811980896e-14, 1.2203413633849985e-27, 2.2970520334306712e-14, -3.726854547310532e-14, -8.957338113690607e-27, 6.230665028635226e-15, 3.72685454405352e-14, 70.0, -6.2306650335712515e-15, 3.726854546448532e-14, 2.15849240976218e-27, 6.230665032591448e-15, -3.726854545906341e-14, -6.352181848451114e-27, -6.230665035968063e-15, 0.049226146043765046, 1.4282827536818577e-14, -0.5317908299739444, -0.049226148041771195, 1.99313805020176e-14, 0.5317908293506928, -0.049226148448540306, -2.757520769525689e-14, -0.5317908296404518, 0.0492261463002699, 1.3140497104056752e-14, 0.5317908299095511, 0.35533571747707615, -2.0715708101371856e-14, 16.874502309754607, -0.3553357148834774, -6.2306650335712515e-15, 53.12549769048736, -0.35533571616082127, -8.978435282024799e-15, 16.87450230986473, 0.35533571747044124, 1.9534652760273512e-14, -16.874502309757066, 0.844544532206477, -7.011064649199229e-14, 0.14093685940483175, -0.8445445442296211, 5.705325941129878e-14, -0.14093686279331324, -0.8445445488562716, 9.00632228822911e-14, 0.14093686122587107, 0.8445445345537185, 2.0590951639620864e-14, -0.14093685963628366, 16.198657180865613, -5.98583013201933e-14, 0.35533571735711833, -16.19865716395544, 3.726854546448532e-14, -0.35533571616082127, 53.80134282637144, 3.3997589698085664e-15, 0.35533571785073503, 16.198657181860113, -6.144622118681951e-14, -0.3553357171280644, -5.116153364168681e-15, -5.699305040281035e-27, -3.155034960772165e-14, 5.1161532964362194e-15, 8.517160401987426e-28, 3.155034963480179e-14, 5.116153261450409e-15, 6.552988246339729e-27, -3.155034962001155e-14, -5.116153312797971e-15, -3.292310343181241e-27, 3.1550349609120875e-14, -3.3997589306570336e-15, -9.785394664884707e-29, 8.978435267011274e-15, 3.399759007713093e-15, 2.15849240976218e-27, -8.978435282024799e-15, 3.3997589698085664e-15, 70.0, 8.978435284109042e-15, -3.399758907753227e-15, -3.313085081141713e-27, -8.97843527704276e-15, -0.0492261475694899, -1.4282827556876716e-14, 0.5317908290838719, 0.04922614956749502, -1.9931380517633178e-14, -0.5317908284606196, 0.049226149974265845, 2.7575207741528764e-14, 0.5317908287503764, -0.04922614782599438, -1.314049708692879e-14, -0.5317908290194756, -0.35533571916698975, 2.0715708109080185e-14, -16.87450231010668, 0.3553357165733917, 6.230665032591448e-15, 16.87450230986473, 0.35533571785073503, 8.978435284109042e-15, 53.1254976897832, -0.355335719160355, -1.9534652798875212e-14, 16.874502310109143, -0.8445445391439815, 7.01106464980851e-14, -0.1409368637537235, 0.8445445511671283, -5.705325968452295e-14, 0.140936867142204, 0.8445445557937797, -9.00632227722931e-14, -0.1409368655747607, -0.8445445414912256, -2.0590951777754813e-14, 0.1409368639851764, -16.198657189097165, 5.985830157870927e-14, -0.3553357186667381, 16.19865717218699, -3.726854545906341e-14, 0.35533571747044124, 16.198657181860113, -3.399758907753227e-15, -0.355335719160355, 53.80134280990835, 6.144622110204874e-14, 0.3553357184376842, 1.1469844071516404e-14, 1.3628176939156713e-26, 2.5405135460298774e-14, -1.1469843953286463e-14, -1.0792667049545361e-26, -2.540513558010038e-14, -1.1469844107673825e-14, -1.5042722032612738e-26, 2.540513551574407e-14, 1.1469843974479167e-14, -7.391443133821936e-28, -2.5405135454556864e-14, 6.144622108045816e-14, 1.0474505439702526e-26, -1.9534652718086698e-14, -6.144622095510919e-14, -6.352181848451114e-27, 1.9534652760273512e-14, -6.144622118681951e-14, -3.313085081141713e-27, -1.9534652798875212e-14, 6.144622110204874e-14, 70.0, 1.953465278238371e-14, 0.04922614692861295, 1.4282827546213128e-14, -0.5317908295097169, -0.049226148926618196, 1.9931380504679246e-14, 0.5317908288864647, -0.049226149333387564, -2.7575207719824377e-14, -0.5317908291762224, 0.04922614718511688, 1.3140497087668724e-14, 0.5317908294453221, 0.35533571844432055, -2.0715708097230516e-14, 16.87450230999902, -0.3553357158507219, -6.230665035968063e-15, -16.874502309757066, -0.3553357171280644, -8.97843527704276e-15, 16.874502310109143, 0.3553357184376842, 1.953465278238371e-14, 53.125497689998525]]}, {"__ndarray__": [[24], "float64", [9.873434794212441, 3.1177686247653753, 0.1427497124114923, 1.6231721659653529, 1.039256208255125, 4.210253598654651, 7.371475646054276, 1.039256208255125, 2.3192513679445574, 4.125131314123565, 3.1177686247653753, 2.033751943121567, 1.3702196022957949, 3.1177686247653753, 1.752498029739184, 10.126387357881912, 1.039256208255125, 2.600505281326951, 4.37808387779307, 1.039256208255125, 3.928999685272261, 7.118523082384645, 3.1177686247653753, 0.4240036257938756]]}, {"__ndarray__": [[24], "float64", [-6.624366293842647e-05, 9.979971163776429e-18, -9.005848925560246e-05, 6.624366275629576e-05, -1.6216709905070123e-17, 9.005848920991245e-05, 6.624366229394851e-05, -1.3624784215433045e-17, -9.005848924684254e-05, -6.62436627439142e-05, -2.1763765297284582e-17, 9.005848929327263e-05, -7.737829551422303e-05, 1.9335773206167563e-17, 1.1217969290489504e-05, 7.737829591947568e-05, -6.345836462036849e-18, -1.1217969292138088e-05, 7.737829553449132e-05, 1.278032026110217e-17, 1.1217969258488897e-05, -7.737829530764587e-05, 1.24763969441347e-17, -1.1217969257578872e-05]]}, 0.2]