[{"__ndarray__": [[24, 24], "float64", [53.9947206516521, 1.2616118619591375e-14, -0.24353493338108106, 16.00527934880645, 3.100369638247218e-14, 0.24353493355613748, 16.005279349572273, -6.011236190236444e-14, -0.24353493367119222, -16.005279349271998, 2.2645829566378404e-14, 0.24353493352263386, -0.8980646393283598, -3.160585530576e-14, -0.08425850870079636, 0.8980646387156554, -2.8533231958522544e-14, 0.08425850863037808, 0.8980646396818723, -2.337214692659619e-14, -0.08425850873815253, -0.8980646398650558, 7.792955654368923e-14, 0.08425850879077734, 1.2616118619591375e-14, 70.0, 1.7931198865053633e-14, -1.2616118625205224e-14, 1.4429219361338478e-27, -1.7931198867176095e-14, -1.2616118641361611e-14, -2.3559437430351758e-27, 1.7931198865402584e-14, 1.2616118637449402e-14, 1.2159706725837e-27, -1.793119886411517e-14, -9.033715768406077e-15, -1.2184564956429537e-27, 1.249379598000839e-14, 9.033715773421625e-15, -1.4848079140472769e-27, -1.2493795978801639e-14, 9.033715758519184e-15, -1.5171820359299997e-27, 1.2493795980100711e-14, -9.033715754261526e-15, 3.2711941832338156e-27, -1.2493795980121871e-14, -0.24353493338108106, 1.7931198865053633e-14, 53.329404183346384, 0.24353493379557647, 3.7823248313953746e-14, 16.67059581679233, 0.2435349346302581, -5.846864292249357e-14, -16.67059581691251, -0.24353493428330203, 3.2961111536708826e-14, 16.670595816770486, -0.16312482295752356, -2.960276085058604e-14, 0.6172575275744191, 0.1631248224137335, -3.704020208154906e-14, -0.6172575276574008, 0.1631248233810519, -4.458420801346294e-14, 0.6172575275348874, -0.1631248235260035, 8.165048363867603e-14, -0.6172575275042428, 16.00527934880645, -1.2616118625205224e-14, 0.24353493379557647, 53.99472065073498, -3.100369638882999e-14, -0.24353493397063344, -16.005279350030822, 6.011236190400013e-14, 0.24353493408568738, 16.00527934973055, -2.264582956427092e-14, -0.24353493393713027, 0.8980646393063705, 3.160585531460106e-14, 0.08425850905424889, -0.8980646386936639, 2.853323196895106e-14, -0.08425850898383061, -0.8980646396598837, 2.3372146920806264e-14, 0.08425850909160718, 0.8980646398430657, -7.792955654982245e-14, -0.08425850914422871, 3.100369638247218e-14, 1.4429219361338478e-27, 3.7823248313953746e-14, -3.100369638882999e-14, 70.0, -3.782324831645927e-14, -3.1003696408054255e-14, -5.045730660773213e-27, 3.7823248317326455e-14, 3.100369640110194e-14, 2.6717507969528746e-27, -3.782324831554953e-14, -2.7068878367794102e-14, -2.6565593406401174e-27, 2.6040323819206927e-14, 2.706887837638032e-14, -3.1378690416734594e-27, -2.6040323818525976e-14, 2.7068878355547705e-14, -3.3775857515399384e-27, 2.6040323819458097e-14, -2.7068878352237213e-14, 7.004462122325893e-27, -2.6040323820245623e-14, 0.24353493355613748, -1.7931198867176095e-14, 16.67059581679233, -0.24353493397063344, -3.782324831645927e-14, 53.32940418306896, -0.24353493480531546, 5.846864292184766e-14, 16.670595817051222, 0.24353493445836003, -3.296111153552441e-14, -16.67059581690919, 0.1631248229562952, 2.9602760853859816e-14, -0.6172575274377224, -0.1631248224125071, 3.704020208550548e-14, 0.6172575275207017, -0.1631248233798243, 4.458420801111598e-14, -0.6172575273981885, 0.1631248235247762, -8.165048363978999e-14, 0.6172575273675442, 16.005279349572273, -1.2616118641361611e-14, 0.2435349346302581, -16.005279350030822, -3.1003696408054255e-14, -0.24353493480531546, 53.99472064920335, 6.011236191847465e-14, 0.24353493492036862, 16.005279350496366, -2.264582956581256e-14, -0.24353493477181032, 0.8980646387845982, 3.160585533896285e-14, 0.08425850970914538, -0.898064638171894, 2.853323200039037e-14, -0.0842585096387276, -0.8980646391381109, 2.3372146914644557e-14, 0.08425850974650233, 0.8980646393212948, -7.79295565793225e-14, -0.08425850979912666, -6.011236190236444e-14, -2.3559437430351758e-27, -5.846864292249357e-14, 6.011236190400013e-14, -5.045730660773213e-27, 5.846864292184766e-14, 6.011236191847465e-14, 70.0, -5.846864292010099e-14, -6.011236191581247e-14, -4.104646646219063e-27, 5.846864291933618e-14, 4.762236863467816e-14, 4.399501564375447e-27, -4.935479025584995e-14, -4.7622368641899217e-14, 5.116836598363166e-27, 4.9354790255938217e-14, -4.762236862459147e-14, 5.007253469244594e-27, -4.935479025462627e-14, 4.762236862307663e-14, -1.1901376698448497e-26, 4.9354790254911795e-14, -0.24353493367119222, 1.7931198865402584e-14, -16.67059581691251, 0.24353493408568738, 3.7823248317326455e-14, 16.670595817051222, 0.24353493492036862, -5.846864292010099e-14, 53.3294041828286, -0.24353493457341355, 3.296111153112451e-14, 16.670595817029376, -0.1631248229231242, -2.9602760854995334e-14, 0.6172575273458072, 0.16312482237933373, -3.704020208513324e-14, -0.6172575274287857, 0.1631248233466535, -4.4584208006092616e-14, 0.6172575273062737, -0.16312482349160484, 8.165048363930837e-14, -0.6172575272756304, -16.005279349271998, 1.2616118637449402e-14, -0.24353493428330203, 16.00527934973055, 3.100369640110194e-14, 0.24353493445836003, 16.005279350496366, -6.011236191581247e-14, -0.24353493457341355, 53.9947206498039, 2.264582956907155e-14, 0.24353493442485538, -0.89806463895478, -3.160585533022987e-14, -0.08425850944063477, 0.898064638342075, -2.853323199128025e-14, 0.08425850937021928, 0.898064639308293, -2.3372146920777357e-14, -0.08425850947799324, -0.8980646394914749, 7.792955657166393e-14, 0.0842585095306184, 2.2645829566378404e-14, 1.2159706725837e-27, 3.2961111536708826e-14, -2.264582956427092e-14, 2.6717507969528746e-27, -3.296111153552441e-14, -2.264582956581256e-14, -4.104646646219063e-27, 3.296111153112451e-14, 2.264582956907155e-14, 70.0, -3.2961111532772e-14, -2.0480308414631104e-14, -2.2112081099793315e-27, 2.0297209134142866e-14, 2.048030841117337e-14, -2.650949474206924e-27, -2.0297209134002423e-14, 2.0480308411443027e-14, -2.9606848596194822e-27, 2.0297209133229677e-14, -2.0480308411435094e-14, 5.7713569060352266e-27, -2.0297209131587972e-14, 0.24353493352263386, -1.793119886411517e-14, 16.670595816770486, -0.24353493393713027, -3.782324831554953e-14, -16.67059581690919, -0.24353493477181032, 5.846864291933618e-14, 16.670595817029376, 0.24353493442485538, -3.2961111532772e-14, 53.32940418311265, 0.16312482296747643, 2.960276085248049e-14, -0.6172575274566865, -0.16312482242368864, 3.704020208207026e-14, 0.6172575275396666, -0.16312482339100726, 4.458420800889378e-14, -0.6172575274171543, 0.1631248235359556, -8.165048363688582e-14, 0.6172575273865091, -0.8980646393283598, -9.033715768406077e-15, -0.16312482295752356, 0.8980646393063705, -2.7068878367794102e-14, 0.1631248229562952, 0.8980646387845982, 4.762236863467816e-14, -0.1631248229231242, -0.89806463895478, -2.0480308414631104e-14, 0.16312482296747643, 53.84461124652366, 2.5553306074555875e-14, -0.329163924638436, 16.15538875353846, 1.4447278231276103e-14, 0.3291639246375807, 16.155388753124807, 2.768328672562698e-14, -0.3291639246713457, -16.155388752993417, -5.856465461547112e-14, 0.32916392462808863, -3.160585530576e-14, -1.2184564956429537e-27, -2.960276085058604e-14, 3.160585531460106e-14, -2.6565593406401174e-27, 2.9602760853859816e-14, 3.160585533896285e-14, 4.399501564375447e-27, -2.9602760854995334e-14, -3.160585533022987e-14, -2.2112081099793315e-27, 2.960276085248049e-14, 2.5553306074555875e-14, 70.0, -2.2168503549426985e-14, -2.5553306086625914e-14, 2.6517459656690815e-27, 2.216850354822048e-14, -2.5553306060060774e-14, 2.7488686047545333e-27, -2.216850354980097e-14, 2.555330605513964e-14, -6.044964173393585e-27, 2.2168503550818618e-14, -0.08425850870079636, 1.249379598000839e-14, 0.6172575275744191, 0.08425850905424889, 2.6040323819206927e-14, -0.6172575274377224, 0.08425850970914538, -4.935479025584995e-14, 0.6172575273458072, -0.08425850944063477, 2.0297209134142866e-14, -0.6172575274566865, -0.329163924638436, -2.2168503549426985e-14, 53.126090083762435, 0.32916392415172113, -2.4245306327697127e-14, 16.873909916177762, 0.3291639249272438, -2.6466016894756767e-14, -16.873909916275853, -0.32916392505948716, 6.413833135711913e-14, 16.873909916315913, 0.8980646387156554, 9.033715773421625e-15, 0.1631248224137335, -0.8980646386936639, 2.706887837638032e-14, -0.1631248224125071, -0.898064638171894, -4.7622368641899217e-14, 0.16312482237933373, 0.898064638342075, 2.048030841117337e-14, -0.16312482242368864, 16.15538875353846, -2.5553306086625914e-14, 0.32916392415172113, 53.844611246399396, -1.4447278242633605e-14, -0.32916392415086476, -16.15538875318696, -2.768328671681156e-14, 0.32916392418463003, 16.15538875305556, 5.856465462846769e-14, -0.32916392414137174, -2.8533231958522544e-14, -1.4848079140472769e-27, -3.704020208154906e-14, 2.853323196895106e-14, -3.1378690416734594e-27, 3.704020208550548e-14, 2.853323200039037e-14, 5.116836598363166e-27, -3.704020208513324e-14, -2.853323199128025e-14, -2.650949474206924e-27, 3.704020208207026e-14, 1.4447278231276103e-14, 2.6517459656690815e-27, -2.4245306327697127e-14, -1.4447278242633605e-14, 70.0, 2.424530632588232e-14, -1.4447278211613492e-14, 3.2742621521927476e-27, -2.424530632790513e-14, 1.4447278204732956e-14, -7.143705500844642e-27, 2.4245306328799526e-14, 0.08425850863037808, -1.2493795978801639e-14, -0.6172575276574008, -0.08425850898383061, -2.6040323818525976e-14, 0.6172575275207017, -0.0842585096387276, 4.9354790255938217e-14, -0.6172575274287857, 0.08425850937021928, -2.0297209134002423e-14, 0.6172575275396666, 0.3291639246375807, 2.216850354822048e-14, 16.873909916177762, -0.32916392415086476, 2.424530632588232e-14, 53.126090083882026, -0.32916392492638824, 2.6466016895306212e-14, 16.873909916216075, 0.3291639250586301, -6.413833135661958e-14, -16.873909916256128, 0.8980646396818723, 9.033715758519184e-15, 0.1631248233810519, -0.8980646396598837, 2.7068878355547705e-14, -0.1631248233798243, -0.8980646391381109, -4.762236862459147e-14, 0.1631248233466535, 0.898064639308293, 2.0480308411443027e-14, -0.16312482339100726, 16.155388753124807, -2.5553306060060774e-14, 0.3291639249272438, -16.15538875318696, -1.4447278211613492e-14, -0.32916392492638824, 53.84461124722668, -2.7683286725927545e-14, 0.32916392496015134, 16.15538875264191, 5.856465459557944e-14, -0.3291639249168964, -2.337214692659619e-14, -1.5171820359299997e-27, -4.458420801346294e-14, 2.3372146920806264e-14, -3.3775857515399384e-27, 4.458420801111598e-14, 2.3372146914644557e-14, 5.007253469244594e-27, -4.4584208006092616e-14, -2.3372146920777357e-14, -2.9606848596194822e-27, 4.458420800889378e-14, 2.768328672562698e-14, 2.7488686047545333e-27, -2.6466016894756767e-14, -2.768328671681156e-14, 3.2742621521927476e-27, 2.6466016895306212e-14, -2.7683286725927545e-14, 70.0, -2.646601689357368e-14, 2.768328672798579e-14, -7.08963597740605e-27, 2.6466016891573344e-14, -0.08425850873815253, 1.2493795980100711e-14, 0.6172575275348874, 0.08425850909160718, 2.6040323819458097e-14, -0.6172575273981885, 0.08425850974650233, -4.935479025462627e-14, 0.6172575273062737, -0.08425850947799324, 2.0297209133229677e-14, -0.6172575274171543, -0.3291639246713457, -2.216850354980097e-14, -16.873909916275853, 0.32916392418463003, -2.424530632790513e-14, 16.873909916216075, 0.32916392496015134, -2.646601689357368e-14, 53.12609008368584, -0.3291639250923942, 6.413833135592415e-14, 16.873909916354226, -0.8980646398650558, -9.033715754261526e-15, -0.1631248235260035, 0.8980646398430657, -2.7068878352237213e-14, 0.1631248235247762, 0.8980646393212948, 4.762236862307663e-14, -0.16312482349160484, -0.8980646394914749, -2.0480308411435094e-14, 0.1631248235359556, -16.155388752993417, 2.555330605513964e-14, -0.32916392505948716, 16.15538875305556, 1.4447278204732956e-14, 0.3291639250586301, 16.15538875264191, 2.768328672798579e-14, -0.3291639250923942, 53.84461124748946, -5.856465459145548e-14, 0.32916392504913705, 7.792955654368923e-14, 3.2711941832338156e-27, 8.165048363867603e-14, -7.792955654982245e-14, 7.004462122325893e-27, -8.165048363978999e-14, -7.79295565793225e-14, -1.1901376698448497e-26, 8.165048363930837e-14, 7.792955657166393e-14, 5.7713569060352266e-27, -8.165048363688582e-14, -5.856465461547112e-14, -6.044964173393585e-27, 6.413833135711913e-14, 5.856465462846769e-14, -7.143705500844642e-27, -6.413833135661958e-14, 5.856465459557944e-14, -7.08963597740605e-27, 6.413833135592415e-14, -5.856465459145548e-14, 70.0, -6.413833135706122e-14, 0.08425850879077734, -1.2493795980121871e-14, -0.6172575275042428, -0.08425850914422871, -2.6040323820245623e-14, 0.6172575273675442, -0.08425850979912666, 4.9354790254911795e-14, -0.6172575272756304, 0.0842585095306184, -2.0297209131587972e-14, 0.6172575273865091, 0.32916392462808863, 2.2168503550818618e-14, 16.873909916315913, -0.32916392414137174, 2.4245306328799526e-14, -16.873909916256128, -0.3291639249168964, 2.6466016891573344e-14, 16.873909916354226, 0.32916392504913705, -6.413833135706122e-14, 53.12609008360572]]}, {"__ndarray__": [[24], "float64", [9.852574255414622, 3.1114954484579993, 0.13531113317459206, 1.6209006988069188, 1.037165149486, 4.208933619921544, 7.357638175917647, 1.037165149486, 2.3074335097227547, 4.115836778303952, 3.1114954484579993, 2.0368112433734535, 1.3641026309795492, 3.1114954484579993, 1.7644311144077771, 10.10937232324223, 1.037165149486, 2.5798136386884214, 4.3726348461312865, 1.037165149486, 3.9365534909558915, 7.100840108090388, 3.1114954484579993, 0.4076912621402819]]}, {"__ndarray__": [[24], "float64", [-0.0001573147597872409, 2.7412099870341964e-15, -0.00013794239210445335, 0.00015731476024894488, -2.3307000839359262e-15, 0.00013794239228496813, 0.00015731476138745973, -2.5634148009442352e-15, -0.00013794239243058158, -0.00015731476091231182, 2.721489155048867e-15, 0.00013794239226111254, -5.513209139399334e-06, 1.7111639922168e-15, -0.0001354917262378825, 5.513208474789907e-06, -2.082860454719213e-15, 0.00013549172615034077, 5.513209695177197e-06, -2.125302188358544e-15, -0.0001354917262680244, -5.513209967424916e-06, 1.9258226183447242e-15, 0.00013549172634453406]]}, 0.2]