[{"__ndarray__": [[24, 24], "float64", [53.8310451015535, -0.00031905838258721185, -0.14632249644185757, 16.16888511531173, 0.0007384692442570968, 0.1465444711376622, 16.16881965732165, -0.0004754758602544002, -0.14855034855567864, -16.169977119927402, 0.00019029286824577503, 0.14750692045970965, -0.7430845439698812, -0.0006220081987353967, -0.009218503044869625, 0.7436686028521796, 0.00030782630505895203, 0.008981425767384907, 0.7439683173659175, 1.611283895217784e-05, -0.009586941681004199, -0.7433251306284514, 0.00016384120241721972, 0.010645472346203791, -0.00031905838258721185, 69.99999968776353, 2.091498626549493e-05, 0.00031798022337229005, 1.093722674807054e-06, -2.1100613871232694e-05, 0.00031845500439188604, -5.583793320398442e-07, 1.8182194313346314e-05, -0.00031961255445970573, -3.9185802947499836e-07, -2.075093230370913e-05, 0.0014677122136029608, -2.5190902839943417e-07, 0.00027781653376535674, -0.0014667150771458203, 3.2878756556529775e-07, -0.0002765924214033774, -0.001466640470486689, 1.6527521240239942e-08, 0.0002766885927391939, 0.001467879043233236, 7.534510058563451e-08, -0.0002751583395064736, -0.14632249644185757, 2.091498626549493e-05, 53.318732449329104, 0.14614853535322078, 0.00030256462629480563, 16.6814087173806, 0.1463720394505966, -0.0003853943045806073, -16.68205359512418, -0.14649552677708036, -0.00036566060247343975, 16.681130851085076, -0.2298154771837005, -0.0003081480413433972, 0.6379521459891853, 0.23001307408334337, 0.0005688324812159717, -0.6371592362805139, 0.22982784737385237, -0.00012543390584926234, 0.6373379185364931, -0.22972799563948382, 0.0002923247615259071, -0.6373492509460207, 16.16888511531173, 0.00031798022337229005, 0.14614853535322078, 53.83118468518759, -0.0007373714371694737, -0.14636945562044318, -16.168749751544482, 0.00047400906606603714, 0.1483729542442158, 16.169905941307697, -0.00019090712834902312, -0.14733143068836663, 0.744185297729782, 0.0006201526474124163, 0.009856895677241392, -0.7447684562175358, -0.00030606446988296434, -0.009620598940610903, -0.7450676038885445, -1.5956357263742022e-05, 0.010223236847677578, 0.7444247722344546, -0.00016184256154627816, -0.011280136860469664, 0.0007384692442570968, 1.093722674807054e-06, 0.00030256462629480563, -0.0007373714371694737, 69.99999870380371, -0.00030301497057389035, -0.0007378880293336913, 1.6161910388272778e-06, 0.0003067786325661433, 0.0007392439614564338, 9.187925261008316e-07, -0.00030360739869364316, -0.0022361228557532613, 1.5280193838188629e-06, -0.0002530781493701394, 0.0022349012835939956, -2.0053088205183404e-06, 0.0002527780054850741, 0.002234463497431377, -5.835524383508069e-07, -0.0002509570530036128, -0.002235695664376742, -1.27166808823045e-06, 0.00024853630729032973, 0.1465444711376622, -2.1100613871232694e-05, 16.6814087173806, -0.14636945562044318, -0.00030301497057389035, 53.318451058741374, -0.14659333458914567, 0.00038531190588114895, 16.682195534254653, 0.14671733031267206, 0.0003657671598925771, -16.68127116486379, 0.22881147975267063, 0.0003078443499220483, -0.6381737632628445, -0.22900956026307495, -0.0005687019335179747, 0.6373789871368876, -0.22882428667021187, 0.00012514802264738625, -0.637559829106807, 0.22872335572102065, -0.00029125392144422143, 0.6375704597501847, 16.16881965732165, 0.00031845500439188604, 0.1463720394505966, -16.168749751544482, -0.0007378880293336913, -0.14659333458914567, 53.831315878747574, 0.0004746868518553257, 0.14859803821671022, 16.169840982006516, -0.00019061573363375394, -0.14755550279691712, 0.743695658951512, 0.0006210450388222197, 0.009295127090973021, -0.7442792565622247, -0.00030688597730745487, -0.009058653121973514, -0.7445786513606713, -1.6225942654237953e-05, 0.009662189234788246, 0.7439354825608091, -0.00016257122949453934, -0.010719903472578035, -0.0004754758602544002, -5.583793320398442e-07, -0.0003853943045806073, 0.00047400906606603714, 1.6161910388272778e-06, 0.00038531190588114895, 0.0004746868518553257, 69.9999991139438, -0.0003895386908466387, -0.0004764877821574988, -6.193775647721577e-07, 0.00038582051026512116, 0.002163225013866039, -5.913860514906556e-07, 0.0009211385241530599, -0.002161706933238495, 6.941490634182967e-07, -0.0009194679622856052, -0.0021615383202555297, -1.5310225546029802e-08, 0.0009191935365012159, 0.002163287964030635, 3.601692640223868e-07, -0.0009170635190855625, -0.14855034855567864, 1.8182194313346314e-05, -16.68205359512418, 0.1483729542442158, 0.0003067786325661433, 16.682195534254653, 0.14859803821671022, -0.0003895386908466387, 53.31714801628445, -0.14872584469473255, -0.00036792346441501017, 16.681919403714687, -0.22395622059749556, -0.00031220316893832366, 0.6387599850866245, 0.2241575322093528, 0.0005736238442133565, -0.6379649697172729, 0.22397354937090824, -0.0001241759140933068, 0.6381402882087072, -0.22386965997471922, 0.00029525656827000807, -0.6381446627379159, -16.169977119927402, -0.00031961255445970573, -0.14649552677708036, 16.169905941307697, 0.0007392439614564338, 0.14671733031267206, 16.169840982006516, -0.0004764877821574988, -0.14872584469473255, 53.82900169419384, 0.00018975599463881662, 0.14768011198935982, -0.7411037780143068, -0.000622952602898874, -0.009144756930321296, 0.7416882266923175, 0.00030917605269499543, 0.008908549011600209, 0.7419881412065108, 1.6651484140532908e-05, -0.009513764026744018, -0.7413440875860813, 0.00016422546396501934, 0.010573901102779476, 0.00019029286824577503, -3.9185802947499836e-07, -0.00036566060247343975, -0.00019090712834902312, 9.187925261008316e-07, 0.0003657671598925771, -0.00019061573363375394, -6.193775647721577e-07, -0.00036792346441501017, 0.00018975599463881662, 69.99999971078378, 0.0003659928171992179, 0.0012919988243130507, -8.074908523946574e-07, 0.0008890892910006248, -0.0012912936938354578, 6.600540756109646e-07, -0.0008883933288042686, -0.001291051947207108, 1.3556740194894794e-08, 0.0008882379441376246, 0.0012918208157750432, 5.155393293539512e-07, -0.0008871098165334911, 0.14750692045970965, -2.075093230370913e-05, 16.681130851085076, -0.14733143068836663, -0.00030360739869364316, -16.68127116486379, -0.14755550279691712, 0.00038582051026512116, 16.681919403714687, 0.14768011198935982, 0.0003659928171992179, 53.31900628290047, 0.22866517355020505, 0.00030831561716729647, -0.6373879692550042, -0.2288637322651705, -0.0005691755670666247, 0.6365930192351662, -0.22867864824822098, 0.00012492828453961253, -0.6367735276978416, 0.22857710778060666, -0.0002915233321754228, 0.6367831049114945, -0.7430845439698812, 0.0014677122136029608, -0.2298154771837005, 0.744185297729782, -0.0022361228557532613, 0.22881147975267063, 0.743695658951512, 0.002163225013866039, -0.22395622059749556, -0.7411037780143068, 0.0012919988243130507, 0.22866517355020505, 53.61643980988511, 0.0021663512617143737, -0.3045598762871631, 16.381409872417013, -0.0021819464677317706, 0.3041959095261546, 16.38092360954406, -1.644723983082588e-05, -0.30094863788651294, -16.38246592634466, -0.002654770722541562, 0.2976076491069034, -0.0006220081987353967, -2.5190902839943417e-07, -0.0003081480413433972, 0.0006201526474124163, 1.5280193838188629e-06, 0.0003078443499220483, 0.0006210450388222197, -5.913860514906556e-07, -0.00031220316893832366, -0.000622952602898874, -8.074908523946574e-07, 0.00030831561716729647, 0.0021663512617143737, 70.00000120448746, 0.0005968066520739836, -0.002164560788259677, -5.234300607122204e-07, -0.0005950414242288946, -0.0021650496959777733, -3.108472165744774e-07, 0.0005941508837663021, 0.0021670223378362835, -2.474436239421647e-07, -0.0005917248684278424, -0.009218503044869625, 0.00027781653376535674, 0.6379521459891853, 0.009856895677241392, -0.0002530781493701394, -0.6381737632628445, 0.009295127090973021, 0.0009211385241530599, 0.6387599850866245, -0.009144756930321296, 0.0008890892910006248, -0.6373879692550042, -0.3045598762871631, 0.0005968066520739836, 53.17873638024367, 0.3038958659110656, -0.0015794716357173744, 16.82069645134491, 0.3043374369587027, 0.00029072143977838853, -16.819970299978472, -0.30446218949806436, -0.0011430226296340307, 16.819387069845302, 0.7436686028521796, -0.0014667150771458203, 0.23001307408334337, -0.7447684562175358, 0.0022349012835939956, -0.22900956026307495, -0.7442792565622247, -0.002161706933238495, 0.2241575322093528, 0.7416882266923175, -0.0012912936938354578, -0.2288637322651705, 16.381409872417013, -0.002164560788259677, 0.3038958659110656, 53.620739576171445, 0.0021799969025513124, -0.30353208571734375, -16.378774677009982, 1.6021269589408158e-05, 0.300286177106154, 16.380316111458274, 0.002653357009095026, -0.29694727104538465, 0.00030782630505895203, 3.2878756556529775e-07, 0.0005688324812159717, -0.00030606446988296434, -2.0053088205183404e-06, -0.0005687019335179747, -0.00030688597730745487, 6.941490634182967e-07, 0.0005736238442133565, 0.00030917605269499543, 6.600540756109646e-07, -0.0005691755670666247, -0.0021819464677317706, -5.234300607122204e-07, -0.0015794716357173744, 0.0021799969025513124, 70.00000052040934, 0.0015775511720195336, 0.002180251173631727, 4.842570189780389e-07, -0.0015770780399389753, -0.002182353518920617, -1.589181741390134e-07, 0.0015744196787960895, 0.008981425767384907, -0.0002765924214033774, -0.6371592362805139, -0.009620598940610903, 0.0002527780054850741, 0.6373789871368876, -0.009058653121973514, -0.0009194679622856052, -0.6379649697172729, 0.008908549011600209, -0.0008883933288042686, 0.6365930192351662, 0.3041959095261546, -0.0005950414242288946, 16.82069645134491, -0.30353208571734375, 0.0015775511720195336, 53.17987402895049, -0.30397403665706124, -0.00029102005950620293, 16.819404495608545, 0.30409949025429284, 0.0011401859926789889, -16.8188227762916, 0.7439683173659175, -0.001466640470486689, 0.22982784737385237, -0.7450676038885445, 0.002234463497431377, -0.22882428667021187, -0.7445786513606713, -0.0021615383202555297, 0.22397354937090824, 0.7419881412065108, -0.001291051947207108, -0.22867864824822098, 16.38092360954406, -0.0021650496959777733, 0.3043374369587027, -16.378774677009982, 0.002180251173631727, -0.30397403665706124, 53.621711269476286, 1.6142990240846917e-05, 0.3007286069499048, 16.379829594467964, 0.0026534227449733984, -0.29739046905892985, 1.611283895217784e-05, 1.6527521240239942e-08, -0.00012543390584926234, -1.5956357263742022e-05, -5.835524383508069e-07, 0.00012514802264738625, -1.6225942654237953e-05, -1.5310225546029802e-08, -0.0001241759140933068, 1.6651484140532908e-05, 1.3556740194894794e-08, 0.00012492828453961253, -1.644723983082588e-05, -3.108472165744774e-07, 0.00029072143977838853, 1.6021269589408158e-05, 4.842570189780389e-07, -0.00029102005950620293, 1.6142990240846917e-05, 70.00000092468115, 0.00029212304632909695, -1.6299043104440645e-05, -5.29312519454131e-07, -0.00029229091383930296, -0.009586941681004199, 0.0002766885927391939, 0.6373379185364931, 0.010223236847677578, -0.0002509570530036128, -0.637559829106807, 0.009662189234788246, 0.0009191935365012159, 0.6381402882087072, -0.009513764026744018, 0.0008882379441376246, -0.6367735276978416, -0.30094863788651294, 0.0005941508837663021, -16.819970299978472, 0.300286177106154, -0.0015770780399389753, 16.819404495608545, 0.3007286069499048, 0.00029212304632909695, 53.18132355425045, -0.30085086666685307, -0.0011423588844683323, 16.818097400192293, -0.7433251306284514, 0.001467879043233236, -0.22972799563948382, 0.7444247722344546, -0.002235695664376742, 0.22872335572102065, 0.7439354825608091, 0.002163287964030635, -0.22386965997471922, -0.7413440875860813, 0.0012918208157750432, 0.22857710778060666, -16.38246592634466, 0.0021670223378362835, -0.30446218949806436, 16.380316111458274, -0.002182353518920617, 0.30409949025429284, 16.379829594467964, -1.6299043104440645e-05, -0.30085086666685307, 53.618629184036294, -0.002655661906831891, 0.29751075800425686, 0.00016384120241721972, 7.534510058563451e-08, 0.0002923247615259071, -0.00016184256154627816, -1.27166808823045e-06, -0.00029125392144422143, -0.00016257122949453934, 3.601692640223868e-07, 0.00029525656827000807, 0.00016422546396501934, 5.155393293539512e-07, -0.0002915233321754228, -0.002654770722541562, -2.474436239421647e-07, -0.0011430226296340307, 0.002653357009095026, -1.589181741390134e-07, 0.0011401859926789889, 0.0026534227449733984, -5.29312519454131e-07, -0.0011423588844683323, -0.002655661906831891, 70.00000125628875, 0.0011403914452458863, 0.010645472346203791, -0.0002751583395064736, -0.6373492509460207, -0.011280136860469664, 0.00024853630729032973, 0.6375704597501847, -0.010719903472578035, -0.0009170635190855625, -0.6381446627379159, 0.010573901102779476, -0.0008871098165334911, 0.6367831049114945, 0.2976076491069034, -0.0005917248684278424, 16.819387069845302, -0.29694727104538465, 0.0015744196787960895, -16.8188227762916, -0.29739046905892985, -0.00029229091383930296, 16.818097400192293, 0.29751075800425686, 0.0011403914452458863, 53.182478655262884]]}, {"__ndarray__": [[24], "float64", [10.011352048522063, 3.164817531261217, 0.13958141141794086, 1.6587451723195588, 1.054938940822398, 4.2791109982232385, 7.493793439003319, 1.0549395549391791, 2.348928345455613, 4.17630373376443, 3.164817702482583, 2.069764796563542, 1.4192349776896105, 3.164817784234502, 1.7406762274656817, 10.250861764220693, 1.0549385264834095, 2.678016044274177, 4.415813410842651, 1.0549391756944693, 3.950022746955986, 7.254283473031247, 3.164817168459237, 0.4686694130069814]]}, {"__ndarray__": [[24], "float64", [-0.00016822401405346436, -7.987081830114436e-07, -4.4398921370352436e-06, 0.00016745678464375938, 1.5581776141855827e-06, 4.829195230391742e-06, 0.0001676476730089825, -1.3229891533294384e-06, -8.520796412619654e-06, -0.00016934668387758468, -5.533695880265491e-07, 5.397384077854574e-06, 0.0004030436339212573, -1.200197927201936e-06, 7.179749376141389e-06, -0.0004018692039101472, 8.939442520204227e-07, -6.988563226381831e-06, -0.00040149685857090225, 3.399109728003221e-07, 5.837752791772635e-06, 0.00040278866883809933, 1.08323201256304e-06, -3.2948297001236104e-06]]}, 0.2]