[{"__ndarray__": [[24, 24], "float64", [54.17134563454779, 1.7290733828980934e-14, -0.19230103015239647, 15.828654365154645, -2.4040887856051393e-14, 0.19230103006622917, 15.828654365380663, 1.0045680661533525e-14, -0.1923010301735451, -15.828654365214, -1.6969384669626075e-14, 0.19230103015436767, -1.0243118958508348, 1.9460885643718048e-14, -0.09260330496977404, 1.0243118956449675, -1.4677734004613604e-14, 0.09260330505577274, 1.0243118958895372, 1.8654531775328943e-14, -0.09260330504084499, -1.0243118955493173, -9.591625499077486e-15, 0.09260330506054043, 1.7290733828980934e-14, 70.0, 1.9352647960824597e-14, -1.729073382797749e-14, -2.461656439172526e-27, -1.935264796066931e-14, -1.7290733828925442e-14, 1.0109464413166712e-27, 1.9352647960695943e-14, 1.7290733827913854e-14, -1.6099909961277548e-27, -1.9352647960751845e-14, -1.0160834496390689e-14, 2.0801200212239713e-27, 1.93084691854409e-14, 1.0160834497221224e-14, -1.3504131101200655e-27, -1.9308469185589672e-14, 1.0160834496607078e-14, 1.6857668703552688e-27, 1.9308469185553877e-14, -1.016083449798124e-14, -8.212691408570409e-28, -1.930846918559184e-14, -0.19230103015239647, 1.9352647960824597e-14, 53.24934787638475, 0.19230102980002706, -3.583310679362033e-14, 16.750652123515746, 0.19230103005967453, 1.7367519751257422e-14, -16.750652123641107, -0.1923010298687685, -2.0624674622507043e-14, 16.750652123619815, -0.18152123614537086, 3.0521939897448224e-14, 0.538217182855004, 0.18152123590762784, -1.81951217996124e-14, -0.5382171827580589, 0.1815212361996233, 2.147085627518341e-14, 0.5382171827785317, -0.18152123581450122, -1.3354599272232825e-14, -0.5382171827562976, 15.828654365154645, -1.729073382797749e-14, 0.19230102980002706, 54.17134563514291, 2.404088785004766e-14, -0.19230102971385943, -15.828654365083104, -1.0045680658381736e-14, 0.1923010298211767, 15.828654364916442, 1.6969384663238286e-14, -0.19230102980199892, 1.0243118960797823, -1.9460885638660153e-14, 0.09260330461843691, -1.024311895873915, 1.467773400387018e-14, -0.0926033047044339, -1.0243118961184845, -1.865453176878688e-14, 0.09260330468950692, 1.0243118957782649, 9.591625496401738e-15, -0.09260330470920397, -2.4040887856051393e-14, -2.461656439172526e-27, -3.583310679362033e-14, 2.404088785004766e-14, 70.0, 3.5833106792286316e-14, 2.404088785514664e-14, -1.7221393115799646e-27, -3.583310679382765e-14, -2.40408878512261e-14, 2.6829091092202403e-27, 3.58331067935974e-14, 1.9982365433820736e-14, -3.479661413050225e-27, -3.564354295235589e-14, -1.9982365437833527e-14, 2.2323458621546292e-27, 3.5643542953611015e-14, -1.9982365432814787e-14, -2.8022554564716674e-27, -3.5643542953333e-14, 1.998236543924009e-14, 1.390282688295178e-27, 3.564354295365079e-14, 0.19230103006622917, -1.935264796066931e-14, 16.750652123515746, -0.19230102971385943, 3.5833106792286316e-14, 53.249347876583755, -0.19230102997350734, -1.7367519750515798e-14, 16.750652123541602, 0.19230102978260089, 2.0624674620988975e-14, -16.750652123520307, 0.1815212361957329, -3.052193989633393e-14, -0.538217182962055, -0.18152123595798933, 1.8195121799508706e-14, 0.5382171828651092, -0.18152123624998545, -2.1470856273606616e-14, -0.538217182885583, 0.1815212358648635, 1.335459927157978e-14, 0.53821718286335, 15.828654365380663, -1.7290733828925442e-14, 0.19230103005967453, -15.828654365083104, 2.404088785514664e-14, -0.19230102997350734, 54.1713456346909, -1.0045680660959629e-14, 0.19230103008082367, 15.828654365142455, 1.6969384668018985e-14, -0.19230103006164634, 1.0243118959007682, -1.9460885642943002e-14, 0.092603304875372, -1.0243118956949024, 1.467773400454034e-14, -0.09260330496136898, -1.0243118959394726, -1.8654531773772545e-14, 0.09260330494644373, 1.024311895599253, 9.591625498656902e-15, -0.09260330496613906, 1.0045680661533525e-14, 1.0109464413166712e-27, 1.7367519751257422e-14, -1.0045680658381736e-14, -1.7221393115799646e-27, -1.7367519750515798e-14, -1.0045680660959629e-14, 70.0, 1.736751975138606e-14, 1.0045680658928667e-14, -1.1148944811387777e-27, -1.7367519751249397e-14, -1.2839867706618697e-14, 1.4580067071589363e-27, 1.6913859445460716e-14, 1.2839867708724723e-14, -9.203664279653009e-28, -1.691385944616305e-14, 1.2839867706016742e-14, 1.1623629323182932e-27, 1.6913859445912894e-14, -1.2839867709242494e-14, -6.013901293026906e-28, -1.691385944612658e-14, -0.1923010301735451, 1.9352647960695943e-14, -16.750652123641107, 0.1923010298211767, -3.583310679382765e-14, 16.750652123541602, 0.19230103008082367, 1.736751975138606e-14, 53.24934787633304, -0.19230102988991843, -2.0624674622785978e-14, 16.750652123645672, -0.18152123613222615, 3.0521939897611506e-14, 0.5382171828292535, 0.18152123589448196, -1.8195121799450822e-14, -0.5382171827323088, 0.18152123618647587, 2.1470856275467653e-14, 0.5382171827527803, -0.18152123580135535, -1.3354599272355124e-14, -0.5382171827305483, -15.828654365214, 1.7290733827913854e-14, -0.1923010298687685, 15.828654364916442, -2.40408878512261e-14, 0.19230102978260089, 15.828654365142455, 1.0045680658928667e-14, -0.19230102988991843, 54.1713456350242, -1.6969384664275143e-14, 0.19230102987074144, -1.0243118960557969, 1.9460885639609114e-14, -0.09260330469078876, 1.024311895849929, -1.4677734003666008e-14, 0.09260330477678597, 1.0243118960944995, 1.865453176988377e-14, -0.09260330476186057, -1.0243118957542783, -9.591625496906784e-15, 0.09260330478155818, -1.6969384669626075e-14, -1.6099909961277548e-27, -2.0624674622507043e-14, 1.6969384663238286e-14, 2.6829091092202403e-27, 2.0624674620988975e-14, 1.6969384668018985e-14, -1.1148944811387777e-27, -2.0624674622785978e-14, -1.6969384664275143e-14, 70.0, 2.062467462244804e-14, 1.413343159596799e-14, -2.2702520862942478e-27, -2.2635946791245458e-14, -1.4133431600121986e-14, 1.4570612029799198e-27, 2.2635946792724452e-14, -1.4133431595284176e-14, -1.8514159199027496e-27, -2.2635946792301317e-14, 1.4133431602000065e-14, 9.02303343025757e-28, 2.263594679275962e-14, 0.19230103015436767, -1.9352647960751845e-14, 16.750652123619815, -0.19230102980199892, 3.58331067935974e-14, -16.750652123520307, -0.19230103006164634, -1.7367519751249397e-14, 16.750652123645672, 0.19230102987074144, 2.062467462244804e-14, 53.24934787637561, 0.1815212361477821, -3.052193989743265e-14, -0.5382171828529849, -0.18152123591003871, 1.8195121799532958e-14, 0.5382171827560389, -0.1815212362020325, -2.1470856275128692e-14, -0.5382171827765123, 0.18152123581691135, 1.3354599272239158e-14, 0.5382171827542788, -1.0243118958508348, -1.0160834496390689e-14, -0.18152123614537086, 1.0243118960797823, 1.9982365433820736e-14, 0.1815212361957329, 1.0243118959007682, -1.2839867706618697e-14, -0.18152123613222615, -1.0243118960557969, 1.413343159596799e-14, 0.1815212361477821, 53.98966279640172, -1.6644062594920912e-14, -0.3327122662368619, 16.010337203739443, 9.114926963433645e-15, 0.33271226617894745, 16.010337203557665, -1.4620868878740227e-14, -0.33271226619180017, -16.01033720381844, 1.0717448124647277e-14, 0.3327122661732055, 1.9460885643718048e-14, 2.0801200212239713e-27, 3.0521939897448224e-14, -1.9460885638660153e-14, -3.479661413050225e-27, -3.052193989633393e-14, -1.9460885642943002e-14, 1.4580067071589363e-27, 3.0521939897611506e-14, 1.9460885639609114e-14, -2.2702520862942478e-27, -3.052193989743265e-14, -1.6644062594920912e-14, 70.0, 3.0412286044343094e-14, 1.6644062598264992e-14, -1.886984000942252e-27, -3.0412286045392683e-14, 1.6644062594085064e-14, 2.3703543991506605e-27, 3.04122860451526e-14, -1.6644062599489632e-14, -1.1760862784251446e-27, -3.041228604542206e-14, -0.09260330496977404, 1.93084691854409e-14, 0.538217182855004, 0.09260330461843691, -3.564354295235589e-14, -0.538217182962055, 0.092603304875372, 1.6913859445460716e-14, 0.5382171828292535, -0.09260330469078876, -2.2635946791245458e-14, -0.5382171828529849, -0.3327122662368619, 3.0412286044343094e-14, 53.01189859646892, 0.33271226599269244, -1.7949935993430108e-14, 16.98810140362825, 0.3327122662885112, 2.3259476835120258e-14, -16.988101403612802, -0.3327122659003816, -1.3130128779268166e-14, 16.988101403633145, 1.0243118956449675, 1.0160834497221224e-14, 0.18152123590762784, -1.024311895873915, -1.9982365437833527e-14, -0.18152123595798933, -1.0243118956949024, 1.2839867708724723e-14, 0.18152123589448196, 1.024311895849929, -1.4133431600121986e-14, -0.18152123591003871, 16.010337203739443, 1.6644062598264992e-14, 0.33271226599269244, 53.989662796119404, -9.11492696411577e-15, -0.33271226593477976, -16.010337203698814, 1.462086888308602e-14, 0.332712265947632, 16.01033720395959, -1.0717448126452768e-14, -0.332712265929037, -1.4677734004613604e-14, -1.3504131101200655e-27, -1.81951217996124e-14, 1.467773400387018e-14, 2.2323458621546292e-27, 1.8195121799508706e-14, 1.467773400454034e-14, -9.203664279653009e-28, -1.8195121799450822e-14, -1.4677734003666008e-14, 1.4570612029799198e-27, 1.8195121799532958e-14, 9.114926963433645e-15, -1.886984000942252e-27, -1.7949935993430108e-14, -9.11492696411577e-15, 70.0, 1.7949935993540703e-14, -9.114926963756576e-15, -1.5249785187540861e-27, -1.7949935993497136e-14, 9.114926964852162e-15, 7.462749676101269e-28, 1.7949935993526012e-14, 0.09260330505577274, -1.9308469185589672e-14, -0.5382171827580589, -0.0926033047044339, 3.5643542953611015e-14, 0.5382171828651092, -0.09260330496136898, -1.691385944616305e-14, -0.5382171827323088, 0.09260330477678597, 2.2635946792724452e-14, 0.5382171827560389, 0.33271226617894745, -3.0412286045392683e-14, 16.98810140362825, -0.33271226593477976, 1.7949935993540703e-14, 53.01189859627458, -0.3327122662305988, -2.3259476836659868e-14, 16.988101403709987, 0.33271226584246816, 1.3130128779883754e-14, -16.98810140373032, 1.0243118958895372, 1.0160834496607078e-14, 0.1815212361996233, -1.0243118961184845, -1.9982365432814787e-14, -0.18152123624998545, -1.0243118959394726, 1.2839867706016742e-14, 0.18152123618647587, 1.0243118960944995, -1.4133431595284176e-14, -0.1815212362020325, 16.010337203557665, 1.6644062594085064e-14, 0.3327122662885112, -16.010337203698814, -9.114926963756576e-15, -0.3327122662305988, 53.98966279648297, 1.4620868877994457e-14, 0.33271226624344985, 16.010337203777816, -1.071744812406948e-14, -0.3327122662248535, 1.8654531775328943e-14, 1.6857668703552688e-27, 2.147085627518341e-14, -1.865453176878688e-14, -2.8022554564716674e-27, -2.1470856273606616e-14, -1.8654531773772545e-14, 1.1623629323182932e-27, 2.1470856275467653e-14, 1.865453176988377e-14, -1.8514159199027496e-27, -2.1470856275128692e-14, -1.4620868878740227e-14, 2.3703543991506605e-27, 2.3259476835120258e-14, 1.462086888308602e-14, -1.5249785187540861e-27, -2.3259476836659868e-14, 1.4620868877994457e-14, 70.0, 2.32594768362383e-14, -1.4620868884953535e-14, -9.418725686852487e-28, -2.3259476836695752e-14, -0.09260330504084499, 1.9308469185553877e-14, 0.5382171827785317, 0.09260330468950692, -3.5643542953333e-14, -0.538217182885583, 0.09260330494644373, 1.6913859445912894e-14, 0.5382171827527803, -0.09260330476186057, -2.2635946792301317e-14, -0.5382171827765123, -0.33271226619180017, 3.04122860451526e-14, -16.988101403612802, 0.332712265947632, -1.7949935993497136e-14, 16.988101403709987, 0.33271226624344985, 2.32594768362383e-14, 53.01189859630545, -0.33271226585532165, -1.3130128779672868e-14, 16.988101403714875, -1.0243118955493173, -1.016083449798124e-14, -0.18152123581450122, 1.0243118957782649, 1.998236543924009e-14, 0.1815212358648635, 1.024311895599253, -1.2839867709242494e-14, -0.18152123580135535, -1.0243118957542783, 1.4133431602000065e-14, 0.18152123581691135, -16.01033720381844, -1.6644062599489632e-14, -0.3327122659003816, 16.01033720395959, 9.114926964852162e-15, 0.33271226584246816, 16.010337203777816, -1.4620868884953535e-14, -0.33271226585532165, 53.98966279596141, 1.0717448126868974e-14, 0.33271226583672586, -9.591625499077486e-15, -8.212691408570409e-28, -1.3354599272232825e-14, 9.591625496401738e-15, 1.390282688295178e-27, 1.335459927157978e-14, 9.591625498656902e-15, -6.013901293026906e-28, -1.3354599272355124e-14, -9.591625496906784e-15, 9.02303343025757e-28, 1.3354599272239158e-14, 1.0717448124647277e-14, -1.1760862784251446e-27, -1.3130128779268166e-14, -1.0717448126452768e-14, 7.462749676101269e-28, 1.3130128779883754e-14, -1.071744812406948e-14, -9.418725686852487e-28, -1.3130128779672868e-14, 1.0717448126868974e-14, 70.0, 1.3130128779855752e-14, 0.09260330506054043, -1.930846918559184e-14, -0.5382171827562976, -0.09260330470920397, 3.564354295365079e-14, 0.53821718286335, -0.09260330496613906, -1.691385944612658e-14, -0.5382171827305483, 0.09260330478155818, 2.263594679275962e-14, 0.5382171827542788, 0.3327122661732055, -3.041228604542206e-14, 16.988101403633145, -0.332712265929037, 1.7949935993526012e-14, -16.98810140373032, -0.3327122662248535, -2.3259476836695752e-14, 16.988101403714875, 0.33271226583672586, 1.3130128779855752e-14, 53.01189859626479]]}, {"__ndarray__": [[24], "float64", [9.777876288944674, 3.0864027432284997, 0.1068128072133037, 1.603070641452747, 1.0288009144095, 4.202397714003163, 7.293544106651286, 1.0288009144095, 2.261418067821508, 4.087402823745943, 3.0864027432284997, 2.047792453394895, 1.3415388078754078, 3.0864027432284997, 1.8112112546285248, 10.039408122521985, 1.0288009144095, 2.497999266587817, 4.348934657323213, 1.0288009144095, 3.965816515236771, 7.032012273073888, 3.0864027432284997, 0.3433940059796165]]}, {"__ndarray__": [[24], "float64", [-1.4271550045009268e-05, 9.965833733466029e-16, -3.549176023081679e-05, 1.4271548827267215e-05, -1.1259007401198085e-15, 3.549175985552758e-05, 1.4271549714811376e-05, -8.72021598733081e-16, -3.5491760307431505e-05, -1.4271549041140839e-05, 8.97278316175793e-16, 3.549176024245852e-05, -2.7110207944003057e-05, 9.709057127932553e-16, -0.00013759354293757064, 2.7110207147997e-05, -8.730096277077992e-16, 0.0001375935432880867, 2.7110208124435983e-05, -7.553521655196585e-16, -0.00013759354321687825, -2.7110206784356893e-05, 7.648354700991804e-16, 0.00013759354330662786]]}, 0.2]