[{"__ndarray__": [[24, 24], "float64", [54.059543973526374, 8.635958959560838e-15, -0.21068949100696632, 15.940456026213678, -3.8883367824288056e-14, 0.21068949097555562, 15.940456027099678, -4.2628537221212134e-15, -0.2106894908847684, -15.940456027026128, -4.6949005855547635e-14, 0.21068949087633165, -0.9407779550942041, 4.2952354389135544e-14, -0.08254151960055128, 0.9407779550556206, -1.2358939083958345e-14, 0.08254151959671685, 0.9407779559228648, 4.371040290321072e-14, -0.08254151950150668, -0.9407779557058452, 5.873534003112459e-15, 0.08254151950440997, 8.635958959560838e-15, 70.0, 8.705218108673585e-15, -8.635958960726364e-15, -8.098374106224239e-28, -8.705218108700492e-15, -8.635958958177773e-15, -4.0126845229223773e-28, 8.705218109001486e-15, 8.635958958479632e-15, -4.888217754559803e-28, -8.705218109123247e-15, -6.9034845013401775e-15, 8.954626539109898e-28, 4.794708994762546e-15, 6.903484501206375e-15, -3.1809071295958644e-28, -4.794708994656471e-15, 6.9034845036123675e-15, 4.401314203762016e-28, 4.794708995100886e-15, -6.903484502930951e-15, 4.263619454693866e-28, -4.794708995048084e-15, -0.21068949100696632, 8.705218108673585e-15, 53.271994495004996, 0.21068949079932803, -4.339198984171831e-14, 16.72800550498046, 0.21068949159929035, -2.6869925656641343e-14, -16.728005504885974, -0.21068949152678235, -1.3701528393998381e-14, 16.728005504877814, -0.1759786212051817, 4.793517151918165e-14, 0.5867669184444799, 0.17597862114093848, -1.440779172933371e-14, -0.58676691844149, 0.1759786219507461, 1.1283813526614736e-14, 0.5867669185343984, -0.1759786217500438, 2.867823368290763e-14, -0.5867669185250008, 15.940456026213678, -8.635958960726364e-15, 0.21068949079932803, 54.05954397404627, 3.8883367820817655e-14, -0.21068949076791704, -15.940456026839733, 4.262853721565825e-15, 0.2106894906771299, 15.94045602676618, 4.6949005850952185e-14, -0.21068949066869336, 0.9407779552348614, -4.295235438510449e-14, 0.08254151939738413, -0.940777955196277, 1.2358939084690358e-14, -0.08254151939355098, -0.9407779560635232, -4.371040289932554e-14, 0.08254151929834033, 0.9407779558465025, -5.873534002114156e-15, -0.08254151930124307, -3.8883367824288056e-14, -8.098374106224239e-28, -4.339198984171831e-14, 3.8883367820817655e-14, 70.0, 4.339198984152148e-14, 3.888336783619981e-14, 1.9989533446605664e-27, -4.3391989839968307e-14, -3.8883367834554437e-14, 2.5862368486356765e-27, 4.339198983978498e-14, 3.6414758512312583e-14, -4.824319076610543e-27, -3.7893966150517175e-14, -3.6414758514311014e-14, 1.3337990075923919e-27, 3.7893966150667696e-14, -3.6414758498361534e-14, -2.3228583651747997e-27, -3.789396614924533e-14, 3.641475850143866e-14, -2.1586210779774278e-27, 3.789396614935285e-14, 0.21068949097555562, -8.705218108700492e-15, 16.72800550498046, -0.21068949076791704, 4.339198984152148e-14, 53.27199449503411, -0.21068949156787864, 2.6869925657122902e-14, 16.72800550487141, 0.2106894914953727, 1.3701528393377232e-14, -16.728005504863248, 0.17597862119871105, -4.793517151895105e-14, -0.5867669184595493, -0.17597862113446788, 1.4407791729366712e-14, 0.5867669184565598, -0.17597862194427638, -1.1283813526068402e-14, -0.586766918549467, 0.1759786217435731, -2.8678233683327485e-14, 0.5867669185400721, 15.940456027099678, -8.635958958177773e-15, 0.21068949159929035, -15.940456026839733, 3.888336783619981e-14, -0.21068949156787864, 54.05954397227426, 4.26285372071839e-15, 0.21068949147709237, 15.940456027652182, 4.694900587102184e-14, -0.21068949146865612, 0.9407779546812571, -4.2952354403604755e-14, 0.08254152013653077, -0.9407779546426738, 1.2358939084436335e-14, -0.08254152013269817, -0.9407779555099165, -4.371040291529212e-14, 0.08254152003748783, 0.9407779552929001, -5.873534004242903e-15, -0.08254152004039378, -4.2628537221212134e-15, -4.0126845229223773e-28, -2.6869925656641343e-14, 4.262853721565825e-15, 1.9989533446605664e-27, 2.6869925657122902e-14, 4.26285372071839e-15, 70.0, -2.6869925656943203e-14, -4.262853721039605e-15, 9.017872885519026e-28, 2.6869925657058203e-14, 6.418442693650341e-15, -2.208682063935471e-27, -2.0075927782298513e-14, -6.41844269342797e-15, 6.475679932031381e-28, 2.0075927782130542e-14, -6.4184426947288446e-15, -7.981461140261859e-28, -2.0075927782575302e-14, 6.418442694415422e-15, -1.1658885464052194e-27, 2.0075927782382186e-14, -0.2106894908847684, 8.705218109001486e-15, -16.728005504885974, 0.2106894906771299, -4.3391989839968307e-14, 16.72800550487141, 0.21068949147709237, -2.6869925656943203e-14, 53.27199449522307, -0.2106894914045861, -1.3701528391517878e-14, 16.728005504768767, -0.17597862126460617, 4.793517151705923e-14, 0.5867669185459943, 0.17597862120036278, -1.440779172940661e-14, -0.5867669185430058, 0.1759786220101679, 1.1283813524648658e-14, 0.5867669186359132, -0.17597862180946722, 2.86782336828348e-14, -0.5867669186265182, -15.940456027026128, 8.635958958479632e-15, -0.21068949152678235, 15.94045602676618, -3.8883367834554437e-14, 0.2106894914953727, 15.940456027652182, -4.262853721039605e-15, -0.2106894914045861, 54.05954397242134, -4.694900586868991e-14, 0.21068949139615056, -0.9407779546984629, 4.295235440171134e-14, -0.08254152006837065, 0.9407779546598795, -1.2358939084562824e-14, 0.08254152006453608, 0.9407779555271221, 4.371040291329365e-14, -0.08254151996932549, -0.9407779553101021, 5.873534004353391e-15, 0.08254151997223014, -4.6949005855547635e-14, -4.888217754559803e-28, -1.3701528393998381e-14, 4.6949005850952185e-14, 2.5862368486356765e-27, 1.3701528393377232e-14, 4.694900587102184e-14, 9.017872885519026e-28, -1.3701528391517878e-14, -4.694900586868991e-14, 70.0, 1.3701528391072338e-14, 3.4626434457212224e-14, -2.8563763337495788e-27, -1.481889736136982e-14, -3.462643445977552e-14, 7.818052293463994e-28, 1.4818897361667507e-14, -3.4626434438811816e-14, -1.8332883641297526e-27, -1.4818897359460738e-14, 3.4626434443199365e-14, -1.003666082846446e-27, 1.481889735976332e-14, 0.21068949087633165, -8.705218109123247e-15, 16.728005504877814, -0.21068949066869336, 4.339198983978498e-14, -16.728005504863248, -0.21068949146865612, 2.6869925657058203e-14, 16.728005504768767, 0.21068949139615056, 1.3701528391072338e-14, 53.271994495239404, 0.17597862127677166, -4.793517151682488e-14, -0.5867669185532869, -0.17597862121252733, 1.4407791729482612e-14, 0.5867669185502975, -0.17597862202233527, -1.1283813524285955e-14, -0.5867669186432061, 0.17597862182163276, -2.8678233682884744e-14, 0.586766918633808, -0.9407779550942041, -6.9034845013401775e-15, -0.1759786212051817, 0.9407779552348614, 3.6414758512312583e-14, 0.17597862119871105, 0.9407779546812571, 6.418442693650341e-15, -0.17597862126460617, -0.9407779546984629, 3.4626434457212224e-14, 0.17597862127677166, 53.87326165430311, -4.016542772828857e-14, -0.3274645788395918, 16.126738345744204, 1.1341815505436183e-14, 0.32746457881907887, 16.12673834518168, -3.042414776358204e-14, -0.32746457886791513, -16.126738345289176, -1.0246910672425602e-14, 0.3274645788653693, 4.2952354389135544e-14, 8.954626539109898e-28, 4.793517151918165e-14, -4.295235438510449e-14, -4.824319076610543e-27, -4.793517151895105e-14, -4.2952354403604755e-14, -2.208682063935471e-27, 4.793517151705923e-14, 4.295235440171134e-14, -2.8563763337495788e-27, -4.793517151682488e-14, -4.016542772828857e-14, 70.0, 4.181665713067462e-14, 4.0165427730461605e-14, -1.4741188729129515e-27, -4.1816657130884325e-14, 4.0165427711386274e-14, 2.5655818363843353e-27, 4.1816657129096855e-14, -4.016542771506705e-14, 2.384820007179627e-27, -4.1816657129258666e-14, -0.08254151960055128, 4.794708994762546e-15, 0.5867669184444799, 0.08254151939738413, -3.7893966150517175e-14, -0.5867669184595493, 0.08254152013653077, -2.0075927782298513e-14, 0.5867669185459943, -0.08254152006837065, -1.481889736136982e-14, -0.5867669185532869, -0.3274645788395918, 4.181665713067462e-14, 53.07469929097873, 0.32746457878575, -9.884852022309679e-15, 16.92530070902512, 0.3274645795201108, 1.2381227854508749e-14, -16.92530070893562, -0.3274645793324854, 2.2172460388346386e-14, 16.925300708943954, 0.9407779550556206, 6.903484501206375e-15, 0.17597862114093848, -0.940777955196277, -3.6414758514311014e-14, -0.17597862113446788, -0.9407779546426738, -6.41844269342797e-15, 0.17597862120036278, 0.9407779546598795, -3.462643445977552e-14, -0.17597862121252733, 16.126738345744204, 4.0165427730461605e-14, 0.32746457878575, 53.873261654208505, -1.1341815505433179e-14, -0.3274645787652408, -16.126738345228983, 3.042414776595429e-14, 0.3274645788140744, 16.12673834533648, 1.0246910672293562e-14, -0.3274645788115266, -1.2358939083958345e-14, -3.1809071295958644e-28, -1.440779172933371e-14, 1.2358939084690358e-14, 1.3337990075923919e-27, 1.4407791729366712e-14, 1.2358939084436335e-14, 6.475679932031381e-28, -1.440779172940661e-14, -1.2358939084562824e-14, 7.818052293463994e-28, 1.4407791729482612e-14, 1.1341815505436183e-14, -1.4741188729129515e-27, -9.884852022309679e-15, -1.1341815505433179e-14, 70.0, 9.884852022228834e-15, -1.1341815505543304e-14, -7.010870182764507e-28, -9.884852022424992e-15, 1.1341815505338779e-14, -6.935127186923767e-28, 9.884852022410316e-15, 0.08254151959671685, -4.794708994656471e-15, -0.58676691844149, -0.08254151939355098, 3.7893966150667696e-14, 0.5867669184565598, -0.08254152013269817, 2.0075927782130542e-14, -0.5867669185430058, 0.08254152006453608, 1.4818897361667507e-14, 0.5867669185502975, 0.32746457881907887, -4.1816657130884325e-14, 16.92530070902512, -0.3274645787652408, 9.884852022228834e-15, 53.074699290971026, -0.3274645794995993, -1.2381227854697946e-14, 16.925300708939464, 0.32746457931197587, -2.2172460388269734e-14, -16.9253007089478, 0.9407779559228648, 6.9034845036123675e-15, 0.1759786219507461, -0.9407779560635232, -3.6414758498361534e-14, -0.17597862194427638, -0.9407779555099165, -6.4184426947288446e-15, 0.1759786220101679, 0.9407779555271221, -3.4626434438811816e-14, -0.17597862202233527, 16.12673834518168, 4.0165427711386274e-14, 0.3274645795201108, -16.126738345228983, -1.1341815505543304e-14, -0.3274645794995993, 53.87326165533356, 3.042414774913035e-14, 0.32746457954843405, 16.12673834477395, 1.0246910670560006e-14, -0.3274645795458879, 4.371040290321072e-14, 4.401314203762016e-28, 1.1283813526614736e-14, -4.371040289932554e-14, -2.3228583651747997e-27, -1.1283813526068402e-14, -4.371040291529212e-14, -7.981461140261859e-28, 1.1283813524648658e-14, 4.371040291329365e-14, -1.8332883641297526e-27, -1.1283813524285955e-14, -3.042414776358204e-14, 2.5655818363843353e-27, 1.2381227854508749e-14, 3.042414776595429e-14, -7.010870182764507e-28, -1.2381227854697946e-14, 3.042414774913035e-14, 70.0, 1.2381227853039028e-14, -3.042414775271663e-14, 8.85328916211053e-28, -1.2381227853238454e-14, -0.08254151950150668, 4.794708995100886e-15, 0.5867669185343984, 0.08254151929834033, -3.789396614924533e-14, -0.586766918549467, 0.08254152003748783, -2.0075927782575302e-14, 0.5867669186359132, -0.08254151996932549, -1.4818897359460738e-14, -0.5867669186432061, -0.32746457886791513, 4.1816657129096855e-14, -16.92530070893562, 0.3274645788140744, -9.884852022424992e-15, 16.925300708939464, 0.32746457954843405, 1.2381227853039028e-14, 53.07469929115003, -0.32746457936081097, 2.21724603882869e-14, 16.925300708858302, -0.9407779557058452, -6.903484502930951e-15, -0.1759786217500438, 0.9407779558465025, 3.641475850143866e-14, 0.1759786217435731, 0.9407779552929001, 6.418442694415422e-15, -0.17597862180946722, -0.9407779553101021, 3.4626434443199365e-14, 0.17597862182163276, -16.126738345289176, -4.016542771506705e-14, -0.3274645793324854, 16.12673834533648, 1.1341815505338779e-14, 0.32746457931197587, 16.12673834477395, -3.042414775271663e-14, -0.32746457936081097, 53.87326165511854, -1.0246910670845214e-14, 0.32746457935826295, 5.873534003112459e-15, 4.263619454693866e-28, 2.867823368290763e-14, -5.873534002114156e-15, -2.1586210779774278e-27, -2.8678233683327485e-14, -5.873534004242903e-15, -1.1658885464052194e-27, 2.86782336828348e-14, 5.873534004353391e-15, -1.003666082846446e-27, -2.8678233682884744e-14, -1.0246910672425602e-14, 2.384820007179627e-27, 2.2172460388346386e-14, 1.0246910672293562e-14, -6.935127186923767e-28, -2.2172460388269734e-14, 1.0246910670560006e-14, 8.85328916211053e-28, 2.21724603882869e-14, -1.0246910670845214e-14, 70.0, -2.2172460388188023e-14, 0.08254151950440997, -4.794708995048084e-15, -0.5867669185250008, -0.08254151930124307, 3.789396614935285e-14, 0.5867669185400721, -0.08254152004039378, 2.0075927782382186e-14, -0.5867669186265182, 0.08254151997223014, 1.481889735976332e-14, 0.586766918633808, 0.3274645788653693, -4.1816657129258666e-14, 16.925300708943954, -0.3274645788115266, 9.884852022410316e-15, -16.9253007089478, -0.3274645795458879, -1.2381227853238454e-14, 16.925300708858302, 0.32746457935826295, -2.2172460388188023e-14, 53.07469929113335]]}, {"__ndarray__": [[24], "float64", [9.844064342708181, 3.108358860304312, 0.11836818947445028, 1.6178446085355072, 1.0361196201014375, 4.22149728463678, 7.348799084157013, 1.0361196201014375, 2.2883009265300127, 4.113109867086538, 3.108358860304312, 2.0515645475812048, 1.362391240867285, 3.108358860304312, 1.7883788509969547, 10.099517710376313, 1.0361196201014375, 2.551486623114263, 4.368563234754263, 1.0361196201014375, 3.9583115880525175, 7.0933457164892415, 3.108358860304312, 0.38155388605869933]]}, {"__ndarray__": [[24], "float64", [-0.0004296943373079934, 1.1597906017169092e-15, -0.0003899425545611417, 0.0004296943365928173, -1.2828724801937575e-15, 0.00038994255453353834, 0.00042969433930203276, -1.2303850764359088e-15, -0.0003899425541972676, -0.0004296943390476462, 1.0026890341706724e-15, 0.0003899425541738614, 0.00012302511735961912, 1.1010561794849934e-15, -0.00043506297585623886, -0.00012302511754962858, -9.851831581955564e-16, 0.0004350629758884906, -0.00012302511486873662, -8.144501940384541e-16, -0.0004350629755831871, 0.00012302511551954025, 1.0491647403118906e-15, 0.00043506297560194965]]}, 0.2]