[{"__ndarray__": [[24, 24], "float64", [54.07526062218504, -3.0934639842028447e-15, -0.21010361461475707, 15.924739377446262, -2.1189067356293083e-14, 0.21010361464526228, 15.924739377236486, 4.635379116776462e-15, -0.2101036147825897, -15.924739377354081, -1.3759847728111601e-14, 0.2101036146612415, -0.9491771076716984, 1.1369200195417146e-14, -0.08460065309677595, 0.9491771077675422, 6.171176815231803e-15, 0.08460065310280585, 0.9491771075817552, 1.610580986595481e-14, -0.0846006531076231, -0.9491771072206365, -1.941039944114621e-15, 0.08460065320964899, -3.0934639842028447e-15, 70.0, 8.496065627089973e-15, 3.093463988277439e-15, -2.6209895060368956e-28, -8.496065627487795e-15, 3.0934639908926486e-15, 3.582521077561658e-29, 8.496065629061981e-15, -3.0934639897395075e-15, -1.2756504479956137e-28, -8.496065627701261e-15, 1.5509445079727733e-15, 1.4144464969131756e-28, 7.345981483993604e-15, -1.5509445088393638e-15, -9.746223609222921e-29, -7.34598148397897e-15, -1.5509445061635303e-15, 1.5371773105423384e-28, 7.345981484100653e-15, 1.5509445022219505e-15, 3.426760588069864e-30, -7.345981485224573e-15, -0.21010361461475707, 8.496065627089973e-15, 53.26593396953488, 0.2101036142685626, -1.8936343205468003e-14, 16.734066030486012, 0.21010361410780892, 1.075554269321188e-14, -16.734066030620067, -0.21010361418095813, -1.657869747173723e-14, 16.734066030504458, -0.173006197147768, 1.012910441028117e-14, 0.5786961587579892, 0.17300619725550775, -6.280892369421339e-15, -0.5786961587540084, 0.1730061970718637, 1.6256371690871385e-14, 0.5786961587483332, -0.17300619675481094, -5.707968194521834e-15, -0.5786961586592417, 15.924739377446262, 3.093463988277439e-15, 0.2101036142685626, 54.075260622922464, 2.1189067354866396e-14, -0.2101036142990685, -15.924739376867766, -4.635379119979313e-15, 0.21010361443639608, 15.924739376985372, 1.3759847728173648e-14, -0.21010361431504732, 0.9491771078547651, -1.1369200196465966e-14, 0.08460065275072892, -0.9491771079506113, -6.1711768187963055e-15, -0.08460065275676185, -0.9491771077648233, -1.6105809864460517e-14, 0.08460065276157777, 0.9491771074037064, 1.9410399476608062e-15, -0.0846006528636043, -2.1189067356293083e-14, -2.6209895060368956e-28, -1.8936343205468003e-14, 2.1189067354866396e-14, 70.0, 1.89363432056448e-14, 2.1189067353612994e-14, -2.48287308294261e-28, -1.893634320600707e-14, -2.1189067353710828e-14, 6.471747687985639e-28, 1.8936343205639764e-14, 1.467509414674153e-14, -5.581475929763457e-28, -1.6254685700643246e-14, -1.4675094146439506e-14, 1.1221208040535878e-28, 1.625468570049921e-14, -1.4675094147532287e-14, -7.3893672841532885e-28, -1.6254685700626105e-14, 1.4675094149043773e-14, 8.651833598085404e-29, 1.6254685700929388e-14, 0.21010361464526228, -8.496065627487795e-15, 16.734066030486012, -0.2101036142990685, 1.89363432056448e-14, 53.265933969493105, -0.21010361413831397, -1.0755542692930498e-14, 16.73406603064095, 0.21010361421146495, 1.657869747170772e-14, -16.734066030525344, 0.17300619712083115, -1.012910441022111e-14, -0.578696158739058, -0.1730061972285688, 6.280892369721274e-15, 0.5786961587350765, -0.17300619704492676, -1.625637169098203e-14, -0.5786961587294003, 0.17300619672787426, 5.70796819422825e-15, 0.5786961586403085, 15.924739377236486, 3.0934639908926486e-15, 0.21010361410780892, -15.924739376867766, 2.1189067353612994e-14, -0.21010361413831397, 54.075260623342004, -4.635379121080784e-15, 0.21010361427564112, 15.924739376775591, 1.3759847727635672e-14, -0.21010361415429346, 0.9491771079950877, -1.1369200196813374e-14, 0.08460065260299263, -0.9491771080909306, -6.17117682104387e-15, -0.08460065260902278, -0.9491771079051426, -1.6105809863193824e-14, 0.0846006526138402, 0.9491771075440261, 1.9410399492120065e-15, -0.08460065271586736, 4.635379116776462e-15, 3.582521077561658e-29, 1.075554269321188e-14, -4.635379119979313e-15, -2.48287308294261e-28, -1.0755542692930498e-14, -4.635379121080784e-15, 70.0, 1.075554269174356e-14, 4.635379120331303e-15, -4.254136737961397e-28, -1.0755542692910945e-14, -1.7485231377522873e-14, 1.36164498452849e-28, 8.452335388210357e-15, 1.7485231378044193e-14, -3.070824283240784e-29, -8.452335388201658e-15, 1.748523137693024e-14, 3.5084376541526396e-28, 8.452335388174327e-15, -1.7485231374000208e-14, -2.4502616420339015e-28, -8.45233538730434e-15, -0.2101036147825897, 8.496065629061981e-15, -16.734066030620067, 0.21010361443639608, -1.893634320600707e-14, 16.73406603064095, 0.21010361427564112, 1.075554269174356e-14, 53.26593396922499, -0.21010361434879127, -1.6578697471720528e-14, 16.734066030659402, -0.17300619706328113, 1.0129104409714845e-14, 0.5786961586083865, 0.17300619717101906, -6.280892371149288e-15, -0.5786961586044072, 0.17300619698737507, 1.6256371691544684e-14, 0.578696158598732, -0.1730061966703244, -5.707968192888553e-15, -0.5786961585096388, -15.924739377354081, -3.0934639897395075e-15, -0.21010361418095813, 15.924739376985372, -2.1189067353710828e-14, 0.21010361421146495, 15.924739376775591, 4.635379120331303e-15, -0.21010361434879127, 54.075260623106814, -1.3759847727393506e-14, 0.21010361422744306, -0.9491771079584261, 1.1369200196327203e-14, -0.08460065269205422, 0.9491771080542715, 6.1711768199536726e-15, 0.08460065269808836, 0.9491771078684823, 1.610580986329901e-14, -0.0846006527029042, -0.9491771075073663, -1.941039948259842e-15, 0.0846006528049296, -1.3759847728111601e-14, -1.2756504479956137e-28, -1.657869747173723e-14, 1.3759847728173648e-14, 6.471747687985639e-28, 1.657869747170772e-14, 1.3759847727635672e-14, -4.254136737961397e-28, -1.6578697471720528e-14, -1.3759847727393506e-14, 70.0, 1.6578697471757658e-14, 1.998833908106947e-14, -3.4603145544637847e-28, -1.2581110919779203e-14, -1.9988339081275876e-14, 5.443278069636784e-29, 1.2581110919793972e-14, -1.998833908186234e-14, -6.172449560708802e-28, -1.258111091984986e-14, 1.9988339081944988e-14, 2.4618598578978706e-28, 1.258111091973622e-14, 0.2101036146612415, -8.496065627701261e-15, 16.734066030504458, -0.21010361431504732, 1.8936343205639764e-14, -16.734066030525344, -0.21010361415429346, -1.0755542692910945e-14, 16.734066030659402, 0.21010361422744306, 1.6578697471757658e-14, 53.26593396945621, 0.17300619712517634, -1.012910441012195e-14, -0.5786961587199898, -0.17300619723291505, 6.280892369945302e-15, 0.578696158716009, -0.173006197049271, -1.6256371691060993e-14, -0.5786961587103331, 0.1730061967322189, 5.707968194149845e-15, 0.5786961586212409, -0.9491771076716984, 1.5509445079727733e-15, -0.173006197147768, 0.9491771078547651, 1.467509414674153e-14, 0.17300619712083115, 0.9491771079950877, -1.7485231377522873e-14, -0.17300619706328113, -0.9491771079584261, 1.998833908106947e-14, 0.17300619712517634, 53.88498029907734, -8.436223734414405e-15, -0.32544502420623894, 16.1150197008667, -1.5445061001550146e-15, 0.3254450242084098, 16.115019701036402, -1.6897393474810742e-14, -0.3254450242012539, -16.11501970123596, 1.0325204599346442e-14, 0.3254450241570764, 1.1369200195417146e-14, 1.4144464969131756e-28, 1.012910441028117e-14, -1.1369200196465966e-14, -5.581475929763457e-28, -1.012910441022111e-14, -1.1369200196813374e-14, 1.36164498452849e-28, 1.0129104409714845e-14, 1.1369200196327203e-14, -3.4603145544637847e-28, -1.012910441012195e-14, -8.436223734414405e-15, 70.0, 9.035246673312663e-15, 8.436223734749676e-15, -6.339130493114636e-29, -9.03524667314911e-15, 8.43622373404932e-15, 3.9309373232044133e-28, 9.035246673168006e-15, -8.436223733190893e-15, -4.686364915883741e-29, -9.03524667287006e-15, -0.08460065309677595, 7.345981483993604e-15, 0.5786961587579892, 0.08460065275072892, -1.6254685700643246e-14, -0.578696158739058, 0.08460065260299263, 8.452335388210357e-15, 0.5786961586083865, -0.08460065269205422, -1.2581110919779203e-14, -0.5786961587199898, -0.32544502420623894, 9.035246673312663e-15, 53.06665225060064, 0.32544502430472894, -6.033504944373764e-15, 16.933347749403666, 0.3254450241364241, 1.2185614675530267e-14, -16.93334774940749, -0.32544502383877827, -3.753920999531728e-15, 16.933347749498914, 0.9491771077675422, -1.5509445088393638e-15, 0.17300619725550775, -0.9491771079506113, -1.4675094146439506e-14, -0.1730061972285688, -0.9491771080909306, 1.7485231378044193e-14, 0.17300619717101906, 0.9491771080542715, -1.9988339081275876e-14, -0.17300619723291505, 16.1150197008667, 8.436223734749676e-15, 0.32544502430472894, 53.88498029918923, 1.544506100942528e-15, -0.32544502430690164, -16.115019700980465, 1.689739347469602e-14, 0.32544502429974304, 16.115019701180017, -1.0325204600116067e-14, -0.3254450242555648, 6.171176815231803e-15, -9.746223609222921e-29, -6.280892369421339e-15, -6.1711768187963055e-15, 1.1221208040535878e-28, 6.280892369721274e-15, -6.17117682104387e-15, -3.070824283240784e-29, -6.280892371149288e-15, 6.1711768199536726e-15, 5.443278069636784e-29, 6.280892369945302e-15, -1.5445061001550146e-15, -6.339130493114636e-29, -6.033504944373764e-15, 1.544506100942528e-15, 70.0, 6.033504944360406e-15, 1.544506098680897e-15, -5.642397184037052e-29, -6.0335049444634955e-15, -1.544506095249786e-15, 1.7984645721799298e-30, 6.0335049454468296e-15, 0.08460065310280585, -7.34598148397897e-15, -0.5786961587540084, -0.08460065275676185, 1.625468570049921e-14, 0.5786961587350765, -0.08460065260902278, -8.452335388201658e-15, -0.5786961586044072, 0.08460065269808836, 1.2581110919793972e-14, 0.578696158716009, 0.3254450242084098, -9.03524667314911e-15, 16.933347749403666, -0.32544502430690164, 6.033504944360406e-15, 53.06665225059204, -0.3254450241385931, -1.2185614675559726e-14, 16.933347749411805, 0.3254450238409474, 3.75392099951661e-15, -16.933347749503216, 0.9491771075817552, -1.5509445061635303e-15, 0.1730061970718637, -0.9491771077648233, -1.4675094147532287e-14, -0.17300619704492676, -0.9491771079051426, 1.748523137693024e-14, 0.17300619698737507, 0.9491771078684823, -1.998833908186234e-14, -0.173006197049271, 16.115019701036402, 8.43622373404932e-15, 0.3254450241364241, -16.115019700980465, 1.544506098680897e-15, -0.3254450241385931, 53.88498029884982, 1.6897393476055486e-14, 0.32544502413143533, 16.115019701349723, -1.0325204598455846e-14, -0.32544502408726056, 1.610580986595481e-14, 1.5371773105423384e-28, 1.6256371690871385e-14, -1.6105809864460517e-14, -7.3893672841532885e-28, -1.625637169098203e-14, -1.6105809863193824e-14, 3.5084376541526396e-28, 1.6256371691544684e-14, 1.610580986329901e-14, -6.172449560708802e-28, -1.6256371691060993e-14, -1.6897393474810742e-14, 3.9309373232044133e-28, 1.2185614675530267e-14, 1.689739347469602e-14, -5.642397184037052e-29, -1.2185614675559726e-14, 1.6897393476055486e-14, 70.0, 1.2185614675661565e-14, -1.6897393477620633e-14, -1.8956918870902951e-28, -1.218561467592851e-14, -0.0846006531076231, 7.345981484100653e-15, 0.5786961587483332, 0.08460065276157777, -1.6254685700626105e-14, -0.5786961587294003, 0.0846006526138402, 8.452335388174327e-15, 0.578696158598732, -0.0846006527029042, -1.258111091984986e-14, -0.5786961587103331, -0.3254450242012539, 9.035246673168006e-15, -16.93334774940749, 0.32544502429974304, -6.0335049444634955e-15, 16.933347749411805, 0.32544502413143533, 1.2185614675661565e-14, 53.0666522505844, -0.3254450238337905, -3.7539209994574e-15, 16.933347749507046, -0.9491771072206365, 1.5509445022219505e-15, -0.17300619675481094, 0.9491771074037064, 1.4675094149043773e-14, 0.17300619672787426, 0.9491771075440261, -1.7485231374000208e-14, -0.1730061966703244, -0.9491771075073663, 1.9988339081944988e-14, 0.1730061967322189, -16.11501970123596, -8.436223733190893e-15, -0.32544502383877827, 16.115019701180017, -1.544506095249786e-15, 0.3254450238409474, 16.115019701349723, -1.6897393477620633e-14, -0.3254450238337905, 53.88498029845073, 1.0325204595227561e-14, 0.325445023789612, -1.941039944114621e-15, 3.426760588069864e-30, -5.707968194521834e-15, 1.9410399476608062e-15, 8.651833598085404e-29, 5.70796819422825e-15, 1.9410399492120065e-15, -2.4502616420339015e-28, -5.707968192888553e-15, -1.941039948259842e-15, 2.4618598578978706e-28, 5.707968194149845e-15, 1.0325204599346442e-14, -4.686364915883741e-29, -3.753920999531728e-15, -1.0325204600116067e-14, 1.7984645721799298e-30, 3.75392099951661e-15, -1.0325204598455846e-14, -1.8956918870902951e-28, -3.7539209994574e-15, 1.0325204595227561e-14, 70.0, 3.753920998503257e-15, 0.08460065320964899, -7.345981485224573e-15, -0.5786961586592417, -0.0846006528636043, 1.6254685700929388e-14, 0.5786961586403085, -0.08460065271586736, -8.45233538730434e-15, -0.5786961585096388, 0.0846006528049296, 1.258111091973622e-14, 0.5786961586212409, 0.3254450241570764, -9.03524667287006e-15, 16.933347749498914, -0.3254450242555648, 6.0335049454468296e-15, -16.933347749503216, -0.32544502408726056, -1.218561467592851e-14, 16.933347749507046, 0.325445023789612, 3.753920998503257e-15, 53.06665225040151]]}, {"__ndarray__": [[24], "float64", [9.8346119833129, 3.105222272150624, 0.11632750078931568, 1.6157309649528684, 1.035074090716875, 4.219158694336922, 7.340902439085699, 1.035074090716875, 2.284070598352522, 4.1094405091799375, 3.105222272150624, 2.0514155967737837, 1.3593134916858947, 3.105222272150624, 1.7921216122595727, 10.09102945657961, 1.035074090716875, 2.5433645828666647, 4.365857982446891, 1.035074090716875, 3.9598647098226945, 7.084484965818503, 3.105222272150624, 0.37562148530348216]]}, {"__ndarray__": [[24], "float64", [-0.0005787389895074515, 1.4193532160881168e-15, -0.0005663707692565734, 0.0005787389881313595, -1.4176080871502224e-15, 0.000566370769358738, 0.0005787389874051641, -1.2743674606755303e-15, -0.0005663707698708748, -0.0005787389877775941, 1.206780411822358e-15, 0.0005663707694125266, 0.00024246676253493384, 1.147631402272219e-15, -0.0006257663651433286, -0.00024246676215469287, -1.1872114491028801e-15, 0.0006257663651411652, -0.000242466762902906, -1.0057995117710558e-15, -0.0006257663651887495, 0.00024246676427120296, 1.0985344931300266e-15, 0.0006257663655470814]]}, 0.2]