[{"__ndarray__": [[24, 24], "float64", [69.67562117195945, 0.0007000193839246244, -1.000985383436149, 0.30985082511954976, 0.004854335205625895, 1.000042489280193, 0.3133715957180673, 0.001958661908637655, -0.9969829507599568, -0.32988365588212254, 0.001212399311822572, 0.9993692216518195, 1.9313075055806395, 0.00014034021945170472, -1.3820481088224144, -1.932340738039758, -0.0012473538200106606, 1.3770942686982357, -1.8866553862774094, -0.0046392931630562205, -1.384005480248847, 1.9187286818215825, -0.0029791084607270497, 1.3875159444912195, 0.0007000193839246244, 70.00000059254498, 0.0009495529396149525, -0.0007453411680334337, 7.741216627914751e-06, -0.0009514714219090101, -0.0007431160111902986, 5.1554809962958924e-06, 0.000958526251250999, 0.0006898105287616453, 7.845005130422939e-07, -0.000953581495804856, -0.0017068781167976282, -5.434839551710499e-06, 0.0011468625729409172, 0.0016979581450721204, 4.399501227073422e-06, -0.0011585230950326981, 0.0018786794101904765, -2.4335015285372837e-06, 0.0011577033182794895, -0.0017711321719275069, -1.080490349007763e-05, -0.0011490690696798064, -1.000985383436149, 0.0009495529396149525, 67.60792839484473, 1.0002873636974643, 0.004494070894419674, 2.391437473491097, 1.0054977875600868, 0.0006436834825417452, -2.389857373662357, -1.00525839360023, 0.0017837350409840203, 2.3914107303553096, 4.543215762304829, 0.0033870312498688123, -3.2082056037684965, -4.5399864014488465, -0.0048320854205170585, 3.2057840236897115, -4.55977955809363, -0.007152713548857926, -3.218054316075493, 4.557008823016474, 0.0007267265759411156, 3.2195566728959086, 0.30985082511954976, -0.0007453411680334337, 1.0002873636974643, 69.70682169204792, -0.005301035263070723, -0.9992425801199525, -0.2968994995357647, -0.002212977350964743, 0.9958221810256471, 0.31591435419459885, -0.001282080983498502, -0.9984695748067278, -1.9345248085645275, 5.303452957948658e-05, 1.3870693969175, 1.9359182348749377, 0.001129234174803311, -1.3815226044769504, 1.8820965337408626, 0.004885210707385188, 1.3886978884626366, -1.9191773318775853, 0.003473954756785166, -1.3926420715702639, 0.004854335205625895, 7.741216627914751e-06, 0.004494070894419674, -0.005301035263070723, 70.00008514221618, -0.0045142019263802804, -0.005268640606715948, 5.195403437735882e-05, 0.0045867100396908824, 0.0047453951548020274, 1.1313408613851664e-05, -0.004534987579756364, -0.007586504618561005, -4.655104999942438e-05, 0.004782913620976312, 0.007505393233530266, 3.3457756223268144e-05, -0.0049023738951468965, 0.009240979888127514, -3.836780434891697e-05, 0.004869516339489896, -0.00818992299373803, -0.00010468977750357339, -0.004781647493055154, 1.000042489280193, -0.0009514714219090101, 2.391437473491097, -0.9992425801199525, -0.0045142019263802804, 67.60920134813952, -1.0044612337963352, -0.0006556255253517642, 2.389201774378003, 1.0043410165279212, -0.0017866033394152271, -2.390767168585128, -4.54222758693282, -0.0033769770303356175, 3.2076386531224994, 4.539016180179967, 0.004825249837888614, -3.2051894607374747, 4.558417127895094, 0.007162620778400009, 3.21746923882302, -4.555885413034067, -0.0007029925871270756, -3.2189918604022965, 0.3133715957180673, -0.0007431160111902986, 1.0054977875600868, -0.2968994995357647, -0.005268640606715948, -1.0044612337963352, 69.69938697381764, -0.0021904160178002814, 1.0010714140865673, 0.3193917089369444, -0.0012793562594084046, -1.003697562023279, -1.9439931053260686, 2.754224477373099e-05, 1.3934965885149453, 1.9453456711778347, 0.001150748543636941, -1.3880004188552124, 1.892332638614021, 0.004877439265694521, 1.395177228508958, -1.9289359834026758, 0.003425798242452798, -1.3990838048686267, 0.001958661908637655, 5.1554809962958924e-06, 0.0006436834825417452, -0.002212977350964743, 5.195403437735882e-05, -0.0006556255253517642, -0.0021904160178002814, 70.0000300274597, 0.0006980766237623922, 0.001893365407417899, 7.85056563990441e-06, -0.0006674546422896074, -0.0006834353643409988, -2.3740977711690193e-05, 0.00015635439119255625, 0.0006399357409380994, 1.5149631701027533e-05, -0.00022614939456504397, 0.0016100776180398325, -2.7504793590156913e-05, 0.00019769013229299984, -0.001015211941927466, -5.889140005625145e-05, -0.00014657506603495043, -0.9969829507599568, 0.000958526251250999, -2.389857373662357, 0.9958221810256471, 0.0045867100396908824, 2.389201774378003, 1.0010714140865673, 0.0006980766237623922, 67.61245493139054, -1.0013729901684414, 0.0017972520746843547, 2.3891535045978434, 4.539991901475068, 0.00334232827495828, -3.2065231063832025, -4.536843151172422, -0.004802395844845153, 3.2039754995833043, -4.554861262751237, -0.007199677480982809, -3.21629226406498, 4.553174858264775, 0.0006191812768805921, 3.2178870359333014, -0.32988365588212254, 0.0006898105287616453, -1.00525839360023, 0.31591435419459885, 0.0047453951548020274, 1.0043410165279212, 0.3193917089369444, 0.001893365407417899, -1.0013729901684414, 69.66475007590789, 0.0011972570840071963, 1.0036937429200214, 1.9382370444759853, 0.00019661925101718, -1.3862236090471995, -1.9391707140086116, -0.0012864563080839287, 1.381420437108373, -1.8956434689335278, -0.004587320536596322, -1.3882836878694276, 1.9264046553088372, -0.0028486699965432475, 1.3916834849817916, 0.001212399311822572, 7.845005130422939e-07, 0.0017837350409840203, -0.001282080983498502, 1.1313408613851664e-05, -0.0017866033394152271, -0.0012793562594084046, 7.85056563990441e-06, 0.0017972520746843547, 0.0011972570840071963, 70.00000096779232, -0.001789848325734229, -0.003239108360844873, -8.822968039613196e-06, 0.002197311876934459, 0.0032249410379746623, 7.423428085057284e-06, -0.002214938133479365, 0.0035058352667757774, -2.784157420962368e-06, 0.002215326947086235, -0.0033398870968284287, -1.673257023207682e-05, -0.0022022361418219177, 0.9993692216518195, -0.000953581495804856, 2.3914107303553096, -0.9984695748067278, -0.004534987579756364, -2.390767168585128, -1.003697562023279, -0.0006674546422896074, 2.3891535045978434, 1.0036937429200214, -0.001789848325734229, 67.60926895330545, -4.542388079611516, -0.003367991751659257, 3.2078798523219105, 4.539193416855276, 0.004819767942109164, -3.205403077411083, 4.558216010558637, 0.007174074894690718, 3.2176951661890376, -4.55591717554423, -0.0006799802563164856, -3.219237962544862, 1.9313075055806395, -0.0017068781167976282, 4.543215762304829, -1.9345248085645275, -0.007586504618561005, -4.54222758693282, -1.9439931053260686, -0.0006834353643409988, 4.539991901475068, 1.9382370444759853, -0.003239108360844873, -4.542388079611516, 61.380780630246164, -0.006840445109588113, 6.080664065269027, 8.612324923778376, 0.009424706831255411, -6.077322319851682, 8.667140235576708, 0.013059676915618771, 6.100060096421991, -8.651272425767274, -0.002428014457676219, -6.10199384240126, 0.00014034021945170472, -5.434839551710499e-06, 0.0033870312498688123, 5.303452957948658e-05, -4.655104999942438e-05, -0.0033769770303356175, 2.754224477373099e-05, -2.3740977711690193e-05, 0.00334232827495828, 0.00019661925101718, -8.822968039613196e-06, -0.003367991751659257, -0.006840445109588113, 70.0000124616907, 0.0050770271130044595, 0.006868098256953016, -3.6271894808568244e-06, -0.005020345653718248, 0.006166792039013073, 3.2374443887696225e-05, 0.0050617287788452744, -0.006611981431200075, 4.3340887423871314e-05, -0.005102800985001052, -1.3820481088224144, 0.0011468625729409172, -3.2082056037684965, 1.3870693969175, 0.004782913620976312, 3.2076386531224994, 1.3934965885149453, 0.00015635439119255625, -3.2065231063832025, -1.3862236090471995, 0.002197311876934459, 3.2078798523219105, 6.080664065269027, 0.0050770271130044595, 65.71375766076818, -6.075334995766594, -0.006804898985496308, 4.2846435852070215, -6.124465826788766, -0.008904205598378751, -4.300356822591283, 6.106842489723502, 0.0023486366045167226, 4.301165783650414, -1.932340738039758, 0.0016979581450721204, -4.5399864014488465, 1.9359182348749377, 0.007505393233530266, 4.539016180179967, 1.9453456711778347, 0.0006399357409380994, -4.536843151172422, -1.9391707140086116, 0.0032249410379746623, 4.539193416855276, 8.612324923778376, 0.006868098256953016, -6.075334995766594, 61.39462533898532, -0.009437732859255726, 6.0720959605355525, -8.661525165258489, -0.013008478464327091, -6.094772338604443, 8.644822448490388, 0.0025098871864505726, 6.096631332742627, -0.0012473538200106606, 4.399501227073422e-06, -0.0048320854205170585, 0.001129234174803311, 3.3457756223268144e-05, 0.004825249837888614, 0.001150748543636941, 1.5149631701027533e-05, -0.004802395844845153, -0.0012864563080839287, 7.423428085057284e-06, 0.004819767942109164, 0.009424706831255411, -3.6271894808568244e-06, -0.006804898985496308, -0.009437732859255726, 69.99999658999826, 0.006767702014351271, -0.009035272548712912, -2.7944514802178942e-05, -0.006807053456245213, 0.00930212598636756, -2.5448608128064454e-05, 0.006833713917259488, 1.3770942686982357, -0.0011585230950326981, 3.2057840236897115, -1.3815226044769504, -0.0049023738951468965, -3.2051894607374747, -1.3880004188552124, -0.00022614939456504397, 3.2039754995833043, 1.381420437108373, -0.002214938133479365, -3.205403077411083, -6.077322319851682, -0.005020345653718248, 4.2846435852070215, 6.0720959605355525, 0.006767702014351271, 65.7171170424449, 6.118956207577302, 0.008965612481251363, 4.2986578597522564, -6.102721530735619, -0.0022109859213603374, -4.29958547485861, -1.8866553862774094, 0.0018786794101904765, -4.55977955809363, 1.8820965337408626, 0.009240979888127514, 4.558417127895094, 1.892332638614021, 0.0016100776180398325, -4.554861262751237, -1.8956434689335278, 0.0035058352667757774, 4.558216010558637, 8.667140235576708, 0.006166792039013073, -6.124465826788766, -8.661525165258489, -0.009035272548712912, 6.118956207577302, 61.31298335957261, -0.014007843444220066, -6.142748781904517, 8.689271252965224, 0.0006407541025217432, 6.146266086907565, -0.0046392931630562205, -2.4335015285372837e-06, -0.007152713548857926, 0.004885210707385188, -3.836780434891697e-05, 0.007162620778400009, 0.004877439265694521, -2.7504793590156913e-05, -0.007199677480982809, -0.004587320536596322, -2.784157420962368e-06, 0.007174074894690718, 0.013059676915618771, 3.2374443887696225e-05, -0.008904205598378751, -0.013008478464327091, -2.7944514802178942e-05, 0.008965612481251363, -0.014007843444220066, 70.00000729019429, -0.008971352719498353, 0.01342060871950122, 5.9370135785395774e-05, 0.008925641196696556, -1.384005480248847, 0.0011577033182794895, -3.218054316075493, 1.3886978884626366, 0.004869516339489896, 3.21746923882302, 1.395177228508958, 0.00019769013229299984, -3.21629226406498, -1.3882836878694276, 0.002215326947086235, 3.2176951661890376, 6.100060096421991, 0.0050617287788452744, -4.300356822591283, -6.094772338604443, -0.006807053456245213, 4.2986578597522564, -6.142748781904517, -0.008971352719498353, 65.68553769887433, 6.125875075233649, 0.0022764422622167865, 4.3153434414300476, 1.9187286818215825, -0.0017711321719275069, 4.557008823016474, -1.9191773318775853, -0.00818992299373803, -4.555885413034067, -1.9289359834026758, -0.001015211941927466, 4.553174858264775, 1.9264046553088372, -0.0033398870968284287, -4.55591717554423, -8.651272425767274, -0.006611981431200075, 6.106842489723502, 8.644822448490388, 0.00930212598636756, -6.102721530735619, 8.689271252965224, 0.01342060871950122, 6.125875075233649, 61.320158702461505, -0.0017946013732637617, -6.128377130283051, -0.0029791084607270497, -1.080490349007763e-05, 0.0007267265759411156, 0.003473954756785166, -0.00010468977750357339, -0.0007029925871270756, 0.003425798242452798, -5.889140005625145e-05, 0.0006191812768805921, -0.0028486699965432475, -1.673257023207682e-05, -0.0006799802563164856, -0.002428014457676219, 4.3340887423871314e-05, 0.0023486366045167226, 0.0025098871864505726, -2.5448608128064454e-05, -0.0022109859213603374, 0.0006407541025217432, 5.9370135785395774e-05, 0.0022764422622167865, -0.0017946013732637617, 70.00011385623313, -0.0023770279592242984, 1.3875159444912195, -0.0011490690696798064, 3.2195566728959086, -1.3926420715702639, -0.004781647493055154, -3.2189918604022965, -1.3990838048686267, -0.00014657506603495043, 3.2178870359333014, 1.3916834849817916, -0.0022022361418219177, -3.219237962544862, -6.10199384240126, -0.005102800985001052, 4.301165783650414, 6.096631332742627, 0.006833713917259488, -4.29958547485861, 6.146266086907565, 0.008925641196696556, 4.3153434414300476, -6.128377130283051, -0.0023770279592242984, 65.68386236156151]]}, {"__ndarray__": [[24], "float64", [9.927196445604245, 3.1365881534062856, 0.14397045671566192, 1.6388065187572247, 1.0455293847593892, 4.23530852797688, 7.421808005919525, 1.0455293858430645, 2.3336099508973236, 4.144194955512519, 3.1365881530575463, 2.0456690348489452, 1.387245590840578, 3.136588150348349, 1.7428518433572644, 10.178757382864866, 1.0455293882882672, 2.636427139194892, 4.3957559594552515, 1.0455293873090366, 3.9324913440189633, 7.170247053229808, 3.13658814998806, 0.4467876428940764]]}, {"__ndarray__": [[24], "float64", [3.869176646641504e-05, -3.6099678383162205e-08, 9.211469195959592e-05, -3.8686805336568275e-05, -1.6848062521477563e-07, -9.209131575113789e-05, -3.8885386283139106e-05, -2.218622525230842e-08, 9.203416138888478e-05, 3.885059043378869e-05, -6.797121517488008e-08, -9.20913053104793e-05, -0.00017490524068723674, -1.3239505450838287e-07, 0.00012348176881087962, 0.00017477721196255226, 1.8726830427842378e-07, -0.00012339458481873625, 0.0001756225056930339, 2.7290453938787895e-07, 0.00012386435801195478, -0.00017546464224884575, -3.304004513279352e-08, -0.00012391777429096167]]}, 0.2]