[{"__ndarray__": [[24, 24], "float64", [53.79973648211556, 0.003603719203400648, -0.21258418786356076, 16.15305725375368, -0.0082591483650614, 0.21619152024406002, 16.11987846921106, 0.0004112826517949702, -0.22515572655405058, -16.113965247224243, -0.00018680388346035046, 0.2199025792493029, -0.8031799764011074, 0.00692980874142069, -0.023038813958348614, 0.7825564336177007, -0.006238744153585432, 0.01733373344434086, 0.7699695734551629, 0.001722427057516095, -0.021964355070493463, -0.708052989037939, 0.0020174588250220964, 0.029315250371159784, 0.003603719203400648, 69.99999263204676, 0.0011340061193051345, -0.0035084332113398445, 1.317452768203059e-05, -0.0011406046574064677, -0.003437951169016941, 5.027461748346346e-07, 0.0011614789935628035, 0.0034162828130249717, -9.662594138924043e-07, -0.0011488262794515204, -0.002143285943318459, -8.696931827533149e-06, 0.0030992872528265787, 0.0021805181251294964, 8.57219025048789e-06, -0.003090996404904735, 0.002230602209808352, -4.584952579239154e-06, 0.0031027339754443255, -0.0023414520272158667, -6.333670367734231e-07, -0.0031170789994789173, -0.21258418786356076, 0.0011340061193051345, 53.33422504548732, 0.1908816837946098, -0.0017303832750947376, 16.667102148839998, 0.17295271309689275, -0.00039095474872148536, -16.672431429056253, -0.16813073725495392, -0.00018983893452838407, 16.66942343115502, -0.2022120145738096, 0.004440695488550906, 0.6244880080269967, 0.19343911561137622, -0.0026689278624857935, -0.6260166970188664, 0.18200066439026696, -0.001181027222349701, 0.6239322725305219, -0.15634723673757767, 0.0005864302596330173, -0.6207227799264601, 16.15305725375368, -0.0035084332113398445, 0.1908816837946098, 53.892955094383936, 0.008093161916358728, -0.19440593310663085, -16.07476261695791, -0.0004194897607161992, 0.20310676154494273, 16.069125620225066, 0.00020004322015048482, -0.19801121557400964, 0.823861482323983, -0.006802048956857638, -0.009990353991793738, -0.8037026589641052, 0.006117359815115238, 0.015587209337215552, -0.7917627926198814, -0.001671421873046035, -0.011103376610828525, 0.7312286183597622, -0.002009171226935568, 0.0039352247454859934, -0.0082591483650614, 1.317452768203059e-05, -0.0017303832750947376, 0.008093161916358728, 69.99997621918986, 0.00174203402576665, 0.007967248817703138, -2.172147453653715e-07, -0.0017781577333285561, -0.007932092574666708, 1.9619970801867335e-06, 0.001756935406490105, 0.00033357008020540833, 1.5954678984180092e-05, -0.008219069484952782, -0.00039990576898737496, -1.7153930392729825e-05, 0.008203639924723966, -0.00048619381336137413, 8.896150823703025e-06, -0.00822428202234058, 0.0006833597067073187, 1.164600751161788e-06, 0.008249283158876502, 0.21619152024406002, -0.0011406046574064677, 16.667102148839998, -0.19440593310663085, 0.00174203402576665, 53.33156504157477, -0.17641448592870684, 0.0003912006500120012, 16.673782592373918, 0.17157391061874294, 0.00018896158434130093, -16.67076363089562, 0.2018344238210611, -0.004448668573264852, -0.6213992651131496, -0.1930286693719923, 0.0026772418012878303, 0.6229349153138093, -0.1815469035569024, 0.0011769105602778963, -0.6208405707497258, 0.15579613681759785, -0.0005870752153201514, 0.6176187686176636, 16.11987846921106, -0.003437951169016941, 0.17295271309689275, -16.07476261695791, 0.007967248817703138, -0.17641448592870684, 53.95686310733464, -0.00042557003317591233, 0.18492096234634153, 16.037701589272693, 0.0002085205119667721, -0.1799436570138242, 0.8351848707444699, -0.006706980278884891, -0.03286834979613215, -0.8153773306136665, 0.006030298896583696, 0.03838467630643827, -0.8038977863123218, -0.0016348578645761069, -0.03400918294589922, 0.7444096978214823, -0.0020007089580317, 0.026977324074843018, 0.0004112826517949702, 5.027461748346346e-07, -0.00039095474872148536, -0.0004194897607161992, -2.172147453653715e-07, 0.0003912006500120012, -0.00042557003317591233, 70.00000030391392, -0.00039362317656196715, 0.0004293122754958189, 3.115369987893358e-07, 0.0003919964717692487, 0.00142286938619163, -1.8757558814691333e-06, 0.00044285770666905043, -0.0014250835482676571, 7.041058992346443e-07, -0.0004420140795591775, -0.0014325008183463691, 7.903384152046997e-07, 0.0004408213992873428, 0.0014391798470333058, -5.19670784298239e-07, -0.00044028422287976346, -0.22515572655405058, 0.0011614789935628035, -16.672431429056253, 0.20310676154494273, -0.0017781577333285561, 16.673782592373918, 0.18492096234634153, -0.00039362317656196715, 53.320812028567055, -0.1800188030004386, -0.00018623790969323002, 16.676133966672154, -0.19540308673239198, 0.004477526645662559, 0.616831732407622, 0.18649571055002484, -0.002703260126630008, -0.6183911591224727, 0.174871692396397, -0.0011670369437030623, 0.616264465360916, -0.1488175100890619, 0.0005893100749135414, -0.6130021971642476, -16.113965247224243, 0.0034162828130249717, -0.16813073725495392, 16.069125620225066, -0.007932092574666708, 0.17157391061874294, 16.037701589272693, 0.0004293122754958189, -0.1800188030004386, 53.96766658662797, -0.00021140621244088783, 0.17507948411051383, -0.848923368466834, 0.006678874524182584, 0.031528729239701375, 0.8292194337030658, -0.006005113008960724, -0.037022483018276015, 0.8178972669303928, 0.001626658038783739, 0.03268080360092149, -0.7587218815680119, 0.0019974842221814467, -0.025690904436602963, -0.00018680388346035046, -9.662594138924043e-07, -0.00018983893452838407, 0.00020004322015048482, 1.9619970801867335e-06, 0.00018896158434130093, 0.0002085205119667721, 3.115369987893358e-07, -0.00018623790969323002, -0.00021140621244088783, 70.00000015705506, 0.00018810745969664676, -0.0004914719769492509, -1.37295498176411e-06, 0.00032896077022745646, 0.0004968013516721845, 8.172885227487715e-07, -0.0003279721218816863, 0.0005013899890107484, -4.3551749310142e-07, 0.0003291822036441582, -0.0005170729999231787, -4.731457664501768e-07, -0.00033116305182810776, 0.2199025792493029, -0.0011488262794515204, 16.66942343115502, -0.19801121557400964, 0.001756935406490105, -16.67076363089562, -0.1799436570138242, 0.0003919964717692487, 16.676133966672154, 0.17507948411051383, 0.00018810745969664676, 53.32689900810949, 0.20063667596700102, -0.004459992375508754, -0.6192040103221046, -0.19178941275339523, 0.0026870888448563123, 0.6207491018239131, -0.18025530102395043, 0.0011729698882285663, -0.6186421977779377, 0.15438084657604906, -0.0005882792403660407, 0.6154043311966129, -0.8031799764011074, -0.002143285943318459, -0.2022120145738096, 0.823861482323983, 0.00033357008020540833, 0.2018344238210611, 0.8351848707444699, 0.00142286938619163, -0.19540308673239198, -0.848923368466834, -0.0004914719769492509, 0.20063667596700102, 53.761654133379245, 3.5763824874894806e-05, -0.371990774816417, 16.24091696258547, -0.0009582577131898458, 0.3693417382463492, 16.26257015073439, 0.0017089994303798417, -0.36805601210648564, -16.27208425520396, 9.1812923154967e-05, 0.3658490501126877, 0.00692980874142069, -8.696931827533149e-06, 0.004440695488550906, -0.006802048956857638, 1.5954678984180092e-05, -0.004448668573264852, -0.006706980278884891, -1.8757558814691333e-06, 0.004477526645662559, 0.006678874524182584, -1.37295498176411e-06, -0.004459992375508754, 3.5763824874894806e-05, 70.00000077382091, 0.004871404831537251, 1.5031082182094015e-05, 5.340781758615668e-06, -0.004864792410575842, 7.883268844250573e-05, -9.696229057328816e-06, 0.0048807978129767685, -0.0002292816245143734, -4.274098690885544e-07, -0.004896971419465458, -0.023038813958348614, 0.0030992872528265787, 0.6244880080269967, -0.009990353991793738, -0.008219069484952782, -0.6213992651131496, -0.03286834979613215, 0.00044285770666905043, 0.616831732407622, 0.031528729239701375, 0.00032896077022745646, -0.6192040103221046, -0.371990774816417, 0.004871404831537251, 53.164316834822834, 0.3547238084898724, -0.005113362868519735, 16.829576892734565, 0.35163798168108773, 0.0033518015781950554, -16.83320910450093, -0.30000222770896506, 0.0012381203435353869, 16.838598911890017, 0.7825564336177007, 0.0021805181251294964, 0.19343911561137622, -0.8037026589641052, -0.00039990576898737496, -0.1930286693719923, -0.8153773306136665, -0.0014250835482676571, 0.18649571055002484, 0.8292194337030658, 0.0004968013516721845, -0.19178941275339523, 16.24091696258547, 1.5031082182094015e-05, 0.3547238084898724, 53.75632987665496, 0.000909160643098355, -0.3521189512221156, -16.265570269795923, -0.001687823894390541, 0.3507762973748352, 16.275627553114326, -8.869800178006276e-05, -0.34849789859612923, -0.006238744153585432, 8.57219025048789e-06, -0.0026689278624857935, 0.006117359815115238, -1.7153930392729825e-05, 0.0026772418012878303, 0.006030298896583696, 7.041058992346443e-07, -0.002703260126630008, -0.006005113008960724, 8.172885227487715e-07, 0.0026870888448563123, -0.0009582577131898458, 5.340781758615668e-06, -0.005113362868519735, 0.000909160643098355, 69.99999359861064, 0.005104179471486321, 0.0008561702901817144, 7.007690672115186e-06, -0.005118472515109554, -0.0007108747700983122, 1.1132626343142945e-06, 0.005135513255203021, 0.01733373344434086, -0.003090996404904735, -0.6260166970188664, 0.015587209337215552, 0.008203639924723966, 0.6229349153138093, 0.03838467630643827, -0.0004420140795591775, -0.6183911591224727, -0.037022483018276015, -0.0003279721218816863, 0.6207491018239131, 0.3693417382463492, -0.004864792410575842, 16.829576892734565, -0.3521189512221156, 0.005104179471486321, 53.17652205890191, -0.3490834182331236, -0.003344883438490616, 16.827097887619782, 0.2975774959993218, -0.0012371610702834076, -16.83247300019841, 0.7699695734551629, 0.002230602209808352, 0.18200066439026696, -0.7917627926198814, -0.00048619381336137413, -0.1815469035569024, -0.8038977863123218, -0.0014325008183463691, 0.174871692396397, 0.8178972669303928, 0.0005013899890107484, -0.18025530102395043, 16.26257015073439, 7.883268844250573e-05, 0.35163798168108773, -16.265570269795923, 0.0008561702901817144, -0.3490834182331236, 53.71219760337715, -0.001667122824049311, 0.3476663170145854, 16.29859625453093, -8.117773329650239e-05, -0.3452910325849125, 0.001722427057516095, -4.584952579239154e-06, -0.001181027222349701, -0.001671421873046035, 8.896150823703025e-06, 0.0011769105602778963, -0.0016348578645761069, 7.903384152046997e-07, -0.0011670369437030623, 0.001626658038783739, -4.3551749310142e-07, 0.0011729698882285663, 0.0017089994303798417, -9.696229057328816e-06, 0.0033518015781950554, -0.001687823894390541, 7.007690672115186e-06, -0.003344883438490616, -0.001667122824049311, 69.99999971333136, 0.00335034410787965, 0.0016031419298427173, -1.6908122122400123e-06, -0.0033590785300948544, -0.021964355070493463, 0.0031027339754443255, 0.6239322725305219, -0.011103376610828525, -0.00822428202234058, -0.6208405707497258, -0.03400918294589922, 0.0004408213992873428, 0.616264465360916, 0.03268080360092149, 0.0003291822036441582, -0.6186421977779377, -0.36805601210648564, 0.0048807978129767685, -16.83320910450093, 0.3507762973748352, -0.005118472515109554, 16.827097887619782, 0.3476663170145854, 0.00335034410787965, 53.16926592044335, -0.29599049211749906, 0.0012388751677103289, 16.836131327019977, -0.708052989037939, -0.0023414520272158667, -0.15634723673757767, 0.7312286183597622, 0.0006833597067073187, 0.15579613681759785, 0.7444096978214823, 0.0014391798470333058, -0.1488175100890619, -0.7587218815680119, -0.0005170729999231787, 0.15438084657604906, -16.27208425520396, -0.0002292816245143734, -0.30000222770896506, 16.275627553114326, -0.0007108747700983122, 0.2975774959993218, 16.29859625453093, 0.0016031419298427173, -0.29599049211749906, 53.68899700169104, 7.299994982816666e-05, 0.2934029871752528, 0.0020174588250220964, -6.333670367734231e-07, 0.0005864302596330173, -0.002009171226935568, 1.164600751161788e-06, -0.0005870752153201514, -0.0020007089580317, -5.19670784298239e-07, 0.0005893100749135414, 0.0019974842221814467, -4.731457664501768e-07, -0.0005882792403660407, 9.1812923154967e-05, -4.274098690885544e-07, 0.0012381203435353869, -8.869800178006276e-05, 1.1132626343142945e-06, -0.0012371610702834076, -8.117773329650239e-05, -1.6908122122400123e-06, 0.0012388751677103289, 7.299994982816666e-05, 70.00000146654227, -0.0012402203197977568, 0.029315250371159784, -0.0031170789994789173, -0.6207227799264601, 0.0039352247454859934, 0.008249283158876502, 0.6176187686176636, 0.026977324074843018, -0.00044028422287976346, -0.6130021971642476, -0.025690904436602963, -0.00033116305182810776, 0.6154043311966129, 0.3658490501126877, -0.004896971419465458, 16.838598911890017, -0.34849789859612923, 0.005135513255203021, -16.83247300019841, -0.3452910325849125, -0.0033590785300948544, 16.836131327019977, 0.2934029871752528, -0.0012402203197977568, 53.1584446386187]]}, {"__ndarray__": [[24], "float64", [9.899024993401127, 3.1271780300002505, 0.144674243486599, 1.6322822407540942, 1.0423936837883625, 4.22146663906515, 7.397935724636236, 1.042392776538758, 2.3277451790198413, 4.133369661539772, 3.127178256920551, 2.038396059146762, 1.3770657815868075, 3.127178413455939, 1.7444584416248605, 10.154240455802778, 1.0423929823278772, 2.6216832602184463, 4.388587732476576, 1.0423921062022194, 3.927528781990464, 7.14271328625024, 3.127178493307008, 0.4386119875321687]]}, {"__ndarray__": [[24], "float64", [-0.00018604136197796593, 1.4619293908596745e-06, -9.195076708913138e-05, 0.00016648391878785915, -2.922166806430472e-06, 9.334040937775324e-05, 0.0001540764714842051, -2.4620004540406306e-07, -9.723878831141402e-05, -0.00014998516332820732, 7.068350708103921e-10, 9.460248439203819e-05, 7.866686962023088e-05, 2.1860118710085587e-06, -0.00010737473891087996, -8.631926265683541e-05, -1.3827704925961981e-06, 0.00010566621380266574, -9.386409215638195e-05, 4.357617682614949e-07, -0.00010772853096336015, 0.00011698262022709547, 4.667274792301947e-07, 0.00011068371770232832]]}, 0.2]