[{"__ndarray__": [[24, 24], "float64", [53.88948669368835, -5.806091262928091e-13, -0.11055049752169419, 16.110513305479802, 7.370367223554115e-13, 0.11055049773659965, 16.11051330603649, 3.515296827584891e-14, -0.11055049714640161, -16.110513306712246, -1.9307937149578592e-13, 0.11055049720991454, -0.9025182764306032, -6.059141335176708e-13, 0.004831497736332513, 0.902518276362151, 2.1847843716906023e-13, -0.004831497672973167, 0.9025182779895962, 2.0628790411671223e-13, 0.004831497895212478, -0.9025182770426303, 1.8802565465753876e-13, -0.004831497944602969, -5.806091262928091e-13, 70.0, 1.5652842768502003e-13, 5.806091266119409e-13, -6.870434782462557e-25, -1.5652842747295286e-13, 5.806091242492728e-13, -4.805296011470459e-25, 1.5652842754719568e-13, -5.806091258415086e-13, -1.6631022594343635e-25, -1.5652842739750214e-13, -2.306527127375128e-13, 4.756042257212384e-25, 3.6690749509674633e-13, 2.306527142838128e-13, -5.450217009987402e-25, -3.6690749535312704e-13, 2.3065271199327274e-13, 2.227568140600594e-25, 3.669074951235955e-13, -2.306527123151773e-13, 1.9983755592529448e-25, -3.6690749515372945e-13, -0.11055049752169419, 1.5652842768502003e-13, 53.28367239349555, 0.11055049698186942, -5.755543413414172e-13, 16.716327606534048, 0.11055049609302904, -4.54781873249546e-13, -16.71632760648274, -0.11055049638171092, 1.8164652513449614e-13, 16.716327606486793, -0.21489436147824545, 4.226314847186494e-13, 0.5869161264406201, 0.21489436163665498, 6.016075571338234e-15, -0.5869161262906719, 0.21489436091656022, -9.834879345286393e-14, 0.5869161264110468, -0.21489436057602826, 3.55453032191116e-13, -0.5869161263857042, 16.110513305479802, 5.806091266119409e-13, 0.11055049698186942, 53.889486695352055, -7.370367231659566e-13, -0.11055049719677666, -16.11051330520464, -3.515296893011656e-14, 0.1105504966065786, 16.1105133058804, 1.9307937143853314e-13, -0.11055049667009156, 0.9025182782466368, 6.059141340938702e-13, -0.004831497874580176, -0.9025182781781863, -2.184784372603118e-13, 0.0048314978112184714, -0.9025182798056315, -2.0628790390209117e-13, -0.0048314980334590585, 0.902518278858665, -1.8802565416183507e-13, 0.0048314980828513265, 7.370367223554115e-13, -6.870434782462557e-25, -5.755543413414172e-13, -7.370367231659566e-13, 70.0, 5.755543411516688e-13, -7.370367191109589e-13, 4.911469559733957e-25, -5.755543411408969e-13, 7.370367212925512e-13, -1.1281134155169706e-25, 5.755543409621131e-13, -8.989579257323661e-15, -6.446399344227821e-25, -5.004568285205726e-13, 8.989577221331536e-15, 2.935599287331587e-25, 5.004568287083883e-13, 8.989581254587087e-15, 3.928006208783566e-26, -5.004568284590808e-13, -8.989580658902828e-15, -2.398000113082535e-25, 5.004568284941683e-13, 0.11055049773659965, -1.5652842747295286e-13, 16.716327606534048, -0.11055049719677666, 5.755543411516688e-13, 53.28367239343636, -0.11055049630793537, 4.547818731610332e-13, 16.716327606512337, 0.11055049659661825, -1.816465248649664e-13, -16.716327606516398, 0.2148943615038823, -4.2263148464057424e-13, -0.5869161262697082, -0.21489436166229195, -6.0160756842947115e-15, 0.5869161261197592, -0.21489436094219538, 9.834879329290576e-14, -0.5869161262401349, 0.21489436060166398, -3.554530321993103e-13, 0.5869161262147922, 16.11051330603649, 5.806091242492728e-13, 0.11055049609302904, -16.11051330520464, -7.370367191109589e-13, -0.11055049630793537, 53.889486694238656, -3.515296484866353e-14, 0.11055049571773914, 16.110513306437092, 1.9307937853728569e-13, -0.11055049578125034, 0.9025182698546059, 6.059141304923996e-13, -0.004831500637783703, -0.9025182697861549, -2.1847843617548303e-13, 0.004831500574424996, -0.902518271413601, -2.06287910656967e-13, -0.004831500796663252, 0.9025182704666346, -1.880256576596575e-13, 0.004831500846055076, 3.515296827584891e-14, -4.805296011470459e-25, -4.54781873249546e-13, -3.515296893011656e-14, 4.911469559733957e-25, 4.547818731610332e-13, -3.515296484866353e-14, 70.0, -4.547818729895653e-13, 3.51529662776349e-14, 5.561221899885389e-26, 4.547818728738647e-13, 4.522749137179743e-13, -3.286708571146301e-25, -5.067475609621634e-13, -4.522749150395797e-13, 2.5020095632185287e-25, 5.06747561011851e-13, -4.5227491086926407e-13, -1.3169318621339725e-25, -5.067475607814477e-13, 4.522749113611744e-13, -3.3981471714183977e-25, 5.067475607868637e-13, -0.11055049714640161, 1.5652842754719568e-13, -16.71632760648274, 0.1105504966065786, -5.755543411408969e-13, 16.716327606512337, 0.11055049571773914, -4.547818729895653e-13, 53.28367239353895, -0.11055049600642006, 1.8164652590550322e-13, 16.7163276064651, -0.21489436208132556, 4.2263148450978635e-13, 0.5869161265785061, 0.21489436223973432, 6.016075660767803e-15, -0.5869161264285571, 0.21489436151963986, -9.83487941662576e-14, 0.586916126548932, -0.21489436117910832, 3.5545303193725895e-13, -0.58691612652359, -16.110513306712246, -5.806091258415086e-13, -0.11055049638171092, 16.1105133058804, 7.370367212925512e-13, 0.11055049659661825, 16.110513306437092, 3.51529662776349e-14, -0.11055049600642006, 53.889486692887154, -1.9307937859851896e-13, 0.11055049606993399, -0.9025182700919581, -6.059141320980975e-13, 0.004831499912427095, 0.902518270023507, 2.1847843687163278e-13, -0.004831499849064003, 0.9025182716509523, 2.0628791049590367e-13, 0.004831500071305811, -0.9025182707039865, 1.8802565680024502e-13, -0.004831500120694915, -1.9307937149578592e-13, -1.6631022594343635e-25, 1.8164652513449614e-13, 1.9307937143853314e-13, -1.1281134155169706e-25, -1.816465248649664e-13, 1.9307937853728569e-13, 5.561221899885389e-26, 1.8164652590550322e-13, -1.9307937859851896e-13, 70.0, -1.8164652607212983e-13, 1.1595296717519354e-13, 1.048644477666842e-25, -3.379374888087809e-14, -1.1595296704398898e-13, 1.6027768638352583e-25, 3.3793748849392116e-14, -1.1595296034002576e-13, -2.260532651215199e-25, -3.379374799622943e-14, 1.1595296033884729e-13, -5.204046522850947e-26, 3.3793748262356616e-14, 0.11055049720991454, -1.5652842739750214e-13, 16.716327606486793, -0.11055049667009156, 5.755543409621131e-13, -16.716327606516398, -0.11055049578125034, 4.547818728738647e-13, 16.7163276064651, 0.11055049606993399, -1.8164652607212983e-13, 53.28367239353086, 0.2148943621446546, -4.226314843534616e-13, -0.5869161264800284, -0.21489436230306336, -6.016075733582135e-15, 0.5869161263300793, -0.21489436158296954, 9.83487943136151e-14, -0.5869161264504542, 0.2148943612424392, -3.5545303185972965e-13, 0.5869161264251125, -0.9025182764306032, -2.306527127375128e-13, -0.21489436147824545, 0.9025182782466368, -8.989579257323661e-15, 0.2148943615038823, 0.9025182698546059, 4.522749137179743e-13, -0.21489436208132556, -0.9025182700919581, 1.1595296717519354e-13, 0.2148943621446546, 54.01767405676605, 1.1009189701649029e-13, -0.3308914932907775, 15.982325943792205, 1.854276120478905e-13, 0.33089149341248897, 15.982325934924322, -2.2563353292542923e-13, -0.3308914943054556, -15.982325936400036, -3.9351879981417243e-13, 0.33089149368141574, -6.059141335176708e-13, 4.756042257212384e-25, 4.226314847186494e-13, 6.059141340938702e-13, -6.446399344227821e-25, -4.2263148464057424e-13, 6.059141304923996e-13, -3.286708571146301e-25, 4.2263148450978635e-13, -6.059141320980975e-13, 1.048644477666842e-25, -4.226314843534616e-13, 1.1009189701649029e-13, 70.0, 3.461328551922172e-13, -1.1009189553599532e-13, -1.9164563549717183e-25, -3.461328553192944e-13, -1.100918990584308e-13, -5.717499210122414e-26, 3.461328550579253e-13, 1.1009189866849212e-13, 1.492795412837922e-25, -3.4613285511664977e-13, 0.004831497736332513, 3.6690749509674633e-13, 0.5869161264406201, -0.004831497874580176, -5.004568285205726e-13, -0.5869161262697082, -0.004831500637783703, -5.067475609621634e-13, 0.5869161265785061, 0.004831499912427095, -3.379374888087809e-14, -0.5869161264800284, -0.3308914932907775, 3.461328551922172e-13, 53.09561258814904, 0.33089149337796, -1.730600996512927e-13, 16.904387411999842, 0.3308914916956921, 1.0838399769717484e-13, -16.9043874120604, -0.33089149125918194, 3.8579387448095763e-13, 16.90438741181711, 0.902518276362151, 2.306527142838128e-13, 0.21489436163665498, -0.9025182781781863, 8.989577221331536e-15, -0.21489436166229195, -0.9025182697861549, -4.522749150395797e-13, 0.21489436223973432, 0.902518270023507, -1.1595296704398898e-13, -0.21489436230306336, 15.982325943792205, -1.1009189553599532e-13, 0.33089149337796, 54.017674055649536, -1.8542761271432105e-13, -0.3308914934996711, -15.982325935482585, 2.2563353301952163e-13, 0.33089149439263965, 15.982325936958304, 3.935188005601923e-13, -0.33089149376859994, 2.1847843716906023e-13, -5.450217009987402e-25, 6.016075571338234e-15, -2.184784372603118e-13, 2.935599287331587e-25, -6.0160756842947115e-15, -2.1847843617548303e-13, 2.5020095632185287e-25, 6.016075660767803e-15, 2.1847843687163278e-13, 1.6027768638352583e-25, -6.016075733582135e-15, 1.854276120478905e-13, -1.9164563549717183e-25, -1.730600996512927e-13, -1.8542761271432105e-13, 70.0, 1.7306009979807327e-13, -1.854276117154473e-13, -1.854677879118944e-25, -1.730600996502977e-13, 1.8542761183941685e-13, -1.0729994561119365e-25, 1.730600996760106e-13, -0.004831497672973167, -3.6690749535312704e-13, -0.5869161262906719, 0.0048314978112184714, 5.004568287083883e-13, 0.5869161261197592, 0.004831500574424996, 5.06747561011851e-13, -0.5869161264285571, -0.004831499849064003, 3.3793748849392116e-14, 0.5869161263300793, 0.33089149341248897, -3.461328553192944e-13, 16.904387411999842, -0.3308914934996711, 1.7306009979807327e-13, 53.09561258785127, -0.3308914918174056, -1.0838399768893772e-13, 16.90438741220929, 0.3308914913808958, -3.857938744576875e-13, -16.90438741196599, 0.9025182779895962, 2.3065271199327274e-13, 0.21489436091656022, -0.9025182798056315, 8.989581254587087e-15, -0.21489436094219538, -0.902518271413601, -4.5227491086926407e-13, 0.21489436151963986, 0.9025182716509523, -1.1595296034002576e-13, -0.21489436158296954, 15.982325934924322, -1.100918990584308e-13, 0.3308914916956921, -15.982325935482585, -1.854276117154473e-13, -0.3308914918174056, 54.0176740733853, 2.2563352658060173e-13, 0.3308914927103719, 15.982325928090422, 3.935187970073464e-13, -0.3308914920863326, 2.0628790411671223e-13, 2.227568140600594e-25, -9.834879345286393e-14, -2.0628790390209117e-13, 3.928006208783566e-26, 9.834879329290576e-14, -2.06287910656967e-13, -1.3169318621339725e-25, -9.83487941662576e-14, 2.0628791049590367e-13, -2.260532651215199e-25, 9.83487943136151e-14, -2.2563353292542923e-13, -5.717499210122414e-26, 1.0838399769717484e-13, 2.2563353301952163e-13, -1.854677879118944e-25, -1.0838399768893772e-13, 2.2563352658060173e-13, 70.0, 1.0838399691634219e-13, -2.2563352673027225e-13, 1.0632764651156054e-25, -1.083839971459819e-13, 0.004831497895212478, 3.669074951235955e-13, 0.5869161264110468, -0.0048314980334590585, -5.004568284590808e-13, -0.5869161262401349, -0.004831500796663252, -5.067475607814477e-13, 0.586916126548932, 0.004831500071305811, -3.379374799622943e-14, -0.5869161264504542, -0.3308914943054556, 3.461328550579253e-13, -16.9043874120604, 0.33089149439263965, -1.730600996502977e-13, 16.90438741220929, 0.3308914927103719, 1.0838399691634219e-13, 53.095612587730145, -0.3308914922738654, 3.857938742482196e-13, 16.90438741202655, -0.9025182770426303, -2.306527123151773e-13, -0.21489436057602826, 0.902518278858665, -8.989580658902828e-15, 0.21489436060166398, 0.9025182704666346, 4.522749113611744e-13, -0.21489436117910832, -0.9025182707039865, 1.1595296033884729e-13, 0.2148943612424392, -15.982325936400036, 1.1009189866849212e-13, -0.33089149125918194, 15.982325936958304, 1.8542761183941685e-13, 0.3308914913808958, 15.982325928090422, -2.2563352673027225e-13, -0.3308914922738654, 54.01767407043386, -3.9351879735142966e-13, 0.33089149164982284, 1.8802565465753876e-13, 1.9983755592529448e-25, 3.55453032191116e-13, -1.8802565416183507e-13, -2.398000113082535e-25, -3.554530321993103e-13, -1.880256576596575e-13, -3.3981471714183977e-25, 3.5545303193725895e-13, 1.8802565680024502e-13, -5.204046522850947e-26, -3.5545303185972965e-13, -3.9351879981417243e-13, 1.492795412837922e-25, 3.8579387448095763e-13, 3.935188005601923e-13, -1.0729994561119365e-25, -3.857938744576875e-13, 3.935187970073464e-13, 1.0632764651156054e-25, 3.857938742482196e-13, -3.9351879735142966e-13, 70.0, -3.8579387426069393e-13, -0.004831497944602969, -3.6690749515372945e-13, -0.5869161263857042, 0.0048314980828513265, 5.004568284941683e-13, 0.5869161262147922, 0.004831500846055076, 5.067475607868637e-13, -0.58691612652359, -0.004831500120694915, 3.3793748262356616e-14, 0.5869161264251125, 0.33089149368141574, -3.4613285511664977e-13, 16.90438741181711, -0.33089149376859994, 1.730600996760106e-13, -16.90438741196599, -0.3308914920863326, -1.083839971459819e-13, 16.90438741202655, 0.33089149164982284, -3.8579387426069393e-13, 53.095612588216746]]}, {"__ndarray__": [[24], "float64", [9.928139246954206, 3.1365881536874998, 0.145138896698042, 1.6378637310918565, 1.0455293845625, 4.23414008827797, 7.420865220114399, 1.0455293845625, 2.3347783891860243, 4.1451377579315585, 3.1365881536874998, 2.0445005957899873, 1.3873575310740702, 3.1365881536874998, 1.7405059540359025, 10.17864544697195, 1.0455293845625, 2.6387730309401047, 4.39564395794856, 1.0455293845625, 3.9301454465238566, 7.170359020097424, 3.1365881536874998, 0.449133538452115]]}, {"__ndarray__": [[24], "float64", [-0.0002335759523675923, -1.3800152910896368e-15, -4.514556320986841e-06, 0.0002335759520378756, 1.6822101735685996e-15, 4.514556315231245e-06, 0.0002335759566649521, 1.6493067453904496e-15, -4.5145559175304925e-06, -0.00023357595638777944, -1.6136664279135062e-15, 4.514555826974458e-06, 0.0003558178096822319, -1.2375444057725413e-15, -8.068948533253615e-05, -0.0003558178098987345, 9.28228541797585e-16, 8.0689485329816e-05, -0.00035581780541921876, 1.1569985551563608e-15, -8.068948490759558e-05, 0.0003558178056882609, -1.1838541211703408e-15, 8.068948500662568e-05]]}, 0.2]