[{"__ndarray__": [[24, 24], "float64", [53.8751314471156, 9.88404839545107e-15, -0.15872385154005367, 16.124868552881708, -1.1038809323022559e-13, 0.15872385152391877, 16.12486855278053, 4.526354211482786e-15, -0.1587238515545492, -16.124868552662274, -9.244526315187099e-15, 0.15872385146165632, -0.7613218800723986, 9.135476686566251e-14, -0.019609982528206144, 0.7613218801273833, -1.9120626353185673e-15, 0.0196099825747989, 0.7613218799252578, 1.7938787133578604e-14, -0.019609982630358208, -0.7613218800580732, -8.738621064606848e-16, 0.019609982627341233, 9.88404839545107e-15, 70.0, -8.053328385093046e-14, -9.884048459082193e-15, 2.3757824547344864e-26, 8.053328384019482e-14, -9.884048511236552e-15, -1.3214298841398213e-26, -8.053328385811182e-14, 9.884048513283703e-15, 2.297771157983915e-27, 8.053328386886703e-14, 1.1344134092082962e-13, -2.029542652592851e-26, -1.0535087967803276e-13, -1.1344134093541655e-13, -2.1816337640799715e-26, 1.0535087968191165e-13, -1.1344134098861205e-13, -4.029097381861284e-27, -1.0535087969186931e-13, 1.1344134101149865e-13, 5.6904494457739505e-27, 1.0535087968430685e-13, -0.15872385154005367, -8.053328385093046e-14, 53.304730669305584, 0.15872385136441408, -2.6630705494329603e-14, 16.695269330705838, 0.15872385111658993, 2.4495565548486057e-14, -16.695269330758713, -0.1587238511409957, -1.417575595210227e-14, 16.695269330746363, -0.19387630088206037, 2.2938771520395656e-14, 0.603290105933185, 0.19387630084266538, 6.554334826938513e-14, -0.6032901059252596, 0.1938763006435269, 1.5756578702304333e-14, 0.6032901058845466, -0.1938763005269242, -7.682779564248095e-15, -0.6032901058871349, 16.124868552881708, -9.884048459082193e-15, 0.15872385136441408, 53.875131447121, 1.1038809318857588e-13, -0.15872385134827888, -16.124868552777823, -4.526354141760558e-15, 0.15872385137890915, 16.124868552659567, 9.244526301694328e-15, -0.1587238512860168, 0.7613218812111975, -9.135476683187841e-14, 0.019609982416374405, -0.7613218812661823, 1.9120626874263264e-15, -0.01960998246296769, -0.7613218810640572, -1.793878711170788e-14, 0.019609982518527358, 0.7613218811968749, 8.738620479510545e-16, -0.01960998251550794, -1.1038809323022559e-13, 2.3757824547344864e-26, -2.6630705494329603e-14, 1.1038809318857588e-13, 70.0, 2.6630705497683625e-14, 1.1038809316419329e-13, -1.2749929296795429e-26, -2.6630705506043784e-14, -1.1038809316435456e-13, 2.6088619478296667e-27, 2.6630705508184904e-14, 1.7804541102863985e-13, -2.7826358959662187e-26, -7.29452923125069e-14, -1.78045411025968e-13, -1.9239343265202644e-26, 7.294529231370422e-14, -1.7804541105817346e-13, -5.040148432353821e-27, -7.29452923188116e-14, 1.780454110944538e-13, 5.435690775326666e-27, 7.294529231990246e-14, 0.15872385152391877, 8.053328384019482e-14, 16.695269330705838, -0.15872385134827888, 2.6630705497683625e-14, 53.30473066928274, -0.15872385110045498, -2.449556553741724e-14, 16.695269330770135, 0.15872385112486043, 1.4175755945617586e-14, -16.695269330757785, 0.19387630087031354, -2.293877152203032e-14, -0.60329010592918, -0.19387630083091845, -6.554334826158641e-14, 0.6032901059212563, -0.19387630063177883, -1.5756578697152788e-14, -0.6032901058805424, 0.19387630051517524, 7.682779555702093e-15, 0.6032901058831315, 16.12486855278053, -9.884048511236552e-15, 0.15872385111658993, -16.124868552777823, 1.1038809316419329e-13, -0.15872385110045498, 53.87513144732335, -4.526354083353789e-15, 0.15872385113108523, 16.12486855255839, 9.244526287121353e-15, -0.15872385103819334, 0.7613218819070557, -9.135476681555078e-14, 0.019609982106318757, -0.7613218819620411, 1.9120627380194725e-15, -0.019609982152912958, -0.7613218817599183, -1.7938787089340887e-14, 0.01960998220847024, 0.7613218818927334, 8.738619915826893e-16, -0.01960998220545279, 4.526354211482786e-15, -1.3214298841398213e-26, 2.4495565548486057e-14, -4.526354141760558e-15, -1.2749929296795429e-26, -2.449556553741724e-14, -4.526354083353789e-15, 70.0, 2.4495565559298387e-14, 4.526354079844974e-15, -6.512335659624395e-28, -2.4495565568373152e-14, -5.176614410354504e-14, 1.0809817851763712e-26, 4.755318777022695e-14, 5.1766144115404396e-14, 1.0473297012077125e-26, -4.755318777130053e-14, 5.1766144175857496e-14, 1.6384839741419514e-27, 4.755318778255947e-14, -5.176614421328748e-14, -3.2860676179449734e-27, -4.755318777728136e-14, -0.1587238515545492, -8.053328385811182e-14, -16.695269330758713, 0.15872385137890915, -2.6630705506043784e-14, 16.695269330770135, 0.15872385113108523, 2.4495565559298387e-14, 53.304730669177, -0.15872385115549048, -1.4175755950082532e-14, 16.695269330810653, -0.19387630071846862, 2.2938771529394262e-14, 0.6032901058595477, 0.19387630067907338, 6.554334827681795e-14, -0.6032901058516226, 0.1938763004799333, 1.5756578702369083e-14, 0.6032901058109075, -0.19387630036333056, -7.682779574576184e-15, -0.6032901058134965, -16.124868552662274, 9.884048513283703e-15, -0.1587238511409957, 16.124868552659567, -1.1038809316435456e-13, 0.15872385112486043, 16.12486855255839, 4.526354079844974e-15, -0.15872385115549048, 53.87513144755986, -9.244526286399444e-15, 0.158723851062598, -0.7613218816295656, 9.135476681549069e-14, -0.019609982010172944, 0.7613218816845513, -1.91206273845611e-15, 0.019609982056765618, 0.7613218814824256, 1.7938787089074558e-14, -0.019609982112322788, -0.7613218816152434, -8.738619899564683e-16, 0.019609982109305812, -9.244526315187099e-15, 2.297771157983915e-27, -1.417575595210227e-14, 9.244526301694328e-15, 2.6088619478296667e-27, 1.4175755945617586e-14, 9.244526287121353e-15, -6.512335659624395e-28, -1.4175755950082532e-14, -9.244526286399444e-15, 70.0, 1.4175755954139546e-14, 2.3954062147525123e-14, -2.2688750574808864e-27, -9.574174839069478e-15, -2.3954062149639706e-14, -1.899241187838567e-27, 9.574174838425699e-15, -2.3954062162177993e-14, -8.523188312409233e-28, -9.574174844084387e-15, 2.3954062160615702e-14, 4.776340419093921e-29, 9.57417483905864e-15, 0.15872385146165632, 8.053328386886703e-14, 16.695269330746363, -0.1587238512860168, 2.6630705508184904e-14, -16.695269330757785, -0.15872385103819334, -2.4495565568373152e-14, 16.695269330810653, 0.158723851062598, 1.4175755954139546e-14, 53.304730669201724, 0.1938763004559017, -2.2938771531063504e-14, -0.603290105897464, -0.19387630041650744, -6.55433482865122e-14, 0.6032901058895386, -0.19387630021736743, -1.5756578707211692e-14, -0.6032901058488251, 0.19387630010076431, 7.68277958292261e-15, 0.6032901058514145, -0.7613218800723986, 1.1344134092082962e-13, -0.19387630088206037, 0.7613218812111975, 1.7804541102863985e-13, 0.19387630087031354, 0.7613218819070557, -5.176614410354504e-14, -0.19387630071846862, -0.7613218816295656, 2.3954062147525123e-14, 0.1938763004559017, 53.732235308701114, -1.5229605354690506e-13, -0.2960233604911725, 16.267764691123443, -9.32100371943601e-14, 0.29602336061698586, 16.26776469189155, -3.595609175458001e-14, -0.2960233604098662, -16.267764693068578, 1.655344416652951e-14, 0.2960233604889488, 9.135476686566251e-14, -2.029542652592851e-26, 2.2938771520395656e-14, -9.135476683187841e-14, -2.7826358959662187e-26, -2.293877152203032e-14, -9.135476681555078e-14, 1.0809817851763712e-26, 2.2938771529394262e-14, 9.135476681549069e-14, -2.2688750574808864e-27, -2.2938771531063504e-14, -1.5229605354690506e-13, 70.0, 6.145782008711916e-14, 1.5229605354601684e-13, 1.6422209436224645e-26, -6.145782008943142e-14, 1.5229605356996547e-13, 4.3203882880249196e-27, 6.145782009174142e-14, -1.5229605359508154e-13, -4.574890072108381e-27, -6.145782009275312e-14, -0.019609982528206144, -1.0535087967803276e-13, 0.603290105933185, 0.019609982416374405, -7.29452923125069e-14, -0.60329010592918, 0.019609982106318757, 4.755318777022695e-14, 0.6032901058595477, -0.019609982010172944, -9.574174839069478e-15, -0.603290105897464, -0.2960233604911725, 6.145782008711916e-14, 53.10853931141, 0.29602336052814293, 8.485505645275331e-14, 16.89146068860411, 0.296023360190967, 1.529810346397103e-14, -16.891460688671966, -0.2960233600453505, -2.1075122135789384e-14, 16.891460688677157, 0.7613218801273833, -1.1344134093541655e-13, 0.19387630084266538, -0.7613218812661823, -1.78045411025968e-13, -0.19387630083091845, -0.7613218819620411, 5.1766144115404396e-14, 0.19387630067907338, 0.7613218816845513, -2.3954062149639706e-14, -0.19387630041650744, 16.267764691123443, 1.5229605354601684e-13, 0.29602336052814293, 53.73223530905201, 9.321003720318949e-14, -0.29602336065395596, -16.267764691716113, 3.5956091755840496e-14, 0.2960233604468364, 16.267764692893138, -1.6553444173617167e-14, -0.29602336052591705, -1.9120626353185673e-15, -2.1816337640799715e-26, 6.554334826938513e-14, 1.9120626874263264e-15, -1.9239343265202644e-26, -6.554334826158641e-14, 1.9120627380194725e-15, 1.0473297012077125e-26, 6.554334827681795e-14, -1.91206273845611e-15, -1.899241187838567e-27, -6.55433482865122e-14, -9.32100371943601e-14, 1.6422209436224645e-26, 8.485505645275331e-14, 9.321003720318949e-14, 70.0, -8.485505645314909e-14, 9.321003725307833e-14, 3.303028838824213e-27, 8.485505646484407e-14, -9.321003728145676e-14, -4.4941397468671524e-27, -8.485505645881758e-14, 0.0196099825747989, 1.0535087968191165e-13, -0.6032901059252596, -0.01960998246296769, 7.294529231370422e-14, 0.6032901059212563, -0.019609982152912958, -4.755318777130053e-14, -0.6032901058516226, 0.019609982056765618, 9.574174838425699e-15, 0.6032901058895386, 0.29602336061698586, -6.145782008943142e-14, 16.89146068860411, -0.29602336065395596, -8.485505645314909e-14, 53.108539311381755, -0.29602336031678306, -1.5298103462281877e-14, 16.891460688686088, 0.29602336017116676, 2.1075122133483543e-14, -16.891460688691268, 0.7613218799252578, -1.1344134098861205e-13, 0.1938763006435269, -0.7613218810640572, -1.7804541105817346e-13, -0.19387630063177883, -0.7613218817599183, 5.1766144175857496e-14, 0.1938763004799333, 0.7613218814824256, -2.3954062162177993e-14, -0.19387630021736743, 16.26776469189155, 1.5229605356996547e-13, 0.296023360190967, -16.267764691716113, 9.321003725307833e-14, -0.29602336031678306, 53.732235307515786, 3.595609177546685e-14, 0.2960233601096609, 16.267764693661245, -1.655344422931765e-14, -0.2960233601887448, 1.7938787133578604e-14, -4.029097381861284e-27, 1.5756578702304333e-14, -1.793878711170788e-14, -5.040148432353821e-27, -1.5756578697152788e-14, -1.7938787089340887e-14, 1.6384839741419514e-27, 1.5756578702369083e-14, 1.7938787089074558e-14, -8.523188312409233e-28, -1.5756578707211692e-14, -3.595609175458001e-14, 4.3203882880249196e-27, 1.529810346397103e-14, 3.5956091755840496e-14, 3.303028838824213e-27, -1.5298103462281877e-14, 3.595609177546685e-14, 70.0, 1.5298103470931746e-14, -3.595609178387894e-14, -4.9618288735125585e-28, -1.529810346544909e-14, -0.019609982630358208, -1.0535087969186931e-13, 0.6032901058845466, 0.019609982518527358, -7.29452923188116e-14, -0.6032901058805424, 0.01960998220847024, 4.755318778255947e-14, 0.6032901058109075, -0.019609982112322788, -9.574174844084387e-15, -0.6032901058488251, -0.2960233604098662, 6.145782009174142e-14, -16.891460688671966, 0.2960233604468364, 8.485505646484407e-14, 16.891460688686088, 0.2960233601096609, 1.5298103470931746e-14, 53.108539311246055, -0.29602335996404355, -2.1075122146599694e-14, 16.89146068875913, -0.7613218800580732, 1.1344134101149865e-13, -0.1938763005269242, 0.7613218811968749, 1.780454110944538e-13, 0.19387630051517524, 0.7613218818927334, -5.176614421328748e-14, -0.19387630036333056, -0.7613218816152434, 2.3954062160615702e-14, 0.19387630010076431, -16.267764693068578, -1.5229605359508154e-13, -0.2960233600453505, 16.267764692893138, -9.321003728145676e-14, 0.29602336017116676, 16.267764693661245, -3.595609178387894e-14, -0.29602335996404355, 53.73223530516172, 1.65534442707291e-14, 0.29602336004312735, -8.738621064606848e-16, 5.6904494457739505e-27, -7.682779564248095e-15, 8.738620479510545e-16, 5.435690775326666e-27, 7.682779555702093e-15, 8.738619915826893e-16, -3.2860676179449734e-27, -7.682779574576184e-15, -8.738619899564683e-16, 4.776340419093921e-29, 7.68277958292261e-15, 1.655344416652951e-14, -4.574890072108381e-27, -2.1075122135789384e-14, -1.6553444173617167e-14, -4.4941397468671524e-27, 2.1075122133483543e-14, -1.655344422931765e-14, -4.9618288735125585e-28, -2.1075122146599694e-14, 1.65534442707291e-14, 70.0, 2.107512214230916e-14, 0.019609982627341233, 1.0535087968430685e-13, -0.6032901058871349, -0.01960998251550794, 7.294529231990246e-14, 0.6032901058831315, -0.01960998220545279, -4.755318777728136e-14, -0.6032901058134965, 0.019609982109305812, 9.57417483905864e-15, 0.6032901058514145, 0.2960233604889488, -6.145782009275312e-14, 16.891460688677157, -0.29602336052591705, -8.485505645881758e-14, -16.891460688691268, -0.2960233601887448, -1.529810346544909e-14, 16.89146068875913, 0.29602336004312735, 2.107512214230916e-14, 53.1085393112357]]}, {"__ndarray__": [[24], "float64", [9.964929122802793, 3.1491345063022496, 0.1460321626269621, 1.6473378671555274, 1.04971150210075, 4.250763938288941, 7.453471362134677, 1.04971150210075, 2.3444302130849266, 4.158795627823573, 3.1491345063022496, 2.0523658878309514, 1.400228026118884, 3.1491345063022496, 1.7345373796956813, 10.212038963839316, 1.04971150210075, 2.662258721220236, 4.405905468860254, 1.04971150210075, 3.9329354301536377, 7.206361521097842, 3.1491345063022496, 0.4638606707622785]]}, {"__ndarray__": [[24], "float64", [-6.846816641017386e-05, 4.994807179382401e-16, -0.00011808217750525186, 6.84681656746639e-05, -7.115219799716742e-16, 0.00011808217749869287, 6.846816501117272e-05, -6.351486206890956e-16, -0.0001180821776530542, -6.846816511122105e-05, 5.682761592498478e-16, 0.00011808217774631098, 0.0004646756009896002, 5.295213819023157e-16, -0.00017950488278687825, -0.0004646756009119887, -3.4664282836168133e-16, 0.0001795048827332624, -0.00046467560153949086, -3.9173264722098697e-16, -0.00017950488290606015, 0.0004646756022974358, 4.884657412010232e-16, 0.00017950488287297962]]}, 0.2]