[{"__ndarray__": [[24, 24], "float64", [60.35097597489098, 2.226765296235036e-14, 3.469998137299578, 9.64902402510266, -2.216575969406177e-14, -3.4699981373283326, 9.649024025104499, 1.2397166167595036e-14, 3.4699981373342985, -9.64902402494685, 1.1728176676682674e-14, -3.469998137266006, 6.594719062792639, 5.07975602355255e-15, 1.0590083860814743, -6.594719062970256, -1.3817720333577928e-14, -1.0590083860651966, -6.594719062955502, 6.5358771465767954e-15, 1.0590083860669077, 6.594719063024549, -2.0125341889193285e-14, -1.0590083860950217, 2.226765296235036e-14, 70.0, 2.18855164167197e-14, -2.226765296146017e-14, -7.6037764806755755e-28, -2.1885516416332855e-14, -2.2267652961637513e-14, -6.397560152413558e-29, 2.1885516416262224e-14, 2.226765295888427e-14, 1.7694301505719064e-27, -2.1885516417184225e-14, -3.432752855709658e-14, -7.804259345600858e-29, 1.9339100617347008e-14, 3.4327528560729646e-14, -1.0262134706646857e-27, -1.933910061795838e-14, 3.43275285596472e-14, -1.023707329929686e-27, 1.933910061789067e-14, -3.432752856110869e-14, -1.4216215056220255e-28, -1.933910061767059e-14, 3.469998137299578, 2.18855164167197e-14, 55.4825575657637, -3.4699981374208324, -3.691966533928743e-15, 14.517442434204925, -3.4699981372792723, -1.0488020145916702e-14, -14.517442434232834, 3.469998137496039, 3.9503598650612847e-14, 14.517442434259802, 4.030168553837076, -6.305854767005925e-15, 1.3068488108191412, -4.0301685539464565, -1.7754324015715407e-14, -1.3068488107870075, -4.030168553880856, -3.3049111245785365e-14, 1.3068488107894876, 4.030168553891923, 1.119348207002265e-14, -1.3068488108321719, 9.64902402510266, -2.226765296146017e-14, -3.4699981374208324, 60.35097597490372, 2.2165759693392455e-14, 3.469998137449588, -9.649024025098138, -1.2397166168352007e-14, -3.469998137455553, 9.649024024940491, -1.1728176675780576e-14, 3.4699981373872624, -6.594719062712009, -5.0797560230550834e-15, -1.0590083861384465, 6.5947190628896255, 1.3817720332759254e-14, 1.0590083861221713, 6.594719062874873, -6.535877147445923e-15, -1.059008386123882, -6.594719062943919, 2.0125341890086418e-14, 1.0590083861519952, -2.216575969406177e-14, -7.6037764806755755e-28, -3.691966533928743e-15, 2.2165759693392455e-14, 70.0, 3.691966533328924e-15, 2.2165759694423604e-14, -1.0956482173804338e-28, -3.691966533736949e-15, -2.2165759692312293e-14, -7.846511564519669e-28, 3.691966534096962e-15, 2.21381620284968e-14, -6.244287460883073e-29, -2.8577286620686917e-15, -2.213816203031071e-14, 5.113268534765893e-28, 2.8577286622963664e-15, -2.2138162029160676e-14, 2.9384071820504423e-28, -2.8577286624021464e-15, 2.213816202980975e-14, 2.9289591780163115e-28, 2.8577286619797035e-15, -3.4699981373283326, -2.1885516416332855e-14, 14.517442434204925, 3.469998137449588, 3.691966533328924e-15, 55.48255756582647, 3.469998137308027, 1.0488020145454334e-14, 14.51744243420146, -3.4699981375247937, -3.95035986490393e-14, -14.51744243422843, -4.0301685537918015, 6.30585476699917e-15, -1.3068488108241059, 4.030168553901183, 1.7754324015781327e-14, 1.306848810791972, 4.030168553835581, 3.304911124480422e-14, -1.3068488107944527, -4.030168553846649, -1.1193482069944264e-14, 1.3068488108371354, 9.649024025104499, -2.2267652961637513e-14, -3.4699981372792723, -9.649024025098138, 2.2165759694423604e-14, 3.469998137308027, 60.350975974900024, -1.2397166166792933e-14, -3.469998137313991, 9.649024024942328, -1.1728176680870714e-14, 3.4699981372457014, -6.594719062804766, -5.079756023112669e-15, -1.0590083860588007, 6.5947190629823815, 1.3817720332727067e-14, 1.0590083860425241, 6.594719062967629, -6.535877143175131e-15, -1.0590083860442348, -6.594719063036674, 2.012534188846105e-14, 1.0590083860723483, 1.2397166167595036e-14, -6.397560152413558e-29, -1.0488020145916702e-14, -1.2397166168352007e-14, -1.0956482173804338e-28, 1.0488020145454334e-14, -1.2397166166792933e-14, 70.0, -1.0488020145618423e-14, 1.2397166169260749e-14, -3.3651048161817798e-28, 1.0488020146192897e-14, -3.918276662068543e-15, 9.104357761769672e-29, -6.397462866976413e-15, 3.918276659843697e-15, 8.006717669858186e-29, 6.397462867355371e-15, 3.918276661540682e-15, 3.9641694423246345e-28, -6.397462867283657e-15, -3.918276660667709e-15, -2.5902593672451568e-28, 6.397462866927976e-15, 3.4699981373342985, 2.1885516416262224e-14, -14.517442434232834, -3.469998137455553, -3.691966533736949e-15, 14.51744243420146, -3.469998137313991, -1.0488020145618423e-14, 55.48255756577065, 3.4699981375307587, 3.950359865070674e-14, 14.517442434256338, 4.030168553802699, -6.3058547671153325e-15, 1.3068488108217917, -4.030168553912078, -1.7754324015520388e-14, -1.3068488107896603, -4.0301685538464795, -3.304911124595561e-14, 1.306848810792138, 4.0301685538575445, 1.1193482069958004e-14, -1.3068488108348226, -9.64902402494685, 2.226765295888427e-14, 3.469998137496039, 9.649024024940491, -2.2165759692312293e-14, -3.4699981375247937, 9.649024024942328, 1.2397166169260749e-14, 3.4699981375307587, 60.350975975215334, 1.1728176676555418e-14, -3.4699981374624675, 6.594719062523129, 5.079756022763719e-15, 1.059008386169465, -6.594719062700746, -1.3817720331847795e-14, -1.0590083861531885, -6.594719062685992, 6.53587714582784e-15, 1.0590083861548998, 6.594719062755038, -2.0125341889370763e-14, -1.059008386183014, 1.1728176676682674e-14, 1.7694301505719064e-27, 3.9503598650612847e-14, -1.1728176675780576e-14, -7.846511564519669e-28, -3.95035986490393e-14, -1.1728176680870714e-14, -3.3651048161817798e-28, 3.950359865070674e-14, 1.1728176676555418e-14, 70.0, -3.950359865046964e-14, -3.4278940667877746e-14, -1.893188233841927e-28, 2.959054879355364e-14, 3.427894066787411e-14, -1.312152621178113e-27, -2.9590548793503294e-14, 3.427894066498528e-14, -1.7242621997365347e-27, 2.959054879402848e-14, -3.4278940665696426e-14, 1.5356410925420844e-28, -2.9590548793037746e-14, -3.469998137266006, -2.1885516417184225e-14, 14.517442434259802, 3.4699981373872624, 3.691966534096962e-15, -14.51744243422843, 3.4699981372457014, 1.0488020146192897e-14, 14.517442434256338, -3.4699981374624675, -3.950359865046964e-14, 55.48255756571669, -4.03016855388204, 6.305854766975552e-15, -1.3068488108081036, 4.030168553991422, 1.7754324015879238e-14, 1.3068488107759706, 4.03016855392582, 3.304911124551078e-14, -1.3068488107784515, -4.0301685539368854, -1.1193482070023582e-14, 1.3068488108211345, 6.594719062792639, -3.432752855709658e-14, 4.030168553837076, -6.594719062712009, 2.21381620284968e-14, -4.0301685537918015, -6.594719062804766, -3.918276662068543e-15, 4.030168553802699, 6.594719062523129, -3.4278940667877746e-14, -4.03016855388204, 62.000934005400794, -5.147117583857572e-16, 1.0081801877314558, 7.999065994830901, 2.3572529463083155e-14, -1.008180187768735, 7.999065994776178, 1.3842841729810409e-14, 1.0081801877654417, -7.999065994850813, 1.0945482731508019e-14, -1.008180187715395, 5.07975602355255e-15, -7.804259345600858e-29, -6.305854767005925e-15, -5.0797560230550834e-15, -6.244287460883073e-29, 6.30585476699917e-15, -5.079756023112669e-15, 9.104357761769672e-29, -6.3058547671153325e-15, 5.079756022763719e-15, -1.893188233841927e-28, 6.305854766975552e-15, -5.147117583857572e-16, 70.0, -6.235403830974667e-15, 5.147117587403312e-16, 8.03129042728196e-29, 6.235403830832146e-15, 5.147117587627617e-16, 2.096584024361695e-28, -6.235403830850579e-15, -5.147117588533261e-16, -1.2897333962474722e-28, 6.2354038309922525e-15, 1.0590083860814743, 1.9339100617347008e-14, 1.3068488108191412, -1.0590083861384465, -2.8577286620686917e-15, -1.3068488108241059, -1.0590083860588007, -6.397462866976413e-15, 1.3068488108217917, 1.059008386169465, 2.959054879355364e-14, -1.3068488108081036, 1.0081801877314558, -6.235403830974667e-15, 53.35531584600134, -1.0081801877678207, -1.5684181190628686e-14, 16.64468415402669, -1.0081801877593757, -2.3766755131278193e-14, -16.64468415402331, 1.008180187782624, 7.189105829586256e-15, 16.64468415401655, -6.594719062970256, 3.4327528560729646e-14, -4.0301685539464565, 6.5947190628896255, -2.213816203031071e-14, 4.030168553901183, 6.5947190629823815, 3.918276659843697e-15, -4.030168553912078, -6.594719062700746, 3.427894066787411e-14, 4.030168553991422, 7.999065994830901, 5.147117587403312e-16, -1.0081801877678207, 62.000934004937385, -2.3572529464319796e-14, 1.0081801878051015, -7.999065995007886, -1.3842841728717281e-14, -1.0081801878018068, 7.99906599508252, -1.0945482731212319e-14, 1.0081801877517598, -1.3817720333577928e-14, -1.0262134706646857e-27, -1.7754324015715407e-14, 1.3817720332759254e-14, 5.113268534765893e-28, 1.7754324015781327e-14, 1.3817720332727067e-14, 8.006717669858186e-29, -1.7754324015520388e-14, -1.3817720331847795e-14, -1.312152621178113e-27, 1.7754324015879238e-14, 2.3572529463083155e-14, 8.03129042728196e-29, -1.5684181190628686e-14, -2.3572529464319796e-14, 70.0, 1.5684181190838012e-14, -2.3572529464090998e-14, 7.968689824348915e-28, -1.568418119093527e-14, 2.3572529464730937e-14, 5.131524041447895e-29, 1.5684181190835614e-14, -1.0590083860651966, -1.933910061795838e-14, -1.3068488107870075, 1.0590083861221713, 2.8577286622963664e-15, 1.306848810791972, 1.0590083860425241, 6.397462867355371e-15, -1.3068488107896603, -1.0590083861531885, -2.9590548793503294e-14, 1.3068488107759706, -1.008180187768735, 6.235403830832146e-15, 16.64468415402669, 1.0081801878051015, 1.5684181190838012e-14, 53.35531584594528, 1.0081801877966559, 2.376675513104729e-14, 16.644684154051347, -1.0081801878199044, -7.189105829520968e-15, -16.644684154044583, -6.594719062955502, 3.43275285596472e-14, -4.030168553880856, 6.594719062874873, -2.2138162029160676e-14, 4.030168553835581, 6.594719062967629, 3.918276661540682e-15, -4.0301685538464795, -6.594719062685992, 3.427894066498528e-14, 4.03016855392582, 7.999065994776178, 5.147117587627617e-16, -1.0081801877593757, -7.999065995007886, -2.3572529464090998e-14, 1.0081801877966559, 62.000934005046844, -1.3842841726515586e-14, -1.008180187793363, 7.999065995027799, -1.0945482732576266e-14, 1.0081801877433167, 6.5358771465767954e-15, -1.023707329929686e-27, -3.3049111245785365e-14, -6.535877147445923e-15, 2.9384071820504423e-28, 3.304911124480422e-14, -6.535877143175131e-15, 3.9641694423246345e-28, -3.304911124595561e-14, 6.53587714582784e-15, -1.7242621997365347e-27, 3.304911124551078e-14, 1.3842841729810409e-14, 2.096584024361695e-28, -2.3766755131278193e-14, -1.3842841728717281e-14, 7.968689824348915e-28, 2.376675513104729e-14, -1.3842841726515586e-14, 70.0, -2.376675513155558e-14, 1.3842841726791542e-14, -3.649808201681188e-28, 2.3766755130840918e-14, 1.0590083860669077, 1.933910061789067e-14, 1.3068488107894876, -1.059008386123882, -2.8577286624021464e-15, -1.3068488107944527, -1.0590083860442348, -6.397462867283657e-15, 1.306848810792138, 1.0590083861548998, 2.959054879402848e-14, -1.3068488107784515, 1.0081801877654417, -6.235403830850579e-15, -16.64468415402331, -1.0081801878018068, -1.568418119093527e-14, 16.644684154051347, -1.008180187793363, -2.376675513155558e-14, 53.35531584595204, 1.0081801878166112, 7.18910582970408e-15, 16.644684154041204, 6.594719063024549, -3.432752856110869e-14, 4.030168553891923, -6.594719062943919, 2.213816202980975e-14, -4.030168553846649, -6.594719063036674, -3.918276660667709e-15, 4.0301685538575445, 6.594719062755038, -3.4278940665696426e-14, -4.0301685539368854, -7.999065994850813, -5.147117588533261e-16, 1.008180187782624, 7.99906599508252, 2.3572529464730937e-14, -1.0081801878199044, 7.999065995027799, 1.3842841726791542e-14, 1.0081801878166112, 62.00093400489757, 1.0945482732342549e-14, -1.008180187766565, -2.0125341889193285e-14, -1.4216215056220255e-28, 1.119348207002265e-14, 2.0125341890086418e-14, 2.9289591780163115e-28, -1.1193482069944264e-14, 2.012534188846105e-14, -2.5902593672451568e-28, 1.1193482069958004e-14, -2.0125341889370763e-14, 1.5356410925420844e-28, -1.1193482070023582e-14, 1.0945482731508019e-14, -1.2897333962474722e-28, 7.189105829586256e-15, -1.0945482731212319e-14, 5.131524041447895e-29, -7.189105829520968e-15, -1.0945482732576266e-14, -3.649808201681188e-28, 7.18910582970408e-15, 1.0945482732342549e-14, 70.0, -7.189105829423465e-15, -1.0590083860950217, -1.933910061767059e-14, -1.3068488108321719, 1.0590083861519952, 2.8577286619797035e-15, 1.3068488108371354, 1.0590083860723483, 6.397462866927976e-15, -1.3068488108348226, -1.059008386183014, -2.9590548793037746e-14, 1.3068488108211345, -1.008180187715395, 6.2354038309922525e-15, 16.64468415401655, 1.0081801877517598, 1.5684181190835614e-14, -16.644684154044583, 1.0081801877433167, 2.3766755130840918e-14, 16.644684154041204, -1.008180187766565, -7.189105829423465e-15, 53.35531584596556]]}, {"__ndarray__": [[24], "float64", [9.900262518844611, 3.127178389226437, 0.13831779836121488, 1.631042450267223, 1.0423927964088124, 4.227823349659841, 7.396694934823181, 1.0423927964088124, 2.321388372371754, 4.134610034288741, 3.127178389226437, 2.0447527756493304, 1.3804756973533645, 3.127178389226437, 1.7555319748375848, 10.150829271758449, 1.0423927964088124, 2.610609173183487, 4.385176787202545, 1.0423927964088124, 3.938602548848121, 7.1461281819093125, 3.127178389226437, 0.42753859917293224]]}, {"__ndarray__": [[24], "float64", [0.00021899799805464416, 1.2589379960150043e-15, 0.00020081694354184322, -0.00021899799790503724, -1.2521247322332943e-15, -0.00020081694347508932, -0.00021899799810789748, -1.2580699379531374e-15, 0.0002008169434837933, 0.00021899799768395733, 1.280687589673418e-15, -0.00020081694358605406, -0.0004628217742956558, 9.556496246958662e-16, 7.441449820378397e-05, 0.0004628217746702101, -9.469388341223753e-16, -7.441449825577851e-05, 0.00046282177448682903, -9.774120120816107e-16, 7.441449826629787e-05, -0.0004628217745870455, 9.34651521685748e-16, -7.441449817880211e-05]]}, 0.2]