[{"__ndarray__": [[24, 24], "float64", [54.003522850822726, 4.150995444625128e-05, -0.18140335121098528, 16.006579036661226, 0.0007130605799759832, 0.1752477228496122, 15.988375434671982, 0.00011941338474853208, -0.17853293864626313, -15.990919591443378, 0.0004206698371847996, 0.18085450604426306, -0.8638626022744998, -0.0011810689431037457, 0.019782366281120872, 0.865509956249594, -0.0001579478478341813, -0.015009974660134928, 0.8448149106144087, -0.0007578714791494697, 0.01602046139878452, -0.8540199952297377, 0.0008022345347728412, -0.01695879205696596, 4.150995444625128e-05, 70.00000003837222, 0.0006331887346749372, -4.218849753386199e-05, 2.4400336027762095e-08, -0.0006329033136587296, -4.037631643258156e-05, 3.6503386083670884e-08, 0.0006330744013813376, 4.065844503976613e-05, 2.5146946173940005e-08, -0.0006334038193469609, -2.5184298849972873e-05, 1.9955791568474238e-08, -0.0001822808066393978, 2.5029293186651152e-05, -1.921026225259603e-07, 0.0001823115922795825, 2.689985603257918e-05, -2.250672248169609e-08, -0.00018221272943694372, -2.6348435870577606e-05, 7.023067758791558e-08, 0.00018222594075121483, -0.18140335121098528, 0.0006331887346749372, 53.32900744429104, 0.18994535236080268, 0.0002022073923579031, 16.666503848486446, 0.17161779163047391, 6.972470238649315e-05, -16.669968874152076, -0.17381004576388287, 0.00022357559758586987, 16.67177747542031, -0.18786482485485267, -0.0009413123431433591, 0.6298591028623007, 0.19039488012424194, 0.00023607300390161536, -0.6257659847323355, 0.1698515208896415, -0.0001388956201099207, 0.626125602157118, -0.17873132352334797, -0.00028456151232408616, -0.6275386143931927, 16.006579036661226, -4.218849753386199e-05, 0.18994535236080268, 53.98324324522282, -0.0007174750744687371, -0.18374720415787588, -15.998374976501434, -0.00011869448946386961, 0.1870612211701313, 16.00094291096801, -0.0004222173751435406, -0.1894037345765755, 0.8612703007628365, 0.0011850419130130818, -0.00845344868934536, -0.8629362841136864, 0.00016018126887084873, 0.00364895744855942, -0.8420619487579859, 0.0007595923417138379, -0.004655365143735712, 0.8513377156856832, -0.0008042401082639491, 0.005604221588697278, 0.0007130605799759832, 2.4400336027762095e-08, 0.0002022073923579031, -0.0007174750744687371, 69.99999978686672, -0.00019979172980020792, -0.0007071351125389619, 4.4333915301629665e-08, 0.0002013627791402173, 0.0007084959075473283, -4.2952982938338905e-08, -0.0002026666500872473, -8.539835724790952e-05, 2.2517723460399525e-07, 0.0011388001167801256, 8.441355808320582e-05, 1.2071869190949644e-07, -0.0011403666640165244, 9.508180653770826e-05, -8.767717705333156e-08, 0.0011405899517279903, -9.104330790690339e-05, -7.086677122479115e-08, -0.0011401351960988995, 0.1752477228496122, -0.0006329033136587296, 16.666503848486446, -0.18374720415787588, -0.00019979172980020792, 53.33796158143688, -0.16551886843832148, -7.00727542143153e-05, 16.665487855378345, 0.16769815102824603, -0.00022277789299744656, -16.66728443618448, 0.18821945175744964, 0.0009388097016146253, -0.6371389113604179, -0.19073922661275589, -0.00023658386062999105, 0.6330622477819254, -0.17029724528416634, 0.00013762649604047596, -0.633424098972132, 0.17913721920586284, 0.00028569339845498776, 0.6348319134937882, 15.988375434671982, -4.037631643258156e-05, 0.17161779163047391, -15.998374976501434, -0.0007071351125389619, -0.16551886843832148, 54.01959139236927, -0.00012128734404671526, 0.16876506970568966, 15.982923485904571, -0.00041879428503664495, -0.17105999468570976, 0.8739200418997087, 0.0011763105055394647, -0.02851794428848059, -0.8755401016051203, 0.00015688094472481235, 0.023790408314520395, -0.8550856642831521, 0.0007540268096914708, -0.024806095170447545, 0.8641903874719947, -0.0007996252226958121, 0.0257296329326806, 0.00011941338474853208, 3.6503386083670884e-08, 6.972470238649315e-05, -0.00011869448946386961, 4.4333915301629665e-08, -7.00727542143153e-05, -0.00012128734404671526, 70.00000000181366, 6.980711309517051e-05, 0.00012079005196822883, 2.7112068690690825e-08, -6.938872447985456e-05, 0.0006300489575374077, -7.296971719372135e-09, 0.0004153867863151445, -0.000629930989037847, -1.7816976100130472e-07, -0.0004153677863256548, -0.0006317849805082974, 1.3900376445598352e-07, 0.0004151698387055477, 0.0006314454088091957, -6.330005549013865e-08, -0.00041525917549143466, -0.17853293864626313, 0.0006330744013813376, -16.669968874152076, 0.1870612211701313, 0.0002013627791402173, 16.665487855378345, 0.16876506970568966, 6.980711309517051e-05, 53.33105257920233, -0.17095342787172507, 0.00022329859933571328, 16.67075270342783, -0.18769841785798674, -0.0009405271594197694, 0.6331781038856081, 0.1902249047231116, 0.00023638661202843113, -0.6290913368448675, 0.16971428070519395, -0.00013834660003248065, 0.6294512750622823, -0.17858069227612722, -0.00028505579024615734, -0.6308623060198351, -15.990919591443378, 4.065844503976613e-05, -0.17381004576388287, 16.00094291096801, 0.0007084959075473283, 0.16769815102824603, 15.982923485904571, 0.00012079005196822883, -0.17095342787172507, 54.01455599213494, 0.0004191775069840326, 0.1732538277716058, -0.8719604332291091, -0.0011775256324913737, 0.026155477857042808, 0.8735872101334003, -0.00015668640757880015, -0.0214169980435914, 0.8530763863297737, -0.0007551100174114065, 0.022431925536821967, -0.8622059607259962, 0.0008002001667881412, -0.0233589105149489, 0.0004206698371847996, 2.5146946173940005e-08, 0.00022357559758586987, -0.0004222173751435406, -4.2952982938338905e-08, -0.00022277789299744656, -0.00041879428503664495, 2.7112068690690825e-08, 0.00022329859933571328, 0.0004191775069840326, 70.0000000131217, -0.0002237281130321674, 9.437258561357967e-05, 8.747492847463433e-08, 0.000284884870841243, -9.473045720271661e-05, -2.72566411704671e-08, -0.00028535198072632327, -9.092457820677146e-05, -9.85415796025293e-08, 0.00028534171359618154, 9.244676580981366e-05, 1.5895598079592738e-08, -0.0002852427946013948, 0.18085450604426306, -0.0006334038193469609, 16.67177747542031, -0.1894037345765755, -0.0002026666500872473, -16.66728443618448, -0.17105999468570976, -6.938872447985456e-05, 16.67075270342783, 0.1732538277716058, -0.0002237281130321674, 53.3274375925149, 0.18527087651532803, 0.0009413781602938936, -0.6309096313602497, -0.1878033360105737, -0.00023567399468651067, 0.626811554734666, -0.1672437567343027, 0.00013912007471287202, -0.6271709714063267, 0.17613161202389638, 0.00028436311129594765, 0.6285857129137813, -0.8638626022744998, -2.5184298849972873e-05, -0.18786482485485267, 0.8612703007628365, -8.539835724790952e-05, 0.18821945175744964, 0.8739200418997087, 0.0006300489575374077, -0.18769841785798674, -0.8719604332291091, 9.437258561357967e-05, 0.18527087651532803, 53.81282664735039, -0.0004168014070094544, -0.3605948397143854, 16.1859965102458, -0.0007667845231995108, 0.3625140717562355, 16.192983083479866, 0.0002879835162006985, -0.3607351651633985, -16.191173548123484, 0.0002817635722983684, 0.36088884765351337, -0.0011810689431037457, 1.9955791568474238e-08, -0.0009413123431433591, 0.0011850419130130818, 2.2517723460399525e-07, 0.0009388097016146253, 0.0011763105055394647, -7.296971719372135e-09, -0.0009405271594197694, -0.0011775256324913737, 8.747492847463433e-08, 0.0009413781602938936, -0.0004168014070094544, 69.99999992242368, -0.0006429427587865974, 0.00041782481687931085, -3.0604916800892404e-07, 0.000645364340786123, 0.00040888223131623283, 3.297551812682716e-08, -0.0006453354179700178, -0.0004126634841530768, 2.5338965519651806e-08, 0.0006445654766173771, 0.019782366281120872, -0.0001822808066393978, 0.6298591028623007, -0.00845344868934536, 0.0011388001167801256, -0.6371389113604179, -0.02851794428848059, 0.0004153867863151445, 0.6331781038856081, 0.026155477857042808, 0.000284884870841243, -0.6309096313602497, -0.3605948397143854, -0.0006429427587865974, 53.176713297320156, 0.36278566410181934, -0.001168888435384077, 16.829369014282918, 0.3402593114961783, -0.0008351311253883795, -16.828601037575098, -0.3514165868829572, 0.0009901713953132916, 16.827530062024874, 0.865509956249594, 2.5029293186651152e-05, 0.19039488012424194, -0.8629362841136864, 8.441355808320582e-05, -0.19073922661275589, -0.8755401016051203, -0.000629930989037847, 0.1902249047231116, 0.8735872101334003, -9.473045720271661e-05, -0.1878033360105737, 16.1859965102458, 0.00041782481687931085, 0.36278566410181934, 53.81517656411223, 0.000767965521308242, -0.3647113738364423, -16.191765434057572, -0.0002885197037728695, 0.3629337416267421, 16.189971578923792, -0.0002820520848484783, -0.3630852542079954, -0.0001579478478341813, -1.921026225259603e-07, 0.00023607300390161536, 0.00016018126887084873, 1.2071869190949644e-07, -0.00023658386062999105, 0.00015688094472481235, -1.7816976100130472e-07, 0.00023638661202843113, -0.00015668640757880015, -2.72566411704671e-08, -0.00023567399468651067, -0.0007667845231995108, -3.0604916800892404e-07, -0.001168888435384077, 0.000767965521308242, 70.00000260484298, 0.0011684226291425938, 0.0007620724469103578, -2.3950251614481038e-06, -0.001168928480828024, -0.0007656814032149866, 3.730417007426563e-07, 0.0011691925264847554, -0.015009974660134928, 0.0001823115922795825, -0.6257659847323355, 0.00364895744855942, -0.0011403666640165244, 0.6330622477819254, 0.023790408314520395, -0.0004153677863256548, -0.6290913368448675, -0.0214169980435914, -0.00028535198072632327, 0.626811554734666, 0.3625140717562355, 0.000645364340786123, 16.829369014282918, -0.3647113738364423, 0.0011684226291425938, 53.16454159210065, -0.34210686318982036, 0.0008358016646690024, 16.834692979079627, 0.35329177204956214, -0.000990813838985463, -16.833620066482645, 0.8448149106144087, 2.689985603257918e-05, 0.1698515208896415, -0.8420619487579859, 9.508180653770826e-05, -0.17029724528416634, -0.8550856642831521, -0.0006317849805082974, 0.16971428070519395, 0.8530763863297737, -9.092457820677146e-05, -0.1672437567343027, 16.192983083479866, 0.00040888223131623283, 0.3402593114961783, -16.191765434057572, 0.0007620724469103578, -0.34210686318982036, 53.80087364803434, -0.00029316527102458495, 0.3403200533970757, 16.19716501852917, -0.0002770615559432708, -0.3404973013718961, -0.0007578714791494697, -2.250672248169609e-08, -0.0001388956201099207, 0.0007595923417138379, -8.767717705333156e-08, 0.00013762649604047596, 0.0007540268096914708, 1.3900376445598352e-07, -0.00013834660003248065, -0.0007551100174114065, -9.85415796025293e-08, 0.00013912007471287202, 0.0002879835162006985, 3.297551812682716e-08, -0.0008351311253883795, -0.0002885197037728695, -2.3950251614481038e-06, 0.0008358016646690024, -0.00029316527102458495, 70.00000324667313, -0.0008352653232320352, 0.00029306380378371687, -8.149017318230647e-07, 0.000835090433314496, 0.01602046139878452, -0.00018221272943694372, 0.626125602157118, -0.004655365143735712, 0.0011405899517279903, -0.633424098972132, -0.024806095170447545, 0.0004151698387055477, 0.6294512750622823, 0.022431925536821967, 0.00028534171359618154, -0.6271709714063267, -0.3607351651633985, -0.0006453354179700178, -16.828601037575098, 0.3629337416267421, -0.001168928480828024, 16.834692979079627, 0.3403200533970757, -0.0008352653232320352, 53.16607316875576, -0.3515095563207422, 0.000990640490607982, 16.83285308297884, -0.8540199952297377, -2.6348435870577606e-05, -0.17873132352334797, 0.8513377156856832, -9.104330790690339e-05, 0.17913721920586284, 0.8641903874719947, 0.0006314454088091957, -0.17858069227612722, -0.8622059607259962, 9.244676580981366e-05, 0.17613161202389638, -16.191173548123484, -0.0004126634841530768, -0.3514165868829572, 16.189971578923792, -0.0007656814032149866, 0.35329177204956214, 16.19716501852917, 0.00029306380378371687, -0.3515095563207422, 53.80473480357998, 0.00027878069787439056, 0.35167755581583987, 0.0008022345347728412, 7.023067758791558e-08, -0.00028456151232408616, -0.0008042401082639491, -7.086677122479115e-08, 0.00028569339845498776, -0.0007996252226958121, -6.330005549013865e-08, -0.00028505579024615734, 0.0008002001667881412, 1.5895598079592738e-08, 0.00028436311129594765, 0.0002817635722983684, 2.5338965519651806e-08, 0.0009901713953132916, -0.0002820520848484783, 3.730417007426563e-07, -0.000990813838985463, -0.0002770615559432708, -8.149017318230647e-07, 0.000990640490607982, 0.00027878069787439056, 70.00000046456161, -0.0009904372541127719, -0.01695879205696596, 0.00018222594075121483, -0.6275386143931927, 0.005604221588697278, -0.0011401351960988995, 0.6348319134937882, 0.0257296329326806, -0.00041525917549143466, -0.6308623060198351, -0.0233589105149489, -0.0002852427946013948, 0.6285857129137813, 0.36088884765351337, 0.0006445654766173771, 16.827530062024874, -0.3630852542079954, 0.0011691925264847554, -16.833620066482645, -0.3404973013718961, 0.000835090433314496, 16.83285308297884, 0.35167755581583987, -0.0009904372541127719, 53.168220215404354]]}, {"__ndarray__": [[24], "float64", [9.86144718115523, 3.114632355918352, 0.1439116838702069, 1.6235915246722428, 1.0382102245683449, 4.204714104422966, 7.366115658151261, 1.038210551394885, 2.318222657340482, 4.118925657762627, 3.114632045832836, 2.030400909533483, 1.364235945529213, 3.1146317941295494, 1.748697193155121, 10.120804728730755, 1.0382113668826907, 2.5999254962475455, 4.378287473297895, 1.0382110421690984, 3.923010485289206, 7.10675565949931, 3.1146314810332076, 0.4256135984656122]]}, {"__ndarray__": [[24], "float64", [-0.00041128451313502686, 1.6772777171654071e-07, -0.0004623778038046784, 0.00042728056855257046, 9.789094884553609e-07, 0.0004527808933460307, 0.00039248559039423153, -2.845965316991452e-07, -0.0004587954638643944, -0.0003969985694391105, 3.189235558638049e-07, 0.0004627622697435335, 0.00028080852600831575, -4.858774356376302e-07, -0.0004237979917726032, -0.00027696281251801886, -1.0034805048882153e-06, 0.00043176568796482397, -0.0003115561709443317, -2.0546562561489109e-07, -0.00043205727061990795, 0.0002962273810813702, 5.13859281804175e-07, 0.0004297196790071958]]}, 0.2]