[{"__ndarray__": [[24, 24], "float64", [53.928195041576835, 3.417761764184012e-14, -0.15540668564951338, 16.071804951647497, -1.9877517581804082e-14, 0.15540668737556446, 16.071804950764896, 1.0073504144540941e-13, -0.15540668804779173, -16.071804946621477, 1.7289845219397229e-15, 0.15540668740369512, -0.8418642735029227, 7.799701861851036e-15, -0.04150012988865852, 0.8418642764775848, -9.88257119839368e-15, 0.04150012821688969, 0.8418642722672343, -1.355204596995056e-14, -0.04150012850289602, -0.841864271540304, -1.0029012163786285e-13, 0.04150012953997555, 3.417761764184012e-14, 70.0, 7.508700510503408e-14, -3.417761772631405e-14, -1.9395093100288217e-26, -7.508700507534596e-14, -3.4177617854594405e-14, 2.742271541695823e-26, 7.508700507774213e-14, 3.417761785476838e-14, 1.8094099484230883e-27, -7.50870050964707e-14, 5.572653889792393e-14, 1.307699841236474e-26, -2.219987989408607e-14, -5.572653891473166e-14, -1.458219597805218e-26, 2.2199879886524898e-14, -5.5726539057754644e-14, -3.1351155593519626e-27, -2.219987988958403e-14, 5.572653913253504e-14, -2.734493587911509e-26, 2.2199879899116153e-14, -0.15540668564951338, 7.508700510503408e-14, 53.42917398290131, 0.15540668160240334, -4.155709325079168e-14, 16.57082601822145, 0.15540668061023732, 4.9649327652160243e-14, -16.570826018664487, -0.15540667808813496, 1.3380587410002293e-14, 16.570826018249228, -0.17630828888052003, 3.050954823153062e-14, 0.5377878308543727, 0.1763082906356776, -3.947557640752257e-14, -0.5377878319406826, 0.17630828778537017, -2.373495212870601e-14, 0.5377878316043768, -0.17630828695754402, -5.1566729923660905e-14, -0.5377878309955518, 16.071804951647497, -3.417761772631405e-14, 0.15540668160240334, 53.9281950551282, 1.9877517416294204e-14, -0.1554066833284528, -16.071804943989214, -1.0073504119305351e-13, 0.15540668400068297, 16.07180493984579, -1.7289844025022691e-15, -0.1554066833565858, 0.8418642654619213, -7.799701687531835e-15, 0.041500128559347774, -0.841864268436581, 9.882571282356778e-15, -0.041500126887578835, -0.84186426422623, 1.3552045842789817e-14, 0.04150012717358529, 0.8418642634992998, 1.0029012140510193e-13, -0.04150012821066469, -1.9877517581804082e-14, -1.9395093100288217e-26, -4.155709325079168e-14, 1.9877517416294204e-14, 70.0, 4.155709326720788e-14, 1.9877517506434557e-14, -2.5097228889608243e-26, -4.1557093271511454e-14, -1.987751748430357e-14, -9.732764258406517e-29, 4.1557093259132314e-14, -6.328622701735732e-14, -9.428582443218576e-27, 1.8354245037744566e-14, 6.328622709381465e-14, 9.881250556601742e-27, -1.8354245013825278e-14, 6.328622710444528e-14, 1.0567051045898858e-27, 1.8354245048043874e-14, -6.328622705948262e-14, 2.4809624381358562e-26, -1.8354245052326117e-14, 0.15540668737556446, -7.508700507534596e-14, 16.57082601822145, -0.1554066833284528, 4.155709326720788e-14, 53.429173980655804, -0.1554066823362889, -4.964932775871117e-14, 16.570826019787248, 0.1554066798141831, -1.3380587421927396e-14, -16.570826019371992, 0.1763082908427363, -3.0509548257865914e-14, -0.5377878305376175, -0.17630829259789677, 3.9475576375088916e-14, 0.5377878316239242, -0.17630828974759039, 2.3734952170758e-14, -0.5377878312876199, 0.1763082889197632, 5.156673000856265e-14, 0.5377878306787942, 16.071804950764896, -3.4177617854594405e-14, 0.15540668061023732, -16.071804943989214, 1.9877517506434557e-14, -0.1554066823362889, 53.92819505689339, -1.0073504082927717e-13, 0.15540668300851712, 16.071804938963194, -1.728984490704605e-15, -0.15540668236441874, 0.8418642641357195, -7.799701770939171e-15, 0.041500128660749, -0.8418642671103795, 9.882571403084556e-15, -0.041500126988979855, -0.841864262900028, 1.3552045843104452e-14, 0.04150012727498886, 0.8418642621730985, 1.0029012109181842e-13, -0.041500128312064455, 1.0073504144540941e-13, 2.742271541695823e-26, 4.9649327652160243e-14, -1.0073504119305351e-13, -2.5097228889608243e-26, -4.964932775871117e-14, -1.0073504082927717e-13, 70.0, 4.964932783311041e-14, 1.0073504064484549e-13, -6.041216183956385e-27, -4.964932778496072e-14, 1.139070695843385e-13, 1.3252812368529155e-26, 2.4137452326534965e-14, -1.1390706951016312e-13, -1.080280463004395e-26, -2.41374522019568e-14, -1.1390706907863962e-13, 2.846805413984259e-27, 2.413745232385205e-14, 1.1390706890259376e-13, -7.181507323582087e-26, -2.4137452362506025e-14, -0.15540668804779173, 7.508700507774213e-14, -16.570826018664487, 0.15540668400068297, -4.1557093271511454e-14, 16.570826019787248, 0.15540668300851712, 4.964932783311041e-14, 53.42917397976971, -0.15540668048641337, 1.3380587405653789e-14, 16.570826019815023, -0.17630829173834422, 3.0509548259206573e-14, 0.5377878304562493, 0.17630829349350413, -3.947557637065901e-14, -0.5377878315425574, 0.17630829064319742, -2.373495216932293e-14, 0.5377878312062537, -0.1763082898153716, -5.156673007115079e-14, -0.5377878305974275, -16.071804946621477, 3.417761785476838e-14, -0.15540667808813496, 16.07180493984579, -1.987751748430357e-14, 0.1554066798141831, 16.071804938963194, 1.0073504064484549e-13, -0.15540668048641337, 53.92819506518023, 1.728984486381622e-15, 0.15540667984231737, -0.8418642593877027, 7.799701727555999e-15, -0.04150012789783175, 0.8418642623623592, -9.882571426862174e-15, 0.04150012622606114, 0.8418642581520098, -1.3552045760895023e-14, -0.04150012651206969, -0.8418642574250813, -1.0029012096143426e-13, 0.04150012754914813, 1.7289845219397229e-15, 1.8094099484230883e-27, 1.3380587410002293e-14, -1.7289844025022691e-15, -9.732764258406517e-29, -1.3380587421927396e-14, -1.728984490704605e-15, -6.041216183956385e-27, 1.3380587405653789e-14, 1.728984486381622e-15, 70.0, -1.3380587391436016e-14, -1.8683220304244267e-14, 6.914677720627615e-28, -4.645962079030803e-15, 1.8683220255692668e-14, -1.5449055935496082e-27, 4.645962044472752e-15, 1.868322022807138e-14, -1.5074828494480188e-27, -4.6459620942043895e-15, -1.8683220264095097e-14, 5.7578774053820435e-27, 4.6459620964674594e-15, 0.15540668740369512, -7.50870050964707e-14, 16.570826018249228, -0.1554066833565858, 4.1557093259132314e-14, -16.570826019371992, -0.15540668236441874, -4.964932778496072e-14, 16.570826019815023, 0.15540667984231737, -1.3380587391436016e-14, 53.42917398060023, 0.17630829100617673, -3.0509548237143825e-14, -0.5377878305877183, -0.1763082927613367, 3.9475576389551885e-14, 0.5377878316740244, -0.17630828991102898, 2.3734952136121605e-14, -0.5377878313377213, 0.17630828908320373, 5.1566730037458994e-14, 0.5377878307288937, -0.8418642735029227, 5.572653889792393e-14, -0.17630828888052003, 0.8418642654619213, -6.328622701735732e-14, 0.1763082908427363, 0.8418642641357195, 1.139070695843385e-13, -0.17630829173834422, -0.8418642593877027, -1.8683220304244267e-14, 0.17630829100617673, 53.76918969252102, 3.7952706785829594e-14, -0.3398047088675388, 16.230810310854217, -2.8914571553294604e-14, 0.3398047069402139, 16.230810305603594, 2.5516397668518647e-14, -0.3398047072889476, -16.230810304744608, -1.0930126041355818e-13, 0.3398047084959921, 7.799701861851036e-15, 1.307699841236474e-26, 3.050954823153062e-14, -7.799701687531835e-15, -9.428582443218576e-27, -3.0509548257865914e-14, -7.799701770939171e-15, 1.3252812368529155e-26, 3.0509548259206573e-14, 7.799701727555999e-15, 6.914677720627615e-28, -3.0509548237143825e-14, 3.7952706785829594e-14, 70.0, -1.564445026888417e-14, -3.795270682879939e-14, -6.958018463388087e-27, 1.5644450250226834e-14, -3.79527068217655e-14, -1.1933010798048805e-27, -1.564445028018044e-14, 3.795270674979848e-14, -1.3180551611640775e-26, 1.5644450284105397e-14, -0.04150012988865852, -2.219987989408607e-14, 0.5377878308543727, 0.041500128559347774, 1.8354245037744566e-14, -0.5377878305376175, 0.041500128660749, 2.4137452326534965e-14, 0.5377878304562493, -0.04150012789783175, -4.645962079030803e-15, -0.5377878305877183, -0.3398047088675388, -1.564445026888417e-14, 53.12077120787989, 0.33980470948784175, 1.7873737818364625e-14, 16.87922879182045, 0.3398047089191186, -3.8176755023478285e-15, -16.87922879179206, -0.33980470900765225, -2.400674114198466e-14, 16.879228792012256, 0.8418642764775848, -5.572653891473166e-14, 0.1763082906356776, -0.841864268436581, 6.328622709381465e-14, -0.17630829259789677, -0.8418642671103795, -1.1390706951016312e-13, 0.17630829349350413, 0.8418642623623592, 1.8683220255692668e-14, -0.1763082927613367, 16.230810310854217, -3.795270682879939e-14, 0.33980470948784175, 53.76918968577054, 2.8914571574941875e-14, -0.3398047075605136, -16.230810308978832, -2.5516397708940422e-14, 0.3398047079092504, 16.23081030811985, 1.0930126039773012e-13, -0.33980470911629274, -9.88257119839368e-15, -1.458219597805218e-26, -3.947557640752257e-14, 9.882571282356778e-15, 9.881250556601742e-27, 3.9475576375088916e-14, 9.882571403084556e-15, -1.080280463004395e-26, -3.947557637065901e-14, -9.882571426862174e-15, -1.5449055935496082e-27, 3.9475576389551885e-14, -2.8914571553294604e-14, -6.958018463388087e-27, 1.7873737818364625e-14, 2.8914571574941875e-14, 70.0, -1.7873737800135778e-14, 2.891457171447279e-14, 2.0419475163325627e-27, 1.787373781326805e-14, -2.891457178272555e-14, 1.0873846713909301e-26, -1.7873737824730726e-14, 0.04150012821688969, 2.2199879886524898e-14, -0.5377878319406826, -0.041500126887578835, -1.8354245013825278e-14, 0.5377878316239242, -0.041500126988979855, -2.41374522019568e-14, -0.5377878315425574, 0.04150012622606114, 4.645962044472752e-15, 0.5377878316740244, 0.3398047069402139, 1.5644450250226834e-14, 16.87922879182045, -0.3398047075605136, -1.7873737800135778e-14, 53.120771208479205, -0.339804706991793, 3.817675491125919e-15, 16.87922879149241, 0.3398047070803275, 2.4006741046452967e-14, -16.87922879171261, 0.8418642722672343, -5.5726539057754644e-14, 0.17630828778537017, -0.84186426422623, 6.328622710444528e-14, -0.17630828974759039, -0.841864262900028, -1.1390706907863962e-13, 0.17630829064319742, 0.8418642581520098, 1.868322022807138e-14, -0.17630828991102898, 16.230810305603594, -3.79527068217655e-14, 0.3398047089191186, -16.230810308978832, 2.891457171447279e-14, -0.339804706991793, 53.76918969627179, -2.5516397779107467e-14, 0.3398047073405271, 16.230810302869223, 1.0930126003131481e-13, -0.33980470854757083, -1.355204596995056e-14, -3.1351155593519626e-27, -2.373495212870601e-14, 1.3552045842789817e-14, 1.0567051045898858e-27, 2.3734952170758e-14, 1.3552045843104452e-14, 2.846805413984259e-27, -2.373495216932293e-14, -1.3552045760895023e-14, -1.5074828494480188e-27, 2.3734952136121605e-14, 2.5516397668518647e-14, -1.1933010798048805e-27, -3.8176755023478285e-15, -2.5516397708940422e-14, 2.0419475163325627e-27, 3.817675491125919e-15, -2.5516397779107467e-14, 70.0, -3.817675489118634e-15, 2.5516397868301294e-14, -2.5969553691332655e-27, 3.817675495589286e-15, -0.04150012850289602, -2.219987988958403e-14, 0.5377878316043768, 0.04150012717358529, 1.8354245048043874e-14, -0.5377878312876199, 0.04150012727498886, 2.413745232385205e-14, 0.5377878312062537, -0.04150012651206969, -4.6459620942043895e-15, -0.5377878313377213, -0.3398047072889476, -1.564445028018044e-14, -16.87922879179206, 0.3398047079092504, 1.787373781326805e-14, 16.87922879149241, 0.3398047073405271, -3.817675489118634e-15, 53.120771208535984, -0.33980470742906027, -2.40067411363848e-14, 16.87922879168423, -0.841864271540304, 5.572653913253504e-14, -0.17630828695754402, 0.8418642634992998, -6.328622705948262e-14, 0.1763082889197632, 0.8418642621730985, 1.1390706890259376e-13, -0.1763082898153716, -0.8418642574250813, -1.8683220264095097e-14, 0.17630828908320373, -16.230810304744608, 3.795270674979848e-14, -0.33980470900765225, 16.23081030811985, -2.891457178272555e-14, 0.3398047070803275, 16.230810302869223, 2.5516397868301294e-14, -0.33980470742906027, 53.769189697989766, -1.0930125990207603e-13, 0.33980470863610407, -1.0029012163786285e-13, -2.734493587911509e-26, -5.1566729923660905e-14, 1.0029012140510193e-13, 2.4809624381358562e-26, 5.156673000856265e-14, 1.0029012109181842e-13, -7.181507323582087e-26, -5.156673007115079e-14, -1.0029012096143426e-13, 5.7578774053820435e-27, 5.1566730037458994e-14, -1.0930126041355818e-13, -1.3180551611640775e-26, -2.400674114198466e-14, 1.0930126039773012e-13, 1.0873846713909301e-26, 2.4006741046452967e-14, 1.0930126003131481e-13, -2.5969553691332655e-27, -2.40067411363848e-14, -1.0930125990207603e-13, 70.0, 2.4006741171665615e-14, 0.04150012953997555, 2.2199879899116153e-14, -0.5377878309955518, -0.04150012821066469, -1.8354245052326117e-14, 0.5377878306787942, -0.041500128312064455, -2.4137452362506025e-14, -0.5377878305974275, 0.04150012754914813, 4.6459620964674594e-15, 0.5377878307288937, 0.3398047084959921, 1.5644450284105397e-14, 16.879228792012256, -0.33980470911629274, -1.7873737824730726e-14, -16.87922879171261, -0.33980470854757083, 3.817675495589286e-15, 16.87922879168423, 0.33980470863610407, 2.4006741171665615e-14, 53.120771208095576]]}, {"__ndarray__": [[24], "float64", [9.882493747394264, 3.1209052129190624, 0.14326858195927383, 1.6256792157615607, 1.0403017376396875, 4.214114008091872, 7.379765697339429, 1.0403017376396875, 2.3219598769848213, 4.128407265816427, 3.1209052129190624, 2.035422713066297, 1.3729379856093924, 3.1209052129190624, 1.7502465943003442, 10.135234977546451, 1.0403017376396875, 2.6071359957507765, 4.381148495968527, 1.0403017376396875, 3.9289378893258946, 7.127024467187353, 3.1209052129190624, 0.42844470072522506]]}, {"__ndarray__": [[24], "float64", [-6.159792950264682e-05, -4.057168246118814e-18, -9.073686401692735e-05, 6.159792969709339e-05, -8.368690233703548e-18, 9.07368639332252e-05, 6.159793004962752e-05, 3.478646246020816e-17, -9.073686389994865e-05, -6.159793012178931e-05, -9.117677140663696e-18, 9.073686393992774e-05, -6.010229329410214e-05, 5.196153565003517e-18, 1.0249037005833527e-05, 6.010229337186654e-05, 6.838568396752483e-18, -1.02490369460082e-05, 6.010229375677935e-05, 7.736492993050788e-18, 1.0249037023775392e-05, -6.010229395682809e-05, -3.267848035393618e-17, -1.0249037039884468e-05]]}, 0.2]