[{"__ndarray__": [[24, 24], "float64", [53.87002233206039, -4.827646716012175e-14, -0.14694935604672874, 16.129977667967623, 1.214240567912224e-14, 0.14694935608915216, 16.129977667840606, -8.109179548741685e-15, -0.14694935605287507, -16.129977667970863, 2.5189369744625995e-14, 0.14694935605496579, -0.6682297458476282, -1.1539559217049384e-14, 0.007061216255589364, 0.6682297459407258, 4.995940746325633e-14, -0.007061216282942678, 0.6682297458447795, -2.019592108874309e-14, 0.007061216268519188, -0.6682297458211993, 8.842913659173172e-16, -0.007061216279286936, -4.827646716012175e-14, 70.0, -4.308395502971145e-15, 4.8276467160200354e-14, -9.232071618843512e-28, 4.3083955031064565e-15, 4.827646715956837e-14, 3.6797689029154733e-28, -4.3083955030810576e-15, -4.8276467160121796e-14, -1.9239934397024178e-27, 4.308395502985882e-15, 6.461566285183799e-14, 8.175368941414633e-28, -1.5005297913746045e-14, -6.461566285097793e-14, -4.3211143497752354e-27, 1.500529791362654e-14, -6.461566285171073e-14, 1.622574562576784e-27, -1.5005297913604264e-14, 6.461566285169161e-14, 1.1175512572386096e-28, 1.5005297913674937e-14, -0.14694935604672874, -4.308395502971145e-15, 53.34616307503501, 0.14694935605633283, 1.0318363988308593e-15, 16.653836924974534, 0.14694935603630768, -3.3018758985645448e-15, -16.65383692497263, -0.14694935605078377, 8.83696016918133e-15, 16.653836924972527, -0.15307567416291573, -8.508080873767064e-16, 0.7008993955956112, 0.15307567416033424, 4.176274064555389e-15, -0.7008993956046575, 0.15307567415990808, -7.578455273455136e-15, 0.7008993956036504, -0.15307567415970605, 2.0667673075736807e-15, -0.7008993955994172, 16.129977667967623, 4.8276467160200354e-14, 0.14694935605633283, 53.870022332004346, -1.2142405679095743e-14, -0.14694935609875556, -16.12997766786864, 8.109179548667704e-15, 0.14694935606247905, 16.129977667998894, -2.5189369744604853e-14, -0.14694935606456955, 0.6682297458092619, 1.153955921700645e-14, -0.007061216261170844, -0.6682297459023591, -4.99594074634048e-14, 0.007061216288524463, -0.6682297458064109, 2.0195921088729337e-14, -0.007061216274099974, 0.6682297457828328, -8.842913657625782e-16, 0.0070612162848711635, 1.214240567912224e-14, -9.232071618843512e-28, 1.0318363988308593e-15, -1.2142405679095743e-14, 70.0, -1.0318363986470251e-15, -1.2142405679339362e-14, -1.1254862416886223e-28, 1.0318363988047204e-15, 1.2142405679013159e-14, 4.379681074338923e-28, -1.0318363987619994e-15, -1.3880003150619758e-14, -1.8760121173606254e-28, 4.7770199995997285e-15, 1.3880003150584492e-14, 9.30146603134875e-28, -4.777019999709056e-15, 1.3880003150580169e-14, -3.7618994674933736e-28, 4.77701999958672e-15, -1.3880003150398361e-14, 2.234598137906019e-30, -4.7770199996560224e-15, 0.14694935608915216, 4.3083955031064565e-15, 16.653836924974534, -0.14694935609875556, -1.0318363986470251e-15, 53.34616307501593, -0.1469493560787315, 3.3018758983149464e-15, 16.65383692498217, 0.14694935609320708, -8.836960169586626e-15, -16.653836924982063, 0.15307567409786405, 8.50808087277294e-16, -0.7008993955918493, -0.1530756740952838, -4.176274064826787e-15, 0.700899395600895, -0.15307567409485687, 7.578455273758305e-15, -0.7008993955998871, 0.15307567409465583, -2.066767307169223e-15, 0.7008993955956537, 16.129977667840606, 4.827646715956837e-14, 0.14694935603630768, -16.12997766786864, -1.2142405679339362e-14, -0.1469493560787315, 53.8700223322584, 8.109179548303552e-15, 0.14694935604245468, 16.129977667871877, -2.5189369743414585e-14, -0.14694935604454554, 0.6682297460112379, 1.153955921695241e-14, -0.007061216272578302, -0.6682297461043367, -4.9959407462236464e-14, 0.0070612162999321715, -0.6682297460083905, 2.019592108797683e-14, -0.007061216285507738, 0.6682297459848099, -8.84291366070839e-16, 0.007061216296277789, -8.109179548741685e-15, 3.6797689029154733e-28, -3.3018758985645448e-15, 8.109179548667704e-15, -1.1254862416886223e-28, 3.3018758983149464e-15, 8.109179548303552e-15, 70.0, -3.3018758988446145e-15, -8.109179548640053e-15, -2.289127253781474e-28, 3.3018758986482335e-15, 5.59901810849596e-15, 8.954518390581157e-29, -5.05737760240938e-15, -5.5990181084750376e-15, -3.706834309806695e-28, 5.057377602388689e-15, -5.599018107989198e-15, 1.9613129583275214e-28, -5.05737760208104e-15, 5.59901810750553e-15, -3.324916606722903e-29, 5.057377602552686e-15, -0.14694935605287507, -4.3083955030810576e-15, -16.65383692497263, 0.14694935606247905, 1.0318363988047204e-15, 16.65383692498217, 0.14694935604245468, -3.3018758988446145e-15, 53.34616307501974, -0.1469493560569307, 8.836960169260569e-15, 16.65383692498016, -0.15307567415334433, -8.508080873575189e-16, 0.7008993955853686, 0.1530756741507629, 4.176274064701064e-15, -0.7008993955944137, 0.1530756741503362, -7.578455273478774e-15, 0.7008993955934057, -0.15307567415013534, 2.0667673077720225e-15, -0.700899395589173, -16.129977667970863, -4.8276467160121796e-14, -0.14694935605078377, 16.129977667998894, 1.2142405679013159e-14, 0.14694935609320708, 16.129977667871877, -8.109179548640053e-15, -0.1469493560569307, 53.87002233199787, 2.5189369744508237e-14, 0.14694935605902115, -0.6682297458076908, -1.153955921693161e-14, 0.007061216260398212, 0.6682297459007895, 4.995940746330651e-14, -0.007061216287752997, 0.6682297458048435, -2.01959210886293e-14, 0.007061216273328091, -0.6682297457812646, 8.842913657570443e-16, -0.007061216284097616, 2.5189369744625995e-14, -1.9239934397024178e-27, 8.83696016918133e-15, -2.5189369744604853e-14, 4.379681074338923e-28, -8.836960169586626e-15, -2.5189369743414585e-14, -2.289127253781474e-28, 8.836960169260569e-15, 2.5189369744508237e-14, 70.0, -8.836960169282733e-15, -2.959240576991016e-14, -3.861390551781945e-28, 1.2957387111102933e-14, 2.959240576898847e-14, 1.9518108609878103e-27, -1.2957387110812889e-14, 2.9592405770078473e-14, -8.084833268084189e-28, 1.2957387110976538e-14, -2.959240577016361e-14, -7.215727696078924e-30, -1.2957387110914628e-14, 0.14694935605496579, 4.308395502985882e-15, 16.653836924972527, -0.14694935606456955, -1.0318363987619994e-15, -16.653836924982063, -0.14694935604454554, 3.3018758986482335e-15, 16.65383692498016, 0.14694935605902115, -8.836960169282733e-15, 53.34616307501996, 0.15307567415228085, 8.5080808733277575e-16, -0.7008993955904437, -0.15307567414970025, -4.17627406460626e-15, 0.7008993955994902, -0.15307567414927445, 7.578455273521437e-15, -0.7008993955984814, 0.1530756741490708, -2.0667673076129936e-15, 0.7008993955942494, -0.6682297458476282, 6.461566285183799e-14, -0.15307567416291573, 0.6682297458092619, -1.3880003150619758e-14, 0.15307567409786405, 0.6682297460112379, 5.59901810849596e-15, -0.15307567415334433, -0.6682297458076908, -2.959240576991016e-14, 0.15307567415228085, 53.49098822002819, 1.2260733137365747e-14, -0.2973192982018894, 16.50901177985061, -6.543271540134069e-14, 0.29731929825650216, 16.509011779972845, 2.5014637157913255e-14, -0.29731929822401415, -16.5090117800034, 1.639238517952927e-15, 0.29731929824394066, -1.1539559217049384e-14, 8.175368941414633e-28, -8.508080873767064e-16, 1.153955921700645e-14, -1.8760121173606254e-28, 8.50808087277294e-16, 1.153955921695241e-14, 8.954518390581157e-29, -8.508080873575189e-16, -1.153955921693161e-14, -3.861390551781945e-28, 8.5080808733277575e-16, 1.2260733137365747e-14, 70.0, -3.2323325464490607e-15, -1.2260733137233657e-14, -8.297205187593846e-28, 3.2323325464632152e-15, -1.226073313734979e-14, 3.2480298139630042e-28, -3.2323325464180455e-15, 1.2260733137260944e-14, 8.736527213639962e-30, 3.2323325464334243e-15, 0.007061216255589364, -1.5005297913746045e-14, 0.7008993955956112, -0.007061216261170844, 4.7770199995997285e-15, -0.7008993955918493, -0.007061216272578302, -5.05737760240938e-15, 0.7008993955853686, 0.007061216260398212, 1.2957387111102933e-14, -0.7008993955904437, -0.2973192982018894, -3.2323325464490607e-15, 53.202266485259564, 0.29731929820132574, 1.4563766490476587e-14, 16.79773351473435, 0.29731929818493785, -1.1600270262835969e-14, -16.797733514732556, -0.29731929820418157, 2.640809614321036e-15, 16.797733514736006, 0.6682297459407258, -6.461566285097793e-14, 0.15307567416033424, -0.6682297459023591, 1.3880003150584492e-14, -0.1530756740952838, -0.6682297461043367, -5.5990181084750376e-15, 0.1530756741507629, 0.6682297459007895, 2.959240576898847e-14, -0.15307567414970025, 16.50901177985061, -1.2260733137233657e-14, 0.29731929820132574, 53.490988220270616, 6.543271540017509e-14, -0.2973192982559405, -16.50901177985163, -2.5014637157223248e-14, 0.2973192982234516, 16.50901177988219, -1.639238517531717e-15, -0.29731929824337866, 4.995940746325633e-14, -4.3211143497752354e-27, 4.176274064555389e-15, -4.99594074634048e-14, 9.30146603134875e-28, -4.176274064826787e-15, -4.9959407462236464e-14, -3.706834309806695e-28, 4.176274064701064e-15, 4.995940746330651e-14, 1.9518108609878103e-27, -4.17627406460626e-15, -6.543271540134069e-14, -8.297205187593846e-28, 1.4563766490476587e-14, 6.543271540017509e-14, 70.0, -1.4563766490210448e-14, 6.543271540122231e-14, -1.6416932749645418e-27, 1.456376649024981e-14, -6.543271540123759e-14, -1.1722945052642926e-28, -1.4563766490300425e-14, -0.007061216282942678, 1.500529791362654e-14, -0.7008993956046575, 0.007061216288524463, -4.777019999709056e-15, 0.700899395600895, 0.0070612162999321715, 5.057377602388689e-15, -0.7008993955944137, -0.007061216287752997, -1.2957387110812889e-14, 0.7008993955994902, 0.29731929825650216, 3.2323325464632152e-15, 16.79773351473435, -0.2973192982559405, -1.4563766490210448e-14, 53.202266485271785, -0.29731929823955283, 1.1600270262668948e-14, 16.797733514726435, 0.29731929825879366, -2.6408096144705573e-15, -16.797733514729885, 0.6682297458447795, -6.461566285171073e-14, 0.15307567415990808, -0.6682297458064109, 1.3880003150580169e-14, -0.15307567409485687, -0.6682297460083905, -5.599018107989198e-15, 0.1530756741503362, 0.6682297458048435, 2.9592405770078473e-14, -0.15307567414927445, 16.509011779972845, -1.226073313734979e-14, 0.29731929818493785, -16.50901177985163, 6.543271540122231e-14, -0.29731929823955283, 53.490988220026146, -2.5014637158129775e-14, 0.2973192982070617, 16.509011780004432, -1.6392385183997204e-15, -0.29731929822698644, -2.019592108874309e-14, 1.622574562576784e-27, -7.578455273455136e-15, 2.0195921088729337e-14, -3.7618994674933736e-28, 7.578455273758305e-15, 2.019592108797683e-14, 1.9613129583275214e-28, -7.578455273478774e-15, -2.01959210886293e-14, -8.084833268084189e-28, 7.578455273521437e-15, 2.5014637157913255e-14, 3.2480298139630042e-28, -1.1600270262835969e-14, -2.5014637157223248e-14, -1.6416932749645418e-27, 1.1600270262668948e-14, -2.5014637158129775e-14, 70.0, -1.1600270262777733e-14, 2.5014637158187756e-14, 1.3243086630541682e-30, 1.16002702627197e-14, 0.007061216268519188, -1.5005297913604264e-14, 0.7008993956036504, -0.007061216274099974, 4.77701999958672e-15, -0.7008993955998871, -0.007061216285507738, -5.05737760208104e-15, 0.7008993955934057, 0.007061216273328091, 1.2957387110976538e-14, -0.7008993955984814, -0.29731929822401415, -3.2323325464180455e-15, -16.797733514732556, 0.2973192982234516, 1.456376649024981e-14, 16.797733514726435, 0.2973192982070617, -1.1600270262777733e-14, 53.20226648527533, -0.2973192982263033, 2.6408096141257825e-15, 16.79773351472809, -0.6682297458211993, 6.461566285169161e-14, -0.15307567415970605, 0.6682297457828328, -1.3880003150398361e-14, 0.15307567409465583, 0.6682297459848099, 5.59901810750553e-15, -0.15307567415013534, -0.6682297457812646, -2.959240577016361e-14, 0.1530756741490708, -16.5090117800034, 1.2260733137260944e-14, -0.29731929820418157, 16.50901177988219, -6.543271540123759e-14, 0.29731929825879366, 16.509011780004432, 2.5014637158187756e-14, -0.2973192982263033, 53.490988219965026, 1.639238518849939e-15, 0.29731929824623093, 8.842913659173172e-16, 1.1175512572386096e-28, 2.0667673075736807e-15, -8.842913657625782e-16, 2.234598137906019e-30, -2.066767307169223e-15, -8.84291366070839e-16, -3.324916606722903e-29, 2.0667673077720225e-15, 8.842913657570443e-16, -7.215727696078924e-30, -2.0667673076129936e-15, 1.639238517952927e-15, 8.736527213639962e-30, 2.640809614321036e-15, -1.639238517531717e-15, -1.1722945052642926e-28, -2.6408096144705573e-15, -1.6392385183997204e-15, 1.3243086630541682e-30, 2.6408096141257825e-15, 1.639238518849939e-15, 70.0, -2.640809614567962e-15, -0.007061216279286936, 1.5005297913674937e-14, -0.7008993955994172, 0.0070612162848711635, -4.7770199996560224e-15, 0.7008993955956537, 0.007061216296277789, 5.057377602552686e-15, -0.700899395589173, -0.007061216284097616, -1.2957387110914628e-14, 0.7008993955942494, 0.29731929824394066, 3.2323325464334243e-15, 16.797733514736006, -0.29731929824337866, -1.4563766490300425e-14, -16.797733514729885, -0.29731929822698644, 1.16002702627197e-14, 16.79773351472809, 0.29731929824623093, -2.640809614567962e-15, 53.20226648526846]]}, {"__ndarray__": [[24], "float64", [10.087782325803637, 3.1867735641465, 0.18750862836073567, 1.6632766998910318, 1.0622578547155, 4.261838820374831, 7.538806212738505, 1.0622578547155, 2.412182352728539, 4.212252812956318, 3.1867735641465, 2.0371650960070626, 1.4568363917388707, 3.1867735641465, 1.6877065479323787, 10.294222633955807, 1.0622578547155, 2.7616409008032603, 4.418693121108454, 1.0622578547155, 3.9123802723001826, 7.332365904586207, 3.1867735641465, 0.5369671764354417]]}, {"__ndarray__": [[24], "float64", [-0.0008180601590377973, 1.5296700949562788e-15, -5.421313589767403e-05, 0.0008180601591663177, -1.7096509606141242e-15, 5.4213136114337796e-05, 0.0008180601585299007, -1.9524584416037046e-15, -5.421313593879229e-05, -0.0008180601591446491, 2.1608884427720187e-15, 5.421313593600719e-05, 0.0012858720003786342, 1.290333157937296e-15, 0.00014253471383494654, -0.001285871999953069, -1.0905880785602103e-15, -0.00014253471401554026, -0.0012858720003772848, -1.677172344542279e-15, 0.00014253471393741948, 0.0012858720004379333, 1.4523800512940813e-15, -0.00014253471397071625]]}, 0.2]