[{"__ndarray__": [[24, 24], "float64", [53.79843896692593, 9.272767151260715e-15, -0.1497708356594013, 16.20156103299996, -2.201489426978727e-14, 0.14977083564060287, 16.201561033617747, -1.4481600479156636e-14, -0.1497708355558059, -16.20156103345529, -1.4180283321211348e-14, 0.14977083560594684, -0.6962823588169272, 1.9221647133385517e-14, -0.022450495759270023, 0.696282358643461, -4.2671308936222704e-15, 0.02245049580874811, 0.6962823593048912, 1.602283296212377e-14, -0.022450495777954105, -0.6962823592305146, 1.0296339806454097e-14, 0.022450495717107333, 9.272767151260715e-15, 70.0, 6.972593434909394e-15, -9.272767148766928e-15, -8.033834186307484e-28, -6.9725934336073285e-15, -9.272767164916151e-15, -4.546416193467293e-28, 6.9725934319834726e-15, 9.27276716103078e-15, 5.226255796395072e-29, -6.9725934347189945e-15, -1.546193700407489e-14, 6.507692245254429e-28, 1.0557975878301448e-14, 1.5461937010600148e-14, -1.715088642912517e-28, -1.0557975878643367e-14, 1.5461936993162175e-14, 8.16875794769737e-29, 1.055797587808691e-14, -1.5461936995729094e-14, 3.1937524549207793e-28, -1.055797587673778e-14, -0.1497708356594013, 6.972593434909394e-15, 53.311928962719975, 0.14977083564870083, -1.1623018377004043e-14, 16.68807103727478, 0.14977083566575988, -4.383053409788825e-15, -16.68807103727451, -0.14977083570855756, 4.836691162628125e-15, 16.688071037278853, -0.20918043114587478, 8.526124821529975e-15, 0.6414648601415206, 0.20918043110933054, -3.2911493807300734e-15, -0.6414648601454033, 0.20918043115840504, -2.763951931453671e-15, 0.6414648601415189, -0.20918043117771526, 1.4895404674140284e-15, -0.6414648601520812, 16.20156103299996, -9.272767148766928e-15, 0.14977083564870083, 53.79843896707413, 2.2014894268801862e-14, -0.14977083562990146, -16.201561033543644, 1.4481600476014284e-14, 0.14977083554510479, 16.20156103338119, 1.4180283322623037e-14, -0.1497708355952457, 0.6962823591023937, -1.9221647133618212e-14, 0.022450495775686558, -0.6962823589289261, 4.267130892045528e-15, -0.022450495825164535, -0.6962823595903577, -1.6022832962493045e-14, 0.022450495794372693, 0.6962823595159765, -1.0296339803980725e-14, -0.022450495733523396, -2.201489426978727e-14, -8.033834186307484e-28, -1.1623018377004043e-14, 2.2014894268801862e-14, 70.0, 1.1623018376240472e-14, 2.201489427661534e-14, 1.268773419821827e-27, -1.1623018375681666e-14, -2.2014894275767274e-14, -2.96820767138073e-28, 1.1623018376229453e-14, 4.518122528360546e-14, -1.7915682435646494e-27, -2.105643966442149e-14, -4.518122528658146e-14, 4.259012553306774e-28, 2.105643966437323e-14, -4.5181225277494537e-14, -9.246807138595539e-29, -2.1056439663927067e-14, 4.5181225278362984e-14, -9.191995540426783e-28, 2.105643966362958e-14, 0.14977083564060287, -6.9725934336073285e-15, 16.68807103727478, -0.14977083562990146, 1.1623018376240472e-14, 53.31192896273049, -0.1497708356469617, 4.383053408550528e-15, 16.68807103726926, 0.14977083568975924, -4.836691162664981e-15, -16.688071037273602, 0.2091804312485569, -8.526124821173609e-15, -0.6414648601286527, -0.2091804312120093, 3.2911493799062265e-15, 0.641464860132536, -0.2091804312610857, 2.7639519318100145e-15, -0.6414648601286516, 0.20918043128039585, -1.4895404665302163e-15, 0.6414648601392152, 16.201561033617747, -9.272767164916151e-15, 0.14977083566575988, -16.201561033543644, 2.201489427661534e-14, -0.1497708356469617, 53.798438965838585, 1.4481600499335297e-14, 0.1497708355621637, 16.201561033998974, 1.4180283314679132e-14, -0.1497708356123053, 0.6962823574890391, -1.9221647135833324e-14, 0.02245049585856901, -0.6962823573155742, 4.267130902073301e-15, -0.02245049590804568, -0.6962823579770054, -1.6022832959371854e-14, 0.022450495877254256, 0.6962823579026288, -1.0296339822228637e-14, -0.02245049581640593, -1.4481600479156636e-14, -4.546416193467293e-28, -4.383053409788825e-15, 1.4481600476014284e-14, 1.268773419821827e-27, 4.383053408550528e-15, 1.4481600499335297e-14, 70.0, -4.383053405901241e-15, -1.4481600493705408e-14, -1.3820710530050473e-28, 4.3830534090718644e-15, 2.60027788868661e-14, -1.0274194672421272e-27, -1.0505108540716893e-14, -2.6002778895192377e-14, 2.419580464983044e-28, 1.050510854034319e-14, -2.6002778872290444e-14, -8.148761882301783e-29, -1.0505108540047885e-14, 2.6002778873649936e-14, -5.348526229610083e-28, 1.0505108538263392e-14, -0.1497708355558059, 6.9725934319834726e-15, -16.68807103727451, 0.14977083554510479, -1.1623018375681666e-14, 16.68807103726926, 0.1497708355621637, -4.383053405901241e-15, 53.31192896273103, -0.14977083560496177, 4.83669116159983e-15, 16.688071037273325, -0.20918043143231363, 8.526124821143387e-15, 0.641464860150711, 0.209180431395767, -3.2911493788988468e-15, -0.641464860154594, 0.20918043144484133, -2.7639519312848473e-15, 0.6414648601507091, -0.20918043146415238, 1.4895404644745871e-15, -0.6414648601612716, -16.20156103345529, 9.27276716103078e-15, -0.14977083570855756, 16.20156103338119, -2.2014894275767274e-14, 0.14977083568975924, 16.201561033998974, -1.4481600493705408e-14, -0.14977083560496177, 53.79843896616348, -1.4180283317755568e-14, 0.1497708356551033, -0.6962823580375929, 1.9221647136442233e-14, -0.022450495866066483, 0.6962823578641267, -4.2671308995121316e-15, 0.02245049591554313, 0.6962823585255573, 1.602283296117692e-14, -0.022450495884752147, -0.6962823584511794, 1.0296339817658223e-14, 0.02245049582390632, -1.4180283321211348e-14, 5.226255796395072e-29, 4.836691162628125e-15, 1.4180283322623037e-14, -2.96820767138073e-28, -4.836691162664981e-15, 1.4180283314679132e-14, -1.3820710530050473e-28, 4.83669116159983e-15, -1.4180283317755568e-14, 70.0, -4.836691162393905e-15, -4.997920252646508e-15, 2.0942715843114953e-28, 3.4388460818931165e-15, 4.9979202531797655e-15, -2.684278179814242e-29, -3.438846082533275e-15, 4.997920246078232e-15, -2.893353589739844e-28, 3.4388460826449423e-15, -4.9979202482627734e-15, 1.098647991329813e-28, -3.4388460811248724e-15, 0.14977083560594684, -6.9725934347189945e-15, 16.688071037278853, -0.1497708355952457, 1.1623018376229453e-14, -16.688071037273602, -0.1497708356123053, 4.3830534090718644e-15, 16.688071037273325, 0.1497708356551033, -4.836691162393905e-15, 53.31192896272234, 0.20918043114030838, -8.52612482106557e-15, -0.6414648601797023, -0.20918043110376164, 3.291149380721624e-15, 0.6414648601835856, -0.20918043115283758, 2.763951931516638e-15, -0.6414648601797014, 0.20918043117214782, -1.4895404668443466e-15, 0.6414648601902639, -0.6962823588169272, -1.546193700407489e-14, -0.20918043114587478, 0.6962823591023937, 4.518122528360546e-14, 0.2091804312485569, 0.6962823574890391, 2.60027788868661e-14, -0.20918043143231363, -0.6962823580375929, -4.997920252646508e-15, 0.20918043114030838, 53.60767090260407, -3.6426528471992275e-14, -0.2923544101332302, 16.39232909784086, 7.495035328489867e-15, 0.29235441009467866, 16.392329096436463, -2.6590912101776118e-15, -0.29235441008782237, -16.39232909672286, -1.8899171221837807e-14, 0.2923544102924651, 1.9221647133385517e-14, 6.507692245254429e-28, 8.526124821529975e-15, -1.9221647133618212e-14, -1.7915682435646494e-27, -8.526124821173609e-15, -1.9221647135833324e-14, -1.0274194672421272e-27, 8.526124821143387e-15, 1.9221647136442233e-14, 2.0942715843114953e-28, -8.52612482106557e-15, -3.6426528471992275e-14, 70.0, 1.6593174022611636e-14, 3.642652847317888e-14, -3.4581830495541442e-28, -1.6593174022391903e-14, 3.6426528469863676e-14, 1.0153271026487056e-28, 1.6593174022095642e-14, -3.642652846972645e-14, 7.448344155667994e-28, -1.65931740223443e-14, -0.022450495759270023, 1.0557975878301448e-14, 0.6414648601415206, 0.022450495775686558, -2.105643966442149e-14, -0.6414648601286527, 0.02245049585856901, -1.0505108540716893e-14, 0.641464860150711, -0.022450495866066483, 3.4388460818931165e-15, -0.6414648601797023, -0.2923544101332302, 1.6593174022611636e-14, 53.16387146961475, 0.29235441013871044, -5.77385676727475e-15, 16.8361285304127, 0.2923544102752378, 1.8048155870926445e-16, -16.836128530389484, -0.29235441027668785, 6.297375160429273e-15, 16.836128530389797, 0.696282358643461, 1.5461937010600148e-14, 0.20918043110933054, -0.6962823589289261, -4.518122528658146e-14, -0.2091804312120093, -0.6962823573155742, -2.6002778895192377e-14, 0.209180431395767, 0.6962823578641267, 4.9979202531797655e-15, -0.20918043110376164, 16.39232909784086, 3.642652847317888e-14, 0.29235441013871044, 53.607670901714236, -7.495035332634217e-15, -0.2923544101001575, -16.39232909688137, 2.6590912111367815e-15, 0.2923544100932994, 16.39232909716777, 1.8899171228148272e-14, -0.2923544102979459, -4.2671308936222704e-15, -1.715088642912517e-28, -3.2911493807300734e-15, 4.267130892045528e-15, 4.259012553306774e-28, 3.2911493799062265e-15, 4.267130902073301e-15, 2.419580464983044e-28, -3.2911493788988468e-15, -4.2671308995121316e-15, -2.684278179814242e-29, 3.291149380721624e-15, 7.495035328489867e-15, -3.4581830495541442e-28, -5.77385676727475e-15, -7.495035332634217e-15, 70.0, 5.773856767737335e-15, -7.495035321339073e-15, -4.4842403941391503e-29, -5.773856767300162e-15, 7.49503532362024e-15, -1.7076270334171693e-28, 5.7738567663867734e-15, 0.02245049580874811, -1.0557975878643367e-14, -0.6414648601454033, -0.022450495825164535, 2.105643966437323e-14, 0.641464860132536, -0.02245049590804568, 1.050510854034319e-14, -0.641464860154594, 0.02245049591554313, -3.438846082533275e-15, 0.6414648601835856, 0.29235441009467866, -1.6593174022391903e-14, 16.8361285304127, -0.2923544101001575, 5.773856767737335e-15, 53.16387146955985, -0.2923544102366862, -1.8048155825028387e-16, 16.836128530416914, 0.2923544102381377, -6.297375160194011e-15, -16.836128530417234, 0.6962823593048912, 1.5461936993162175e-14, 0.20918043115840504, -0.6962823595903577, -4.5181225277494537e-14, -0.2091804312610857, -0.6962823579770054, -2.6002778872290444e-14, 0.20918043144484133, 0.6962823585255573, 4.997920246078232e-15, -0.20918043115283758, 16.392329096436463, 3.6426528469863676e-14, 0.2923544102752378, -16.39232909688137, -7.495035321339073e-15, -0.2923544102366862, 53.60767090452303, 2.6590912132874135e-15, 0.29235441022982755, 16.39232909576337, 1.889917121030663e-14, -0.29235441043447413, 1.602283296212377e-14, 8.16875794769737e-29, -2.763951931453671e-15, -1.6022832962493045e-14, -9.246807138595539e-29, 2.7639519318100145e-15, -1.6022832959371854e-14, -8.148761882301783e-29, -2.7639519312848473e-15, 1.602283296117692e-14, -2.893353589739844e-28, 2.763951931516638e-15, -2.6590912101776118e-15, 1.0153271026487056e-28, 1.8048155870926445e-16, 2.6590912111367815e-15, -4.4842403941391503e-29, -1.8048155825028387e-16, 2.6590912132874135e-15, 70.0, 1.8048155793989787e-16, -2.6590912119638426e-15, 5.115365815224452e-29, -1.804815590512396e-16, -0.022450495777954105, 1.055797587808691e-14, 0.6414648601415189, 0.022450495794372693, -2.1056439663927067e-14, -0.6414648601286516, 0.022450495877254256, -1.0505108540047885e-14, 0.6414648601507091, -0.022450495884752147, 3.4388460826449423e-15, -0.6414648601797014, -0.29235441008782237, 1.6593174022095642e-14, -16.836128530389484, 0.2923544100932994, -5.773856767300162e-15, 16.836128530416914, 0.29235441022982755, 1.8048155793989787e-16, 53.163871469606306, -0.29235441023127756, 6.297375160042965e-15, 16.836128530394014, -0.6962823592305146, -1.5461936995729094e-14, -0.20918043117771526, 0.6962823595159765, 4.5181225278362984e-14, 0.20918043128039585, 0.6962823579026288, 2.6002778873649936e-14, -0.20918043146415238, -0.6962823584511794, -4.9979202482627734e-15, 0.20918043117214782, -16.39232909672286, -3.642652846972645e-14, -0.29235441027668785, 16.39232909716777, 7.49503532362024e-15, 0.2923544102381377, 16.39232909576337, -2.6590912119638426e-15, -0.29235441023127756, 53.60767090395022, -1.889917121159317e-14, 0.29235441043592675, 1.0296339806454097e-14, 3.1937524549207793e-28, 1.4895404674140284e-15, -1.0296339803980725e-14, -9.191995540426783e-28, -1.4895404665302163e-15, -1.0296339822228637e-14, -5.348526229610083e-28, 1.4895404644745871e-15, 1.0296339817658223e-14, 1.098647991329813e-28, -1.4895404668443466e-15, -1.8899171221837807e-14, 7.448344155667994e-28, 6.297375160429273e-15, 1.8899171228148272e-14, -1.7076270334171693e-28, -6.297375160194011e-15, 1.889917121030663e-14, 5.115365815224452e-29, 6.297375160042965e-15, -1.889917121159317e-14, 70.0, -6.297375158536971e-15, 0.022450495717107333, -1.055797587673778e-14, -0.6414648601520812, -0.022450495733523396, 2.105643966362958e-14, 0.6414648601392152, -0.02245049581640593, 1.0505108538263392e-14, -0.6414648601612716, 0.02245049582390632, -3.4388460811248724e-15, 0.6414648601902639, 0.2923544102924651, -1.65931740223443e-14, 16.836128530389797, -0.2923544102979459, 5.7738567663867734e-15, -16.836128530417234, -0.29235441043447413, -1.804815590512396e-16, 16.836128530394014, 0.29235441043592675, -6.297375158536971e-15, 53.16387146960567]]}, {"__ndarray__": [[24], "float64", [10.020573509927699, 3.167954035224375, 0.1462517826704188, 1.6610894978988335, 1.055984678408125, 4.276819992155371, 7.5019210018118585, 1.055984678408125, 2.3577876700832556, 4.1797420060145525, 3.167954035224375, 2.0652841047424437, 1.4215884884059014, 3.167954035224375, 1.7284784807741898, 10.26007451942068, 1.055984678408125, 2.6945932940515847, 4.419243015507245, 1.055984678408125, 3.940014368187077, 7.262419992319185, 3.167954035224375, 0.48305740663872604]]}, {"__ndarray__": [[24], "float64", [-0.0003394804805679, 1.2296745232568885e-15, -1.2861085422697966e-05, 0.00033948048016730877, -1.188895459850025e-15, 1.2861085280347641e-05, 0.00033948048219791926, -1.1776355322439211e-15, -1.2861085075771051e-05, -0.0003394804815752175, 1.1575530751774108e-15, 1.286108539273181e-05, 0.0008095873854365144, 8.284832378390704e-16, -5.560545570778316e-05, -0.0008095873860613746, -8.604295650035973e-16, 5.5605455780939595e-05, -0.0008095873840885256, -7.95240222827882e-16, -5.560545577135969e-05, 0.0008095873844912809, 8.064063714918405e-16, 5.560545552358643e-05]]}, 0.2]