[{"__ndarray__": [[24, 24], "float64", [53.765452875225954, -0.011066042863878056, -0.29706618691840714, 16.187436539795954, 0.00033654485587843587, 0.28474054705223756, 16.145614271361616, 0.012057426681243984, -0.25579309417710905, -16.131772238991058, 0.00494392656005105, 0.26501619964584955, -0.8349747559114199, -0.014115253957313683, -0.20071653754879476, 0.7508778174000609, 0.01787737859204836, 0.20460365439823025, 0.748979270916922, -0.0003304558261956969, -0.13029701205532773, -0.6316137808218556, -0.009703524090569293, 0.129512429961742, -0.011066042863878056, 69.9999817364509, 0.01745583525504268, 0.010983491810952359, 1.1332993896433317e-05, -0.017501286194911723, 0.010901284067573062, 3.306832542511509e-05, 0.01753068886245594, -0.010964369220595157, 8.448560132404693e-06, -0.01750643089121246, -0.014374858928046262, -6.833095271793362e-05, -0.020028877834445305, 0.014044620526700219, 3.832695577371871e-05, 0.020078281615589826, 0.01425203913435416, 1.2251524272625023e-06, -0.019834815397809638, -0.013776164536431986, -5.8074877045938465e-06, 0.019806604588165293, -0.29706618691840714, 0.01745583525504268, 53.74947929319586, 0.36207279529712244, -0.006395851692130335, 16.264173471518998, 0.435252617696457, -0.016719486604923173, -16.305093823953737, -0.46097897504591046, -0.0018927215327670436, 16.296581817066333, -0.21948371276776107, 0.008220055912826034, 0.8334260852664904, 0.3043988027789337, -0.0009792752032107485, -0.8351692646650645, 0.295309584964974, 0.003063347823775816, 0.7876230710974396, -0.41950492409102114, -0.0027519026956814305, -0.791020649378309, 16.187436539795954, 0.010983491810952359, 0.36207279529712244, 53.86063481381644, -0.0004231076027042212, -0.3497241013834221, -16.097653539663348, -0.012021788383124123, 0.32084487399215944, 16.0845076730925, -0.004907561406560705, -0.3299924986805519, 0.7894901537339021, 0.014071130104835858, 0.17632631457786702, -0.7043777368469989, -0.017854921200845544, -0.18032322459834021, -0.7057490696833952, 0.0006620216045996894, 0.10701171520684666, 0.58571116674431, 0.00949073511717309, -0.10621587475611233, 0.00033654485587843587, 1.1332993896433317e-05, -0.006395851692130335, -0.0004231076027042212, 70.00001181744896, 0.006388827349480543, -0.000426296408693567, -4.470444004644401e-06, -0.006404961651991813, 0.00036339014495929934, -4.829528160852575e-06, 0.006396488281360932, 0.0001397797239290842, -3.053969187239381e-06, 0.0032914586039150947, -0.00023502543919857132, 9.381527139788858e-06, -0.0032741494358064713, -1.2852720784907717e-05, -3.1618386280148894e-05, 0.0031877082557815245, 0.0002575674489567963, 1.144035763305351e-05, -0.003189519710717791, 0.28474054705223756, -0.017501286194911723, 16.264173471518998, -0.3497241013834221, 0.006388827349480543, 53.72217213181401, -0.42309304073374254, 0.016772661909722715, 16.318896822340122, 0.4490224753167753, 0.0019194671173164179, -16.310316706739986, 0.2017734130105817, -0.008275905881756241, -0.8509092993663594, -0.286708145567096, 0.001009419561780355, 0.8525482441229706, -0.2782964859329025, -0.00298423448940399, -0.804648311026422, 0.4022853363129921, 0.002671049363229567, 0.8080836471930168, 16.145614271361616, 0.010901284067573062, 0.435252617696457, -16.097653539663348, -0.000426296408693567, -0.42309304073374254, 53.9434313862526, -0.011961056157249673, 0.3942015692894322, 16.043793290805798, -0.004910439063189117, -0.40336937456714944, 0.753226633539385, 0.01392639848042701, 0.15787793757579524, -0.668777302163991, -0.017811345268025146, -0.16156087767703167, -0.6709723765604163, 0.0007921700421030852, 0.08914053890225368, 0.551337637380944, 0.009489284344937204, -0.08844937081243875, 0.012057426681243984, 3.306832542511509e-05, -0.016719486604923173, -0.012021788383124123, -4.470444004644401e-06, 0.016772661909722715, -0.011961056157249673, 69.9999720280483, -0.01679667059579186, 0.011965323632453577, -2.4477558371811925e-06, 0.016783172101465453, 0.015423589594703496, 3.057375126390488e-05, 0.018057123664823843, -0.015152865508930455, -5.3761326603906174e-05, -0.018126757089787143, -0.015214449560882026, 8.244209770392775e-06, 0.017871010764470174, 0.014903819710316074, 1.676519254237904e-05, -0.017841054151594017, -0.25579309417710905, 0.01753068886245594, -16.305093823953737, 0.32084487399215944, -0.006404961651991813, 16.318896822340122, 0.3942015692894322, -0.01679667059579186, 53.64015801460685, -0.419859364365086, -0.0019030729014446468, 16.351289604750338, -0.16976698999521955, 0.008359907439798864, 0.8871238082270513, 0.25547854966306993, -0.0011065701775863652, -0.8890858049895619, 0.2461881692108558, 0.00304312550264071, 0.8407260698299766, -0.3712937116744824, -0.002722445210826074, -0.8440146906710807, -16.131772238991058, -0.010964369220595157, -0.46097897504591046, 16.0845076730925, 0.00036339014495929934, 0.4490224753167753, 16.043793290805798, 0.011965323632453577, -0.419859364365086, 53.96949795845286, 0.004945205257965837, 0.4291259278972949, -0.7374259187033755, -0.013712113595980343, -0.15130660055623849, 0.654584443016044, 0.0178295315879469, 0.15448652613772101, 0.6543841558897614, -0.0007031860175302797, -0.08222272887420806, -0.5375693644986438, -0.009723781820825613, 0.08173273980338835, 0.00494392656005105, 8.448560132404693e-06, -0.0018927215327670436, -0.004907561406560705, -4.829528160852575e-06, 0.0019194671173164179, -0.004910439063189117, -2.4477558371811925e-06, -0.0019030729014446468, 0.004945205257965837, 70.00000620992763, 0.0019115595598146423, 0.006065378445754642, -1.6293850770735625e-06, 0.003409823906726431, -0.005934733839947911, -2.6631002041261392e-05, -0.003463790950834812, -0.00607554612847059, 2.5147632014313756e-05, 0.003423478755826278, 0.005873770175674203, -4.26844868329112e-06, -0.0034047439545693645, 0.26501619964584955, -0.01750643089121246, 16.296581817066333, -0.3299924986805519, 0.006396488281360932, -16.310316706739986, -0.40336937456714944, 0.016783172101465453, 16.351289604750338, 0.4291259278972949, 0.0019115595598146423, 53.657279108576255, 0.18110366098450392, -0.008351331173017423, -0.8730941777298024, -0.2665047551502985, 0.0010464651108878145, 0.874918422823662, -0.25758709414865355, -0.0029906305977001656, -0.8267109003941305, 0.38220793207908443, 0.0027107063415177284, 0.8300528315083084, -0.8349747559114199, -0.014374858928046262, -0.21948371276776107, 0.7894901537339021, 0.0001397797239290842, 0.2017734130105817, 0.753226633539385, 0.015423589594703496, -0.16976698999521955, -0.7374259187033755, 0.006065378445754642, 0.18110366098450392, 53.40762796904302, -0.014823633995162396, -0.5207769012190976, 16.485441939516598, 0.03017091872565358, 0.5295596863130334, 16.479659706614964, -0.001511048658316239, -0.4208837778383637, -16.343045729030187, -0.021090124682533046, 0.41847462194895174, -0.014115253957313683, -6.833095271793362e-05, 0.008220055912826034, 0.014071130104835858, -3.053969187239381e-06, -0.008275905881756241, 0.01392639848042701, 3.057375126390488e-05, 0.008359907439798864, -0.013712113595980343, -1.6293850770735625e-06, -0.008351331173017423, -0.014823633995162396, 70.00004999592497, -0.0067003664325107565, 0.014694940396271184, 8.943059256917373e-05, 0.0067394594008695075, 0.01426717631662552, -2.3778301403536727e-05, -0.006496374359810571, -0.014308643753354364, -7.320765997040959e-05, 0.006504555093657438, -0.20071653754879476, -0.020028877834445305, 0.8334260852664904, 0.17632631457786702, 0.0032914586039150947, -0.8509092993663594, 0.15787793757579524, 0.018057123664823843, 0.8871238082270513, -0.15130660055623849, 0.003409823906726431, -0.8730941777298024, -0.5207769012190976, -0.0067003664325107565, 53.17591634537405, 0.42515512742611333, 0.0277991275897714, 16.82911050818781, 0.42897653617732245, -0.008840162588920678, -16.72771703101766, -0.3155358790804355, -0.016988127047265374, 16.726143760773606, 0.7508778174000609, 0.014044620526700219, 0.3043988027789337, -0.7043777368469989, -0.00023502543919857132, -0.286708145567096, -0.668777302163991, -0.015152865508930455, 0.25547854966306993, 0.654584443016044, -0.005934733839947911, -0.2665047551502985, 16.485441939516598, 0.014694940396271184, 0.42515512742611333, 53.62302149325399, -0.029878713769429337, -0.4344366525664327, -16.37811644396041, 0.0020176080223877598, 0.32795859171207864, 16.23734579092925, 0.02044416937525962, -0.32534151871481565, 0.01787737859204836, 3.832695577371871e-05, -0.0009792752032107485, -0.017854921200845544, 9.381527139788858e-06, 0.001009419561780355, -0.017811345268025146, -5.3761326603906174e-05, -0.0011065701775863652, 0.0178295315879469, -2.6631002041261392e-05, 0.0010464651108878145, 0.03017091872565358, 8.943059256917373e-05, 0.0277991275897714, -0.029878713769429337, 69.9999484485303, -0.02778694301746523, -0.029905112440481205, -4.6558101054956995e-05, 0.02735788388865575, 0.02957226378278053, 4.136282412178823e-05, -0.027340107754982596, 0.20460365439823025, 0.020078281615589826, -0.8351692646650645, -0.18032322459834021, -0.0032741494358064713, 0.8525482441229706, -0.16156087767703167, -0.018126757089787143, -0.8890858049895619, 0.15448652613772101, -0.003463790950834812, 0.874918422823662, 0.5295596863130334, 0.0067394594008695075, 16.82911050818781, -0.4344366525664327, -0.02778694301746523, 53.166271210690915, -0.43652215883323225, 0.00867231297220333, 16.7320813054731, 0.3241930494795779, 0.017161586644247637, -16.73067462136473, 0.748979270916922, 0.01425203913435416, 0.295309584964974, -0.7057490696833952, -1.2852720784907717e-05, -0.2782964859329025, -0.6709723765604163, -0.015214449560882026, 0.2461881692108558, 0.6543841558897614, -0.00607554612847059, -0.25758709414865355, 16.479659706614964, 0.01426717631662552, 0.42897653617732245, -16.37811644396041, -0.029905112440481205, -0.43652215883323225, 53.633729692330014, 0.0012620196455739533, 0.3296686403886246, 16.238085065586862, 0.021426725518792336, -0.3277371922343093, -0.0003304558261956969, 1.2251524272625023e-06, 0.003063347823775816, 0.0006620216045996894, -3.1618386280148894e-05, -0.00298423448940399, 0.0007921700421030852, 8.244209770392775e-06, 0.00304312550264071, -0.0007031860175302797, 2.5147632014313756e-05, -0.0029906305977001656, -0.001511048658316239, -2.3778301403536727e-05, -0.008840162588920678, 0.0020176080223877598, -4.6558101054956995e-05, 0.00867231297220333, 0.0012620196455739533, 70.00011497085987, -0.008544522112983186, -0.002189128815614666, -4.763306560925299e-05, 0.008580763490450302, -0.13029701205532773, -0.019834815397809638, 0.7876230710974396, 0.10701171520684666, 0.0031877082557815245, -0.804648311026422, 0.08914053890225368, 0.017871010764470174, 0.8407260698299766, -0.08222272887420806, 0.003423478755826278, -0.8267109003941305, -0.4208837778383637, -0.006496374359810571, -16.72771703101766, 0.32795859171207864, 0.02735788388865575, 16.7320813054731, 0.3296686403886246, -0.008544522112983186, 53.36808694539067, -0.22037597005571274, -0.016964369927366225, 16.630558850355836, -0.6316137808218556, -0.013776164536431986, -0.41950492409102114, 0.58571116674431, 0.0002575674489567963, 0.4022853363129921, 0.551337637380944, 0.014903819710316074, -0.3712937116744824, -0.5375693644986438, 0.005873770175674203, 0.38220793207908443, -16.343045729030187, -0.014308643753354364, -0.3155358790804355, 16.23734579092925, 0.02957226378278053, 0.3241930494795779, 16.238085065586862, -0.002189128815614666, -0.22037597005571274, 53.899749212645546, -0.02033348376801778, 0.21802416741783462, -0.009703524090569293, -5.8074877045938465e-06, -0.0027519026956814305, 0.00949073511717309, 1.144035763305351e-05, 0.002671049363229567, 0.009489284344937204, 1.676519254237904e-05, -0.002722445210826074, -0.009723781820825613, -4.26844868329112e-06, 0.0027107063415177284, -0.021090124682533046, -7.320765997040959e-05, -0.016988127047265374, 0.02044416937525962, 4.136282412178823e-05, 0.017161586644247637, 0.021426725518792336, -4.763306560925299e-05, -0.016964369927366225, -0.02033348376801778, 70.00006134828828, 0.01688350253295461, 0.129512429961742, 0.019806604588165293, -0.791020649378309, -0.10621587475611233, -0.003189519710717791, 0.8080836471930168, -0.08844937081243875, -0.017841054151594017, -0.8440146906710807, 0.08173273980338835, -0.0034047439545693645, 0.8300528315083084, 0.41847462194895174, 0.006504555093657438, 16.726143760773606, -0.32534151871481565, -0.027340107754982596, -16.73067462136473, -0.3277371922343093, 0.008580763490450302, 16.630558850355836, 0.21802416741783462, 0.01688350253295461, 53.370870871874935]]}, {"__ndarray__": [[24], "float64", [9.936563211421255, 3.139723550854358, 0.1436191775080734, 1.6410024514847237, 1.046575311851373, 4.240038085869052, 7.429783148645674, 1.0465759716880725, 2.335451696509827, 4.147787507366402, 3.1397247982027143, 2.048207093371377, 1.3906862715867236, 3.1397246214585275, 1.7425903287583824, 10.18687757890235, 1.0465753696888684, 2.6410682171753344, 4.398093119013862, 1.0465743851788087, 3.9344227267597107, 7.179482635675067, 3.1397246142302206, 0.44923572989212585]]}, {"__ndarray__": [[24], "float64", [0.00014329613496099887, 5.334933085886806e-06, -0.00017743656254853662, -0.00010978480671946173, -1.6477914006313988e-06, 0.00018422184248399206, -7.116777364365068e-05, -4.5801301431828144e-06, -0.0001967669084698694, 4.778869685404675e-05, -4.763768277710059e-07, 0.00019654173635624237, 5.422711989586007e-05, 1.5233263253442003e-06, -0.00016515744272995662, -2.322516820878383e-05, -3.614967643507732e-06, 0.00016078854055913888, 2.8297802030511463e-06, 6.91675298479884e-07, -0.00017719158973525853, -4.396398334206058e-05, 2.7693313053820613e-06, 0.00017500038408424786]]}, 0.2]