[{"__ndarray__": [[24, 24], "float64", [53.98287384706332, 1.803303035112845e-15, -0.24364374142330433, 16.017126152504172, 5.481905547964661e-14, 0.24364374148081552, 16.017126152481598, 4.188691136772013e-14, -0.24364374149655665, -16.01712615294782, 5.7473920192980496e-15, 0.24364374144050105, -0.8905230665563175, -5.54660075426574e-14, -0.08410574874166205, 0.8905230669707949, 5.770056317352687e-16, 0.08410574865914665, 0.8905230670621931, -1.41903337646113e-14, -0.08410574866595182, -0.8905230664782016, -3.3670518081395954e-14, 0.08410574874514104, 1.803303035112845e-15, 70.0, -6.586709429424235e-15, -1.803303036460644e-15, -2.6911931096263697e-28, 6.5867094301413775e-15, -1.8033030375381207e-15, -2.2630406825561408e-28, -6.586709430100415e-15, 1.803303035522488e-15, 4.7366184524582267e-29, 6.586709429560034e-15, 6.947556375864873e-15, 2.4931479766631823e-28, -8.688088158604406e-15, -6.947556372261288e-15, -1.0505260188046361e-28, 8.68808815803145e-15, -6.947556375505714e-15, 1.5972634523082297e-29, -8.688088158572232e-15, 6.947556375900166e-15, 1.3393129705818672e-28, 8.688088158710672e-15, -0.24364374142330433, -6.586709429424235e-15, 53.33161298045604, 0.24364374098006517, 4.1299188684363044e-14, 16.66838701959899, 0.24364374098567396, 4.912540422873485e-14, -16.66838701961698, -0.2436437414162478, 1.2482979055876589e-14, 16.668387019552608, -0.16760589855928715, -4.556490962615969e-14, 0.6222626445067083, 0.16760589891076672, 1.819113348952242e-15, -0.6222626445910291, 0.1676058990119138, -1.8310359325871474e-14, 0.622262644589767, -0.16760589852583918, -3.2876908500191964e-14, -0.6222626445089269, 16.017126152504172, -1.803303036460644e-15, 0.24364374098006517, 53.98287384792833, -5.481905546174086e-14, -0.24364374103757577, -16.017126152049087, -4.188691135611611e-14, 0.24364374105331726, 16.017126152515306, -5.7473920072896965e-15, -0.2436437409972625, 0.8905230667153854, 5.546600752066152e-14, 0.0841057483880297, -0.8905230671298627, -5.77005630420856e-16, -0.08410574830551154, -0.8905230672212627, 1.4190333753828524e-14, 0.08410574831231571, 0.8905230666372712, 3.3670518073360087e-14, -0.08410574839150622, 5.481905547964661e-14, -2.6911931096263697e-28, 4.1299188684363044e-14, -5.481905546174086e-14, 70.0, -4.129918868649053e-14, -5.48190554641032e-14, 5.758348085607956e-27, 4.1299188687376126e-14, 5.481905547968964e-14, 1.3329022515877103e-27, -4.129918868396147e-14, -3.6813248727278724e-14, -6.230093537752356e-27, 3.563144143630975e-14, 3.6813248712704095e-14, 5.258285993829417e-29, -3.5631441433499775e-14, 3.681324871053606e-14, -1.9754548206503187e-27, 3.5631441434038037e-14, -3.681324872887059e-14, -4.180783169472597e-27, -3.56314414369635e-14, 0.24364374148081552, 6.5867094301413775e-15, 16.66838701959899, -0.24364374103757577, -4.129918868649053e-14, 53.331612980346, -0.2436437410431852, -4.9125404230208105e-14, 16.668387019671986, 0.24364374147375842, -1.2482979056900535e-14, -16.66838701960762, 0.16760589854898494, 4.556490962880099e-14, -0.6222626444665704, -0.16760589890046768, -1.819113349599067e-15, 0.6222626445508923, -0.16760589900161316, 1.8310359326705303e-14, -0.6222626445496318, 0.16760589851553936, 3.2876908501188566e-14, 0.622262644468789, 16.017126152481598, -1.8033030375381207e-15, 0.24364374098567396, -16.017126152049087, -5.48190554641032e-14, -0.2436437410431852, 53.98287384797348, -4.188691135676856e-14, 0.24364374105892622, 16.017126152492732, -5.747392010062158e-15, -0.2436437410028705, 0.8905230666475368, 5.546600752309241e-14, 0.0841057483983471, -0.8905230670620125, -5.770056296197236e-16, -0.08410574831583097, -0.8905230671534117, 1.419033375684763e-14, 0.08410574832263527, 0.8905230665694213, 3.3670518073875396e-14, -0.08410574840182379, 4.188691136772013e-14, -2.2630406825561408e-28, 4.912540422873485e-14, -4.188691135611611e-14, 5.758348085607956e-27, -4.9125404230208105e-14, -4.188691135676856e-14, 70.0, 4.912540423078855e-14, 4.1886911368450044e-14, 1.579428936177195e-27, -4.912540422852865e-14, -2.2248171704808973e-14, -6.4257026260281556e-27, 3.740787829351909e-14, 2.224817169572283e-14, -4.2826576915452824e-29, -3.740787829187541e-14, 2.224817169291223e-14, -2.1530169773019822e-27, 3.740787829172156e-14, -2.224817170581417e-14, -4.407002916971419e-27, -3.7407878294128466e-14, -0.24364374149655665, -6.586709430100415e-15, -16.66838701961698, 0.24364374105331726, 4.1299188687376126e-14, 16.668387019671986, 0.24364374105892622, 4.912540423078855e-14, 53.33161298031002, -0.2436437414894991, 1.2482979056726006e-14, 16.66838701962561, -0.1676058985240519, -4.5564909629740375e-14, 0.6222626444482136, 0.16760589887553368, 1.819113349493454e-15, -0.6222626445325369, 0.16760589897668005, -1.8310359326628437e-14, 0.6222626445312733, -0.1676058984906077, -3.2876908501523794e-14, -0.6222626444504312, -16.01712615294782, 1.803303035522488e-15, -0.2436437414162478, 16.017126152515306, 5.481905547968964e-14, 0.24364374147375842, 16.017126152492732, 4.1886911368450044e-14, -0.2436437414894991, 53.982873847041034, 5.747392019356873e-15, 0.2436437414334428, -0.8905230665406653, -5.5466007542931305e-14, -0.08410574874403477, 0.8905230669551425, 5.770056314445277e-16, 0.08410574866151684, 0.8905230670465392, -1.4190333764514295e-14, -0.08410574866832252, -0.8905230664625471, -3.3670518082185856e-14, 0.08410574874751311, 5.7473920192980496e-15, 4.7366184524582267e-29, 1.2482979055876589e-14, -5.7473920072896965e-15, 1.3329022515877103e-27, -1.2482979056900535e-14, -5.747392010062158e-15, 1.579428936177195e-27, 1.2482979056726006e-14, 5.747392019356873e-15, 70.0, -1.248297905561426e-14, 4.487312417501797e-15, -1.5686534301498843e-27, 5.3532780187867245e-15, -4.487312422655343e-15, -1.1390346344637553e-28, -5.353278018126699e-15, -4.487312428595431e-15, -6.2318175959350035e-28, 5.3532780170891826e-15, 4.487312418495771e-15, -1.1407381325896653e-27, -5.353278019113608e-15, 0.24364374144050105, 6.586709429560034e-15, 16.668387019552608, -0.2436437409972625, -4.129918868396147e-14, -16.66838701960762, -0.2436437410028705, -4.912540422852865e-14, 16.66838701962561, 0.2436437414334428, -1.248297905561426e-14, 53.33161298043877, 0.16760589856730196, 4.5564909625769823e-14, -0.6222626445045882, -0.16760589891878547, -1.8191133489986538e-15, 0.6222626445889089, -0.1676058990199309, 1.8310359325535934e-14, -0.6222626445876482, 0.1676058985338576, 3.2876908499961193e-14, 0.6222626445068059, -0.8905230665563175, 6.947556375864873e-15, -0.16760589855928715, 0.8905230667153854, -3.6813248727278724e-14, 0.16760589854898494, 0.8905230666475368, -2.2248171704808973e-14, -0.1676058985240519, -0.8905230665406653, 4.487312417501797e-15, 0.16760589856730196, 53.831912396505274, 3.019990623711121e-14, -0.33022648717835484, 16.168087603392237, -7.132559527065818e-15, 0.3302264872028641, 16.168087603443364, 7.756455428920591e-15, -0.3302264871958004, -16.16808760354183, 1.6237050840962647e-14, 0.3302264871784421, -5.54660075426574e-14, 2.4931479766631823e-28, -4.556490962615969e-14, 5.546600752066152e-14, -6.230093537752356e-27, 4.556490962880099e-14, 5.546600752309241e-14, -6.4257026260281556e-27, -4.5564909629740375e-14, -5.5466007542931305e-14, -1.5686534301498843e-27, 4.5564909625769823e-14, 3.019990623711121e-14, 70.0, -3.804927357917318e-14, -3.0199906220018827e-14, 6.372073683607801e-31, 3.8049273576051235e-14, -3.019990621645653e-14, 2.1920497312473445e-27, -3.804927357637101e-14, 3.019990623861173e-14, 4.6668411067999635e-27, 3.804927358002453e-14, -0.08410574874166205, -8.688088158604406e-15, 0.6222626445067083, 0.0841057483880297, 3.563144143630975e-14, -0.6222626444665704, 0.0841057483983471, 3.740787829351909e-14, 0.6222626444482136, -0.08410574874403477, 5.3532780187867245e-15, -0.6222626445045882, -0.33022648717835484, -3.804927357917318e-14, 53.13124357901213, 0.33022648747583694, 4.73073414417128e-15, 16.868756420918537, 0.3302264875443726, -1.0354935604064045e-14, -16.868756420925326, -0.3302264871434961, -2.5016995721010362e-14, 16.868756420981423, 0.8905230669707949, -6.947556372261288e-15, 0.16760589891076672, -0.8905230671298627, 3.6813248712704095e-14, -0.16760589890046768, -0.8905230670620125, 2.224817169572283e-14, 0.16760589887553368, 0.8905230669551425, -4.487312422655343e-15, -0.16760589891878547, 16.168087603392237, -3.0199906220018827e-14, 0.33022648747583694, 53.83191239671024, 7.132559523968245e-15, -0.33022648750034456, -16.168087603340886, -7.756455424067838e-15, 0.33022648749328043, 16.168087603439353, -1.6237050835119043e-14, -0.3302264874759235, 5.770056317352687e-16, -1.0505260188046361e-28, 1.819113348952242e-15, -5.77005630420856e-16, 5.258285993829417e-29, -1.819113349599067e-15, -5.770056296197236e-16, -4.2826576915452824e-29, 1.819113349493454e-15, 5.770056314445277e-16, -1.1390346344637553e-28, -1.8191133489986538e-15, -7.132559527065818e-15, 6.372073683607801e-31, 4.73073414417128e-15, 7.132559523968245e-15, 70.0, -4.7307341437074935e-15, 7.132559526623964e-15, 6.961562808711207e-29, 4.730734144193047e-15, -7.132559527095037e-15, 4.439239385148489e-29, -4.730734144266346e-15, 0.08410574865914665, 8.68808815803145e-15, -0.6222626445910291, -0.08410574830551154, -3.5631441433499775e-14, 0.6222626445508923, -0.08410574831583097, -3.740787829187541e-14, -0.6222626445325369, 0.08410574866151684, -5.353278018126699e-15, 0.6222626445889089, 0.3302264872028641, 3.8049273576051235e-14, 16.868756420918537, -0.33022648750034456, -4.7307341437074935e-15, 53.13124357915079, -0.3302264875688825, 1.0354935603290076e-14, 16.868756420856002, 0.33022648716800623, 2.501699572001e-14, -16.86875642091209, 0.8905230670621931, -6.947556375505714e-15, 0.1676058990119138, -0.8905230672212627, 3.681324871053606e-14, -0.16760589900161316, -0.8905230671534117, 2.224817169291223e-14, 0.16760589897668005, 0.8905230670465392, -4.487312428595431e-15, -0.1676058990199309, 16.168087603443364, -3.019990621645653e-14, 0.3302264875443726, -16.168087603340886, 7.132559526623964e-15, -0.3302264875688825, 53.83191239660799, -7.75645541890122e-15, 0.33022648756181716, 16.168087603490477, -1.623705083240976e-14, -0.3302264875444606, -1.41903337646113e-14, 1.5972634523082297e-29, -1.8310359325871474e-14, 1.4190333753828524e-14, -1.9754548206503187e-27, 1.8310359326705303e-14, 1.419033375684763e-14, -2.1530169773019822e-27, -1.8310359326628437e-14, -1.4190333764514295e-14, -6.2318175959350035e-28, 1.8310359325535934e-14, 7.756455428920591e-15, 2.1920497312473445e-27, -1.0354935604064045e-14, -7.756455424067838e-15, 6.961562808711207e-29, 1.0354935603290076e-14, -7.75645541890122e-15, 70.0, -1.0354935602437883e-14, 7.756455428354543e-15, 1.5490766196588784e-27, 1.0354935604306965e-14, -0.08410574866595182, -8.688088158572232e-15, 0.622262644589767, 0.08410574831231571, 3.5631441434038037e-14, -0.6222626445496318, 0.08410574832263527, 3.740787829172156e-14, 0.6222626445312733, -0.08410574866832252, 5.3532780170891826e-15, -0.6222626445876482, -0.3302264871958004, -3.804927357637101e-14, -16.868756420925326, 0.33022648749328043, 4.730734144193047e-15, 16.868756420856002, 0.33022648756181716, -1.0354935602437883e-14, 53.13124357913722, -0.3302264871609407, -2.501699571981987e-14, 16.86875642091888, -0.8905230664782016, 6.947556375900166e-15, -0.16760589852583918, 0.8905230666372712, -3.681324872887059e-14, 0.16760589851553936, 0.8905230665694213, -2.224817170581417e-14, -0.1676058984906077, -0.8905230664625471, 4.487312418495771e-15, 0.1676058985338576, -16.16808760354183, 3.019990623861173e-14, -0.3302264871434961, 16.168087603439353, -7.132559527095037e-15, 0.33022648716800623, 16.168087603490477, 7.756455428354543e-15, -0.3302264871609407, 53.83191239641106, 1.6237050841559745e-14, 0.3302264871435856, -3.3670518081395954e-14, 1.3393129705818672e-28, -3.2876908500191964e-14, 3.3670518073360087e-14, -4.180783169472597e-27, 3.2876908501188566e-14, 3.3670518073875396e-14, -4.407002916971419e-27, -3.2876908501523794e-14, -3.3670518082185856e-14, -1.1407381325896653e-27, 3.2876908499961193e-14, 1.6237050840962647e-14, 4.6668411067999635e-27, -2.5016995721010362e-14, -1.6237050835119043e-14, 4.439239385148489e-29, 2.501699572001e-14, -1.623705083240976e-14, 1.5490766196588784e-27, -2.501699571981987e-14, 1.6237050841559745e-14, 70.0, 2.501699572147402e-14, 0.08410574874514104, 8.688088158710672e-15, -0.6222626445089269, -0.08410574839150622, -3.56314414369635e-14, 0.622262644468789, -0.08410574840182379, -3.7407878294128466e-14, -0.6222626444504312, 0.08410574874751311, -5.353278019113608e-15, 0.6222626445068059, 0.3302264871784421, 3.804927358002453e-14, 16.868756420981423, -0.3302264874759235, -4.730734144266346e-15, -16.86875642091209, -0.3302264875444606, 1.0354935604306965e-14, 16.86875642091888, 0.3302264871435856, 2.501699572147402e-14, 53.13124357902502]]}, {"__ndarray__": [[24], "float64", [9.862064440722992, 3.1146320366116873, 0.13592602241283394, 1.6229765164767505, 1.0382106788705625, 4.212698009668332, 7.365496995076594, 1.0382106788705625, 2.310238038453429, 4.119543962123161, 3.1146320366116873, 2.0383859936277555, 1.3672494985670833, 3.1146320366116873, 1.7625228673430149, 10.11779145863254, 1.0382106788705625, 2.58610116473817, 4.3752709800326866, 1.0382106788705625, 3.9368348833835882, 7.109769977166912, 3.1146320366116873, 0.4117891486975796]]}, {"__ndarray__": [[24], "float64", [-0.00010202890693424287, 1.2992779879081228e-15, -8.275027465404726e-05, 0.00010202890650526798, -1.2557341597123104e-15, 8.275027471973397e-05, 0.000102028906537489, -1.320090580566133e-15, -8.275027472726278e-05, -0.00010202890695038257, 1.3223519256091074e-15, 8.275027465534288e-05, -1.993316857365067e-05, 9.39510882908486e-16, -8.047570989877712e-05, 1.993316895038729e-05, -9.590180950304468e-16, 8.047570982318709e-05, 1.9933169012780957e-05, -1.0123660798528785e-15, -8.047570981828682e-05, -1.993316854764001e-05, 9.864782971356548e-16, 8.047570990010614e-05]]}, 0.2]