[{"__ndarray__": [[24, 24], "float64", [54.21297092293393, 0.0026867961354825336, -0.059274943555425785, 15.77357522186238, 0.0017301653444192228, 0.03799673435387091, 15.81277735386155, -0.003252232160915792, -0.039629890045630944, -15.811281593764303, -0.0018098990921754537, 0.03155861346630934, -0.945741338122178, -0.00329213145182901, 0.19655080531670258, 0.9216037987538632, -0.0043836149224654, -0.17994038867295523, 0.9912205041688991, 0.00442915466277903, 0.20403448707779154, -0.9551248700155834, 0.0038917617629649973, -0.19129541814577672, 0.0026867961354825336, 69.99999967177615, -0.0006648310757769254, -0.0026773967391836026, -1.1304736379085673e-06, 0.0006795866789305592, -0.002715743736728786, 3.607558719188037e-06, -0.0006780526690447876, 0.0027094036754000354, 1.4238603547826769e-06, 0.0006852349525204224, -0.00019993903080739407, 2.924218714355819e-06, 0.002905070610749947, 0.00022189915593084203, 6.855114287194194e-07, -0.0029183722891584366, 0.00016773643245947462, -3.917912415840692e-06, 0.002905133531511813, -0.00019275589274681893, -3.264539308784901e-06, -0.0029137697396969617, -0.059274943555425785, -0.0006648310757769254, 53.320901299466314, 0.05743728545269294, -0.00020636072193595887, 16.679941325787475, 0.06232441899259655, 0.000910786301313032, -16.68336649130805, -0.06141195077812489, -0.0016280108145791824, 16.680187370970515, -0.2326170762799172, 0.0017729097117031344, 0.6065364113448973, 0.23499002495548293, -0.00030894460440881566, -0.6025397896496112, 0.239518615757796, -0.0017663828855322204, 0.6111737964379346, -0.24096637443064475, 0.0018908344281660988, -0.6128339233798995, 15.77357522186238, -0.0026773967391836026, 0.05743728545269294, 54.2398377398584, -0.001723678506050182, -0.03619860910505596, -15.79913582749988, 0.003242896849996879, 0.03785873694182257, 15.79771197434712, 0.0018071771172806477, -0.029805028332885286, 0.9546111849190461, 0.0032737394848955806, -0.20252507435301123, -0.9305953787516787, 0.004369984952980452, 0.18594887635111715, -0.9999565190013869, -0.0044249944543711325, -0.21001503041402325, 0.9639516045893008, -0.003867728984467791, 0.19729884366367845, 0.0017301653444192228, -1.1304736379085673e-06, -0.00020636072193595887, -0.001723678506050182, 70.0000003305294, 0.00021272900965690802, -0.0017484865790716557, 1.7247942723499677e-06, -0.00021552993545692416, 0.001745458686277286, 6.868590368499692e-07, 0.0002185052190094367, 0.0001832388917225637, 1.9004430797158154e-06, 0.0014347460600551065, -0.0001663137740698891, 9.229581905761898e-07, -0.0014404431197916777, -0.00020725061553953468, -3.165156741939664e-06, 0.0014374384506212164, 0.00018686655203872674, -1.2699536082753678e-06, -0.001441084962127769, 0.03799673435387091, 0.0006795866789305592, 16.679941325787475, -0.03619860910505596, 0.00021272900965690802, 53.319169451616716, -0.040880308203723015, -0.000919986291405016, 16.684297110404245, 0.04000931071897246, 0.0016286530203052558, -16.681125999700207, 0.22561886831390957, -0.001798713666389536, -0.6280246759445657, -0.22814169646721838, 0.00028654854182441153, 0.6240514436472665, -0.23235292939633173, 0.001778296072708881, -0.6326639339058154, 0.2339486296721872, -0.0018671137046701505, 0.6343552784249717, 15.81277735386155, -0.002715743736728786, 0.06232441899259655, -15.79913582749988, -0.0017484865790716557, -0.040880308203723015, 54.161156128052866, 0.0032823247595624694, 0.04250698422421956, 15.837321388623671, 0.0018278884795259985, -0.0343548511232909, 0.9384668959912761, 0.003295805704660289, -0.17880111453486974, -0.9142047214744822, 0.004399428951302641, 0.1620380213813367, -0.984473651229623, -0.0044202342974142645, -0.18638411205187935, 0.9480924339955459, -0.0039209835595253595, 0.17355096152225818, -0.003252232160915792, 3.607558719188037e-06, 0.000910786301313032, 0.003242896849996879, 1.7247942723499677e-06, -0.000919986291405016, 0.0032823247595624694, 69.9999989394682, 0.0009273252441091549, -0.0032748670064826273, 5.292196936467801e-07, -0.0009299175029324554, -0.00010064190099461643, -3.154439177742886e-06, -0.003932772589392212, 8.124513880003893e-05, -5.004301748339523e-06, 0.003938266134633433, 0.00013066031420283486, -1.1764465905312532e-06, -0.003927630455482163, -0.00010938599411012412, 4.534146521628767e-06, 0.00393392915910784, -0.039629890045630944, -0.0006780526690447876, -16.68336649130805, 0.03785873694182257, -0.00021552993545692416, 16.684297110404245, 0.04250698422421956, 0.0009273252441091549, 53.312269791639494, -0.041624598025883974, -0.0016235925134004412, 16.684589244950065, -0.22833990902821696, 0.0017891309859592362, 0.627572939566496, 0.2308263603693368, -0.00029033943436749393, -0.6236468735707964, 0.23502379316076363, -0.0017749416411364247, 0.6321840123943263, -0.2366214774824645, 0.0018660003025485485, -0.6338997344059207, -15.811281593764303, 0.0027094036754000354, -0.06141195077812489, 15.79771197434712, 0.001745458686277286, 0.04000931071897246, 15.837321388623671, -0.0032748670064826273, -0.041624598025883974, 54.16424367100065, -0.0018190073271911944, 0.033496802811155635, -0.9435311150941983, -0.003309287458965235, 0.17721618620231283, 0.9192324493280049, -0.004407997529758901, -0.16050378401811824, 0.9893517066565366, 0.004432105247023236, 0.18475137731006955, -0.9530484814179632, 0.003924191991332667, -0.17193334442645894, -0.0018098990921754537, 1.4238603547826769e-06, -0.0016280108145791824, 0.0018071771172806477, 6.868590368499692e-07, 0.0016286530203052558, 0.0018278884795259985, 5.292196936467801e-07, -0.0016235925134004412, -0.0018190073271911944, 70.0000010263153, 0.0016244406192268144, 0.001466630241765921, -1.0012736672280983e-06, 0.0003014245009879505, -0.001475154929369796, -1.8985362348697885e-06, -0.00030407027484851903, -0.0014591748074066634, -3.4284367809281466e-06, 0.00030438016591596335, 0.0014615403177820863, 2.661992193534461e-06, -0.0003032247037122518, 0.03155861346630934, 0.0006852349525204224, 16.680187370970515, -0.029805028332885286, 0.0002185052190094367, -16.681125999700207, -0.0343548511232909, -0.0009299175029324554, 16.684589244950065, 0.033496802811155635, 0.0016244406192268144, 53.3185601901225, 0.2267679260087255, -0.001800973088068114, -0.636165361408053, -0.2293336692818868, 0.0002840879887782176, 0.6322304417292689, -0.23337337356812504, 0.001779194976606203, -0.6407796070829299, 0.2350435799067433, -0.0018605735043470135, 0.6425037207487448, -0.945741338122178, -0.00019993903080739407, -0.2326170762799172, 0.9546111849190461, 0.0001832388917225637, 0.22561886831390957, 0.9384668959912761, -0.00010064190099461643, -0.22833990902821696, -0.9435311150941983, 0.001466630241765921, 0.2267679260087255, 53.761430110229405, -0.002385145565443485, -0.4094607227381649, 16.228381039115927, -0.005425919036028204, 0.4109437425017056, 16.22876150153763, 0.002833534878884519, -0.408896848834329, -16.222378278790977, 0.00362824171104509, 0.41598402017478886, -0.00329213145182901, 2.924218714355819e-06, 0.0017729097117031344, 0.0032737394848955806, 1.9004430797158154e-06, -0.001798713666389536, 0.003295805704660289, -3.154439177742886e-06, 0.0017891309859592362, -0.003309287458965235, -1.0012736672280983e-06, -0.001800973088068114, -0.002385145565443485, 70.00001054781049, -0.005304203208127955, 0.0024023805191469906, 8.158728361880407e-07, 0.005319851378687505, 0.0024264329427575613, -5.7124088309593535e-06, -0.005276478652080712, -0.002411794175865202, -6.320223479893507e-06, 0.005298476538725888, 0.19655080531670258, 0.002905070610749947, 0.6065364113448973, -0.20252507435301123, 0.0014347460600551065, -0.6280246759445657, -0.17880111453486974, -0.003932772589392212, 0.627572939566496, 0.17721618620231283, 0.0003014245009879505, -0.636165361408053, -0.4094607227381649, -0.005304203208127955, 53.19345119407085, 0.3839631549363601, -0.0063356564087784974, 16.821662727104957, 0.43872752133196835, 0.0070985100592719395, -16.80526908175618, -0.40567075633344, 0.0038328810484470057, 16.820235847383593, 0.9216037987538632, 0.00022189915593084203, 0.23499002495548293, -0.9305953787516787, -0.0001663137740698891, -0.22814169646721838, -0.9142047214744822, 8.124513880003893e-05, 0.2308263603693368, 0.9192324493280049, -0.001475154929369796, -0.2293336692818868, 16.228381039115927, 0.0024023805191469906, 0.3839631549363601, 53.78184762556994, 0.005400914190976905, -0.3853164444428143, -16.21824930373788, -0.002863141839228563, 0.3835334859187451, 16.211984491407794, -0.003601828652650832, -0.3905212161062763, -0.0043836149224654, 6.855114287194194e-07, -0.00030894460440881566, 0.004369984952980452, 9.229581905761898e-07, 0.00028654854182441153, 0.004399428951302641, -5.004301748339523e-06, -0.00029033943436749393, -0.004407997529758901, -1.8985362348697885e-06, 0.0002840879887782176, -0.005425919036028204, 8.158728361880407e-07, -0.0063356564087784974, 0.005400914190976905, 70.00000291426412, 0.006347560817410487, 0.005475312172726368, 6.596380337727742e-06, -0.006328484584222682, -0.0054281087797554434, -5.032148677778278e-06, 0.00634522768386968, -0.17994038867295523, -0.0029183722891584366, -0.6025397896496112, 0.18594887635111715, -0.0014404431197916777, 0.6240514436472665, 0.1620380213813367, 0.003938266134633433, -0.6236468735707964, -0.16050378401811824, -0.00030407027484851903, 0.6322304417292689, 0.4109437425017056, 0.005319851378687505, 16.821662727104957, -0.3853164444428143, 0.006347560817410487, 53.16323982950763, -0.4403449239968137, -0.0071019564752673355, 16.82037041752106, 0.40717490106773263, -0.0038408362447354, -16.835368196651686, 0.9912205041688991, 0.00016773643245947462, 0.239518615757796, -0.9999565190013869, -0.00020725061553953468, -0.23235292939633173, -0.984473651229623, 0.00013066031420283486, 0.23502379316076363, 0.9893517066565366, -0.0014591748074066634, -0.23337337356812504, 16.22876150153763, 0.0024264329427575613, 0.43872752133196835, -16.21824930373788, 0.005475312172726368, -0.4403449239968137, 53.78065028972086, -0.0028412541971161672, 0.4381227823676766, 16.21269547209561, -0.0036924624307162653, -0.4453214857738602, 0.00442915466277903, -3.917912415840692e-06, -0.0017663828855322204, -0.0044249944543711325, -3.165156741939664e-06, 0.001778296072708881, -0.0044202342974142645, -1.1764465905312532e-06, -0.0017749416411364247, 0.004432105247023236, -3.4284367809281466e-06, 0.001779194976606203, 0.002833534878884519, -5.7124088309593535e-06, 0.0070985100592719395, -0.002863141839228563, 6.596380337727742e-06, -0.0071019564752673355, -0.0028412541971161672, 70.00001523483229, 0.007070250928995289, 0.0028548300001378065, -4.4308511219916836e-06, -0.007082971035899032, 0.20403448707779154, 0.002905133531511813, 0.6111737964379346, -0.21001503041402325, 0.0014374384506212164, -0.6326639339058154, -0.18638411205187935, -0.003927630455482163, 0.6321840123943263, 0.18475137731006955, 0.00030438016591596335, -0.6407796070829299, -0.408896848834329, -0.005276478652080712, -16.80526908175618, 0.3835334859187451, -0.006328484584222682, 16.82037041752106, 0.4381227823676766, 0.007070250928995289, 53.196088346526075, -0.4051461415489189, 0.0038153906879835136, 16.81889605022813, -0.9551248700155834, -0.00019275589274681893, -0.24096637443064475, 0.9639516045893008, 0.00018686655203872674, 0.2339486296721872, 0.9480924339955459, -0.00010938599411012412, -0.2366214774824645, -0.9530484814179632, 0.0014615403177820863, 0.2350435799067433, -16.222378278790977, -0.002411794175865202, -0.40567075633344, 16.211984491407794, -0.0054281087797554434, 0.40717490106773263, 16.21269547209561, 0.0028548300001378065, -0.4051461415489189, 53.79382762792594, 0.0036388081621836943, 0.41223763926570267, 0.0038917617629649973, -3.264539308784901e-06, 0.0018908344281660988, -0.003867728984467791, -1.2699536082753678e-06, -0.0018671137046701505, -0.0039209835595253595, 4.534146521628767e-06, 0.0018660003025485485, 0.003924191991332667, 2.661992193534461e-06, -0.0018605735043470135, 0.00362824171104509, -6.320223479893507e-06, 0.0038328810484470057, -0.003601828652650832, -5.032148677778278e-06, -0.0038408362447354, -0.0036924624307162653, -4.4308511219916836e-06, 0.0038153906879835136, 0.0036388081621836943, 70.00001312157733, -0.003836583013567832, -0.19129541814577672, -0.0029137697396969617, -0.6128339233798995, 0.19729884366367845, -0.001441084962127769, 0.6343552784249717, 0.17355096152225818, 0.00393392915910784, -0.6338997344059207, -0.17193334442645894, -0.0003032247037122518, 0.6425037207487448, 0.41598402017478886, 0.005298476538725888, 16.820235847383593, -0.3905212161062763, 0.00634522768386968, -16.835368196651686, -0.4453214857738602, -0.007082971035899032, 16.81889605022813, 0.41223763926570267, -0.003836583013567832, 53.16611095728989]]}, {"__ndarray__": [[24], "float64", [9.91782784282468, 3.1334513955301513, 0.1443109021020565, 1.63660948223557, 1.0444837811751102, 4.230589619155726, 7.413826653830847, 1.044484064126902, 2.3317597606168214, 4.140610231071224, 3.1334515043556364, 2.043140240117944, 1.3837779876271037, 3.1334518226795156, 1.7432984814796617, 10.170660026293385, 1.0444840194018137, 2.6316006778128216, 4.393439375846427, 1.0444835235478938, 3.930748570087704, 7.160996300542598, 3.1334515720299922, 0.4441505725913364]]}, {"__ndarray__": [[24], "float64", [-0.00019676837316468724, 8.950976049054578e-07, -7.852515085455313e-05, 0.00019198958335520496, 4.8755066762941e-07, 7.408731558721074e-05, 0.00020780144357498894, -8.282531181877029e-07, -7.341770210797485e-05, -0.0002043614619226791, -5.016761733788184e-07, 7.136305480343572e-05, 0.00013150876105025565, -3.541801854076345e-07, -5.5834792248644984e-05, -0.0001379456408619046, -5.816492952397173e-07, 5.940331158318564e-05, -0.00011915589297347302, 5.514172587070386e-07, -5.411254371830375e-05, 0.0001269315809422944, 3.316932409719666e-07, 5.703650695564461e-05]]}, 0.2]