[{"__ndarray__": [[24, 24], "float64", [53.92743826113524, 1.0073560344074045e-13, -0.18446487140746223, 16.072561738778337, -8.585900584167335e-14, 0.18446487147517293, 16.07256173861944, -6.25866849533248e-14, -0.18446487148702076, -16.072561738546963, 2.4264036775460548e-14, 0.18446487142360432, -0.7876185731834218, 7.552742740682816e-14, -0.04189560754256497, 0.7876185732611265, -7.614931453364354e-14, 0.04189560746538436, 0.7876185728795517, -1.8579784192980876e-14, -0.041895607400543294, -0.7876185729239438, 4.193232063650145e-14, 0.041895607488123085, 1.0073560344074045e-13, 70.0, 1.8721343700461966e-14, -1.0073560343289728e-13, -2.3927621308199965e-26, -1.8721343702799525e-14, -1.0073560340496282e-13, -4.364360126037622e-29, 1.872134370733394e-14, 1.0073560339807046e-13, 4.283018208038376e-28, -1.8721343693009016e-14, -2.0463886541761685e-13, 2.0040411589594853e-26, 3.211411306403784e-14, 2.0463886543289298e-13, -3.648332688432107e-26, -3.2114113063206993e-14, 2.0463886544718775e-13, 2.4728313020363575e-27, 3.211411306089534e-14, -2.046388654686278e-13, -5.136806124652693e-27, -3.2114113072360954e-14, -0.18446487140746223, 1.8721343700461966e-14, 53.346810051529935, 0.18446487131598005, -2.1024045240604096e-14, 16.65318994843863, 0.18446487130373634, 1.5878414758427072e-13, -16.653189948504927, -0.18446487133197392, 5.3511530755766196e-14, 16.65318994853505, -0.17344945052671598, 1.608695447753587e-14, 0.6404078088109117, 0.17344945049418284, -4.683142485543232e-14, -0.64040780878185, 0.1734494504209472, -4.626377733864911e-14, 0.6404078088278761, -0.1734494504107164, -1.3348920715148703e-13, -0.640407808814076, 16.072561738778337, -1.0073560343289728e-13, 0.18446487131598005, 53.92743826130812, 8.585900583864355e-14, -0.18446487138369022, -16.072561738533008, 6.258668495122373e-14, 0.1844648713955384, 16.072561738460525, -2.4264036774286638e-14, -0.18446487133212108, 0.7876185732964788, -7.552742740416113e-14, 0.041895607466631096, -0.7876185733741863, 7.61493145266845e-14, -0.04189560738944907, -0.7876185729926098, 1.857978419169854e-14, 0.041895607324608855, 0.7876185730370012, -4.1932320634918514e-14, -0.04189560741218695, -8.585900584167335e-14, -2.3927621308199965e-26, -2.1024045240604096e-14, 8.585900583864355e-14, 70.0, 2.1024045243957484e-14, 8.585900582685214e-14, 1.9903759611667996e-27, -2.102404524325874e-14, -8.585900582244048e-14, -1.3644142734193642e-27, 2.1024045239874797e-14, 1.1492596748356802e-13, -1.4316441190128763e-26, -7.293146706626641e-15, -1.1492596748266314e-13, 2.0285041495974046e-26, 7.293146706343888e-15, -1.1492596749880265e-13, -8.137490686388695e-28, -7.293146704746448e-15, 1.1492596750633462e-13, 1.2737916105044289e-27, 7.29314670866811e-15, 0.18446487147517293, -1.8721343702799525e-14, 16.65318994843863, -0.18446487138369022, 2.1024045243957484e-14, 53.346810051592804, -0.18446487137144782, -1.5878414757882031e-13, 16.653189948473496, 0.18446487139968543, -5.3511530759820953e-14, -16.65318994850362, 0.17344945034437653, -1.608695447802259e-14, -0.6404078088312629, -0.17344945031184444, 4.683142485696026e-14, 0.6404078088022039, -0.17344945023860847, 4.6263777340592543e-14, -0.6404078088482282, 0.17344945022837788, 1.3348920714627608e-13, 0.6404078088344264, 16.07256173861944, -1.0073560340496282e-13, 0.18446487130373634, -16.072561738533008, 8.585900582685214e-14, -0.18446487137144782, 53.927438261625895, 6.258668492000183e-14, 0.18446487138329687, 16.072561738301633, -2.4264036783361902e-14, -0.1844648713198796, 0.7876185739187818, -7.552742739467042e-14, 0.041895607353127445, -0.7876185739964884, 7.614931450849521e-14, -0.04189560727594564, -0.7876185736149123, 1.85797842009915e-14, 0.04189560721110576, 0.7876185736593048, -4.193232061186774e-14, -0.04189560729868354, -6.25866849533248e-14, -4.364360126037622e-29, 1.5878414758427072e-13, 6.258668495122373e-14, 1.9903759611667996e-27, -1.5878414757882031e-13, 6.258668492000183e-14, 70.0, 1.5878414758427572e-13, -6.25866849255493e-14, 1.0237653834029677e-26, -1.587841475932531e-13, -2.4786726582057602e-14, -1.7913056710797467e-27, 1.44009336528927e-13, 2.478672657015332e-14, -6.782105097876169e-27, -1.440093365216266e-13, 2.4786726554605072e-14, -9.700239066934397e-27, 1.4400933652946294e-13, -2.4786726536973286e-14, -2.8754623505841707e-26, -1.440093365234192e-13, -0.18446487148702076, 1.872134370733394e-14, -16.653189948504927, 0.1844648713955384, -2.102404524325874e-14, 16.653189948473496, 0.18446487138329687, 1.5878414758427572e-13, 53.346810051460196, -0.18446487141153178, 5.3511530755798766e-14, 16.653189948569924, -0.1734494503450974, 1.6086954480341327e-14, 0.6404078087696554, 0.1734494503125672, -4.6831424861571524e-14, -0.6404078087405936, 0.17344945023932995, -4.626377733909376e-14, 0.6404078087866198, -0.17344945022909797, -1.3348920715206756e-13, -0.6404078087728164, -16.072561738546963, 1.0073560339807046e-13, -0.18446487133197392, 16.072561738460525, -8.585900582244048e-14, 0.18446487139968543, 16.072561738301633, -6.25866849255493e-14, -0.18446487141153178, 53.92743826177084, 2.4264036780251165e-14, 0.1844648713481158, -0.7876185741109132, 7.552742739360613e-14, -0.041895607300808435, 0.787618574188618, -7.614931449960671e-14, 0.041895607223627826, 0.787618573807042, -1.857978420039637e-14, -0.041895607158786416, -0.7876185738514346, 4.193232061460363e-14, 0.04189560724636608, 2.4264036775460548e-14, 4.283018208038376e-28, 5.3511530755766196e-14, -2.4264036774286638e-14, -1.3644142734193642e-27, -5.3511530759820953e-14, -2.4264036783361902e-14, 1.0237653834029677e-26, 5.3511530755798766e-14, 2.4264036780251165e-14, 70.0, -5.351153075954306e-14, -2.0723874538089352e-14, 1.192106865871855e-27, 4.6546018657713106e-14, 2.0723874523019986e-14, -2.396690695947192e-27, -4.6546018654227136e-14, 2.0723874529215163e-14, -4.486663195248599e-27, 4.654601865391698e-14, -2.0723874520213547e-14, -8.411827101318394e-27, -4.654601865514807e-14, 0.18446487142360432, -1.8721343693009016e-14, 16.65318994853505, -0.18446487133212108, 2.1024045239874797e-14, -16.65318994850362, -0.1844648713198796, -1.587841475932531e-13, 16.653189948569924, 0.1844648713481158, -5.351153075954306e-14, 53.34681005139997, 0.17344945079353405, -1.6086954477769467e-14, -0.6404078089097824, -0.17344945076100332, 4.6831424850223514e-14, 0.6404078088807194, -0.1734494506877655, 4.626377734270958e-14, -0.6404078089267458, 0.1734494506775332, 1.3348920715875778e-13, 0.6404078089129435, -0.7876185731834218, -2.0463886541761685e-13, -0.17344945052671598, 0.7876185732964788, 1.1492596748356802e-13, 0.17344945034437653, 0.7876185739187818, -2.4786726582057602e-14, -0.1734494503450974, -0.7876185741109132, -2.0723874538089352e-14, 0.17344945079353405, 53.643525724247404, -9.77475792984697e-14, -0.32059091101358034, 16.356474276139114, 1.8277425045162008e-13, 0.32059091108545534, 16.356474276392323, 7.875274799190303e-15, -0.3205909110827198, -16.356474276693078, 4.465056351564816e-14, 0.32059091084253555, 7.552742740682816e-14, 2.0040411589594853e-26, 1.608695447753587e-14, -7.552742740416113e-14, -1.4316441190128763e-26, -1.608695447802259e-14, -7.552742739467042e-14, -1.7913056710797467e-27, 1.6086954480341327e-14, 7.552742739360613e-14, 1.192106865871855e-27, -1.6086954477769467e-14, -9.77475792984697e-14, 70.0, 6.416938680930677e-15, 9.774757930158376e-14, -1.6974156731393494e-26, -6.416938682256032e-15, 9.774757930985471e-14, 5.938533144578983e-28, 6.416938681067771e-15, -9.774757931327591e-14, -9.53458315748929e-28, -6.4169386822686e-15, -0.04189560754256497, 3.211411306403784e-14, 0.6404078088109117, 0.041895607466631096, -7.293146706626641e-15, -0.6404078088312629, 0.041895607353127445, 1.44009336528927e-13, 0.6404078087696554, -0.041895607300808435, 4.6546018657713106e-14, -0.6404078089097824, -0.32059091101358034, 6.416938680930677e-15, 53.15091952305837, 0.3205909109000935, -5.6344397572677335e-14, 16.84908047691608, 0.3205909108412801, -4.332022257553748e-14, -16.849080476924062, -0.32059091074327695, -1.2240521421703285e-13, 16.84908047697915, 0.7876185732611265, 2.0463886543289298e-13, 0.17344945049418284, -0.7876185733741863, -1.1492596748266314e-13, -0.17344945031184444, -0.7876185739964884, 2.478672657015332e-14, 0.1734494503125672, 0.787618574188618, 2.0723874523019986e-14, -0.17344945076100332, 16.356474276139114, 9.774757930158376e-14, 0.3205909109000935, 53.64352572347437, -1.827742504622245e-13, -0.3205909109719682, -16.35647427677885, -7.875274788650222e-15, 0.32059091096923287, 16.356474277079602, -4.4650563507897104e-14, -0.3205909107290471, -7.614931453364354e-14, -3.648332688432107e-26, -4.683142485543232e-14, 7.61493145266845e-14, 2.0285041495974046e-26, 4.683142485696026e-14, 7.614931450849521e-14, -6.782105097876169e-27, -4.6831424861571524e-14, -7.614931449960671e-14, -2.396690695947192e-27, 4.6831424850223514e-14, 1.8277425045162008e-13, -1.6974156731393494e-26, -5.6344397572677335e-14, -1.827742504622245e-13, 70.0, 5.634439757002901e-14, -1.8277425047360073e-13, -2.055076484364301e-28, -5.634439756945541e-14, 1.827742504887633e-13, 1.0076586229198441e-26, 5.6344397578780045e-14, 0.04189560746538436, -3.2114113063206993e-14, -0.64040780878185, -0.04189560738944907, 7.293146706343888e-15, 0.6404078088022039, -0.04189560727594564, -1.440093365216266e-13, -0.6404078087405936, 0.041895607223627826, -4.6546018654227136e-14, 0.6404078088807194, 0.32059091108545534, -6.416938682256032e-15, 16.84908047691608, -0.3205909109719682, 5.634439757002901e-14, 53.15091952310947, -0.32059091091315667, 4.3320222573444395e-14, 16.8490804768985, 0.3205909108151522, 1.2240521421170335e-13, -16.8490804769536, 0.7876185728795517, 2.0463886544718775e-13, 0.1734494504209472, -0.7876185729926098, -1.1492596749880265e-13, -0.17344945023860847, -0.7876185736149123, 2.4786726554605072e-14, 0.17344945023932995, 0.787618573807042, 2.0723874529215163e-14, -0.1734494506877655, 16.356474276392323, 9.774757930985471e-14, 0.3205909108412801, -16.35647427677885, -1.8277425047360073e-13, -0.32059091091315667, 53.64352572296795, -7.875274789142471e-15, 0.3205909109104229, 16.356474277332804, -4.4650563493700965e-14, -0.32059091067023837, -1.8579784192980876e-14, 2.4728313020363575e-27, -4.626377733864911e-14, 1.857978419169854e-14, -8.137490686388695e-28, 4.6263777340592543e-14, 1.85797842009915e-14, -9.700239066934397e-27, -4.626377733909376e-14, -1.857978420039637e-14, -4.486663195248599e-27, 4.626377734270958e-14, 7.875274799190303e-15, 5.938533144578983e-28, -4.332022257553748e-14, -7.875274788650222e-15, -2.055076484364301e-28, 4.3320222573444395e-14, -7.875274789142471e-15, 70.0, -4.332022257319499e-14, 7.875274777817672e-15, 7.603449378646758e-27, 4.33202225727937e-14, -0.041895607400543294, 3.211411306089534e-14, 0.6404078088278761, 0.041895607324608855, -7.293146704746448e-15, -0.6404078088482282, 0.04189560721110576, 1.4400933652946294e-13, 0.6404078087866198, -0.041895607158786416, 4.654601865391698e-14, -0.6404078089267458, -0.3205909110827198, 6.416938681067771e-15, -16.849080476924062, 0.32059091096923287, -5.634439756945541e-14, 16.8490804768985, 0.3205909109104229, -4.332022257319499e-14, 53.15091952309354, -0.32059091081241725, -1.2240521421807175e-13, 16.84908047696157, -0.7876185729239438, -2.046388654686278e-13, -0.1734494504107164, 0.7876185730370012, 1.1492596750633462e-13, 0.17344945022837788, 0.7876185736593048, -2.4786726536973286e-14, -0.17344945022909797, -0.7876185738514346, -2.0723874520213547e-14, 0.1734494506775332, -16.356474276693078, -9.774757931327591e-14, -0.32059091074327695, 16.356474277079602, 1.827742504887633e-13, 0.3205909108151522, 16.356474277332804, 7.875274777817672e-15, -0.32059091081241725, 53.64352572236644, 4.465056348063146e-14, 0.32059091057223377, 4.193232063650145e-14, -5.136806124652693e-27, -1.3348920715148703e-13, -4.1932320634918514e-14, 1.2737916105044289e-27, 1.3348920714627608e-13, -4.193232061186774e-14, -2.8754623505841707e-26, -1.3348920715206756e-13, 4.193232061460363e-14, -8.411827101318394e-27, 1.3348920715875778e-13, 4.465056351564816e-14, -9.53458315748929e-28, -1.2240521421703285e-13, -4.4650563507897104e-14, 1.0076586229198441e-26, 1.2240521421170335e-13, -4.4650563493700965e-14, 7.603449378646758e-27, -1.2240521421807175e-13, 4.465056348063146e-14, 70.0, 1.224052142133093e-13, 0.041895607488123085, -3.2114113072360954e-14, -0.640407808814076, -0.04189560741218695, 7.29314670866811e-15, 0.6404078088344264, -0.04189560729868354, -1.440093365234192e-13, -0.6404078087728164, 0.04189560724636608, -4.654601865514807e-14, 0.6404078089129435, 0.32059091084253555, -6.4169386822686e-15, 16.84908047697915, -0.3205909107290471, 5.6344397578780045e-14, -16.8490804769536, -0.32059091067023837, 4.33202225727937e-14, 16.84908047696157, 0.32059091057223377, 1.224052142133093e-13, 53.15091952298333]]}, {"__ndarray__": [[24], "float64", [9.919357183123635, 3.1334515655338118, 0.13994703646012724, 1.6350797919443272, 1.0444838551779374, 4.234952669530912, 7.412298279478317, 1.0444838551779374, 2.3273968894556414, 4.142138695589616, 3.1334515655338118, 2.047502816535429, 1.3869912792582317, 3.1334515655338118, 1.7517476489965627, 10.167445695809741, 1.0444838551779374, 2.6231520569944866, 4.390227208275772, 1.0444838551779374, 3.939197501992063, 7.164209766792164, 3.1334515655338118, 0.43570220399895465]]}, {"__ndarray__": [[24], "float64", [-3.57033780858441e-05, 1.3565842599819774e-15, -2.800993405600036e-06, 3.5703377971295796e-05, -1.5749601555675225e-15, 2.8009934577702183e-06, 3.570337777734889e-05, -1.4604854589237048e-15, -2.8009934825268907e-06, -3.5703377639497446e-05, 1.352269954709226e-15, 2.8009933242416135e-06, 0.00020214927766051393, 1.1715153184716932e-15, -5.9130834338455215e-05, -0.0002021492778205747, -9.833620436481524e-16, 5.9130834311423995e-05, -0.0002021492779792325, -9.573587605805956e-16, -5.9130834257975756e-05, 0.00020214927811598358, 1.093323642875198e-15, 5.9130834391123805e-05]]}, 0.2]