[{"__ndarray__": [[24, 24], "float64", [53.79056379618609, 3.001987928379695e-05, -0.15095679261678038, 16.20928562735347, -0.00015864759985386855, 0.152191812986928, 16.201145703574444, -0.00025620563546948543, -0.1526529607749601, -16.19768525473038, 0.0004915056886697453, 0.15312197542134823, -0.7277541121245081, 0.0002318337171838181, -0.012330309975631198, 0.7247010347755831, -0.00012690048048501136, 0.011468455500594638, 0.7174487498755284, -0.0002890315853103123, -0.012892830496672364, -0.7177055449584557, 7.742603477585289e-05, 0.01205064999717012, 3.001987928379695e-05, 69.99999966345274, -0.000473706657563066, -3.0019830866259147e-05, -4.493377878638031e-07, 0.0004762735123274429, -4.2460497702499436e-05, -3.094867809996777e-07, -0.000475757482400485, 4.826060567974375e-05, 1.1892282900929112e-06, 0.0004773656807585962, 0.0011951490070942123, -1.4016025599180313e-08, 0.00042188648065299967, -0.001201297398967331, 1.080561769273178e-07, -0.0004247082073782995, -0.0012127818388217456, -7.263857290708684e-07, 0.0004209493124645048, 0.001213130074292797, 5.384890934474095e-07, -0.0004223026388896103, -0.15095679261678038, -0.000473706657563066, 53.28692822490455, 0.1511898745833634, -0.00045475383450813237, 16.714773827647058, 0.14533593397936062, -0.00017844581536171516, -16.71391893475406, -0.1425866930407102, 0.0008796074631697958, 16.7151466619103, -0.2003378018475763, -0.00012022408656183346, 0.6409128404467542, 0.19728176384645968, -7.712595384493962e-05, -0.6428142476656826, 0.1919371269128584, -0.0003948593927120122, 0.6406935034076442, -0.19186341189481612, 0.0008195082347925501, -0.6417218759744411, 16.20928562735347, -3.0019830866259147e-05, 0.1511898745833634, 53.79086528317432, 0.00015855275140685534, -0.15242400258663164, -16.200999472169705, 0.00025607020492092935, 0.1528852206514605, 16.197541413457678, -0.0004911082424018608, -0.15335380130867152, 0.7273437575216966, -0.0002319802379263336, 0.011602484755130885, -0.724293247180978, 0.00012704074618325524, -0.010741565157233804, -0.7170451252915556, 0.0002888134617085742, 0.012164523894160922, 0.7173017631833218, -7.736887181683264e-05, -0.011322734873572757, -0.00015864759985386855, -4.493377878638031e-07, -0.00045475383450813237, 0.00015855275140685534, 69.99999943556648, 0.0004577827920874366, 0.00014363474568061568, -3.9233423021935126e-07, -0.0004572470960487493, -0.00013678269419304802, 1.3788262900090528e-06, 0.0004591035283036833, 0.001159561452032993, 2.187901532175121e-08, 0.00015435876064963074, -0.0011666147066852223, 1.277360833926078e-07, -0.00015758579243812417, -0.0011805553264189333, -8.318080651072841e-07, 0.00015324445882974774, 0.0011808513780233684, 7.094722127210488e-07, -0.0001549028169033118, 0.152191812986928, 0.0004762735123274429, 16.714773827647058, -0.15242400258663164, 0.0004577827920874366, 53.283509546185094, -0.14649429233335431, 0.00018050096916122322, 16.715633671717544, 0.14371130153689962, -0.0008862221660828239, -16.7168699628217, 0.19447208261523033, 0.00011975512033715378, -0.6408765288469118, -0.19138407097620158, 7.71880979039283e-05, 0.6427923579773751, -0.18596577414997428, 0.0003984299228458779, -0.6406512357811109, 0.18589294298498366, -0.0008237082059144846, 0.6416883240006436, 16.201145703574444, -4.2460497702499436e-05, 0.14533593397936062, -16.200999472169705, 0.00014363474568061568, -0.14649429233335431, 53.80676064100119, 0.0002454970602953884, 0.1469680088758227, 16.18995221318735, -0.00045727276524852714, -0.14739084151788276, 0.7518634836104812, -0.00023018020589257054, 0.006533032939383399, -0.7489842276324028, 0.00013078567358460312, -0.005750188019143801, -0.7420890464753627, 0.0002679783942633521, 0.0070658351554148124, 0.7423507049520481, -5.798242414351766e-05, -0.006267489122159811, -0.00025620563546948543, -3.094867809996777e-07, -0.00017844581536171516, 0.00025607020492092935, -3.9233423021935126e-07, 0.00018050096916122322, 0.0002454970602953884, 69.9999997296795, -0.00018024253023675923, -0.0002408018097086381, 9.148283235321868e-07, 0.00018146813945198143, 0.0006569389940213892, 2.0918837333398343e-08, -0.0002851082108141969, -0.0006616719392600152, 5.789083970690083e-08, 0.0002829703119152182, -0.000671643928979694, -5.266114160520074e-07, -0.0002858513890824078, 0.00067181705417603, 5.05114909190788e-07, 0.00028470852495251413, -0.1526529607749601, -0.000475757482400485, -16.71391893475406, 0.1528852206514605, -0.0004572470960487493, 16.715633671717544, 0.1469680088758227, -0.00018024253023675923, 53.28522321276636, -0.14419005224447234, 0.0008852534682431039, 16.71601213211238, -0.19671420677566212, -0.00011990375383324505, 0.6393743049250312, 0.19362954024199158, -7.649453177660238e-05, -0.6412886704718103, 0.18822545375691654, -0.00039832916490184484, 0.6391499078981819, -0.1881510038089669, 0.0008227210483081956, -0.6401856242715588, -16.19768525473038, 4.826060567974375e-05, -0.1425866930407102, 16.197541413457678, -0.00013678269419304802, 0.14371130153689962, 16.18995221318735, -0.0002408018097086381, -0.14419005224447234, 53.813258224643874, 0.00044214662115504616, 0.1445926449089904, -0.765105467166368, 0.00022926857683430626, -0.005510238122764674, 0.7623015421585184, -0.00013170177717238517, 0.004761718510716634, 0.7555693412433859, -0.00025914882220962217, -0.006029953032690091, -0.7558320128420364, 4.8759318952253415e-05, 0.005251271526860113, 0.0004915056886697453, 1.1892282900929112e-06, 0.0008796074631697958, -0.0004911082424018608, 1.3788262900090528e-06, -0.0008862221660828239, -0.00045727276524852714, 9.148283235321868e-07, 0.0008852534682431039, 0.00044214662115504616, 69.99999703869953, -0.0008892144092941067, -0.002989772035670339, -1.0395965750426108e-07, -0.00023690387062043193, 0.003004560107732668, -1.507264010317159e-07, 0.000243609031626418, 0.00303702233080642, 1.6558791864400355e-06, -0.00023435305890903658, -0.0030370817050213057, -1.9227755158445463e-06, 0.00023822354192696183, 0.15312197542134823, 0.0004773656807585962, 16.7151466619103, -0.15335380130867152, 0.0004591035283036833, -16.7168699628217, -0.14739084151788276, 0.00018146813945198143, 16.71601213211238, 0.1445926449089904, -0.0008892144092941067, 53.282747631562685, 0.19279982670019077, 0.00011952403241485784, -0.6401296044220632, -0.18969703548255215, 7.695027703413336e-05, 0.6420521093448454, -0.18424710868044455, 0.00040024946796255476, -0.6399015370879131, 0.18417434003691283, -0.0008254466739370252, 0.6409425694795041, -0.7277541121245081, 0.0011951490070942123, -0.2003378018475763, 0.7273437575216966, 0.001159561452032993, 0.19447208261523033, 0.7518634836104812, 0.0006569389940213892, -0.19671420677566212, -0.765105467166368, -0.002989772035670339, 0.19279982670019077, 53.593993633456165, -0.00022280332575006282, -0.2846691815032133, 16.418592024559718, -1.6785395603974448e-05, 0.2911176043649712, 16.443967962071596, 0.0020904217281954665, -0.2826721728003322, -16.442901281869286, -0.0018727103643084745, 0.286003849327853, 0.0002318337171838181, -1.4016025599180313e-08, -0.00012022408656183346, -0.0002319802379263336, 2.187901532175121e-08, 0.00011975512033715378, -0.00023018020589257054, 2.0918837333398343e-08, -0.00011990375383324505, 0.00022926857683430626, -1.0395965750426108e-07, 0.00011952403241485784, -0.00022280332575006282, 70.0000004772352, 0.0002959592516844075, 0.00022517279296815418, -5.071254649070281e-07, -0.0002949947600803614, 0.00022532148997946857, 8.118074554321125e-08, 0.0002957350421204762, -0.00022663280740675443, 2.3887336213910768e-08, -0.0002958508460821429, -0.012330309975631198, 0.00042188648065299967, 0.6409128404467542, 0.011602484755130885, 0.00015435876064963074, -0.6408765288469118, 0.006533032939383399, -0.0002851082108141969, 0.6393743049250312, -0.005510238122764674, -0.00023690387062043193, -0.6401296044220632, -0.2846691815032133, 0.0002959592516844075, 53.182567749346894, 0.2847835877494115, 5.698255723129619e-05, 16.818341221805284, 0.2803247713565041, 0.00022295660180789097, -16.818226681824047, -0.2807341471843199, -0.000630131494447496, 16.818036698707626, 0.7247010347755831, -0.001201297398967331, 0.19728176384645968, -0.724293247180978, -0.0011666147066852223, -0.19138407097620158, -0.7489842276324028, -0.0006616719392600152, 0.19362954024199158, 0.7623015421585184, 0.003004560107732668, -0.18969703548255215, 16.418592024559718, 0.00022517279296815418, 0.2847835877494115, 53.568757760562136, 1.4589560277189137e-05, -0.29126134336290077, -16.456791647780584, -0.0020978754918993207, 0.2827720039103365, 16.455716760478445, 0.0018831370156596379, -0.28612444600828163, -0.00012690048048501136, 1.080561769273178e-07, -7.712595384493962e-05, 0.00012704074618325524, 1.277360833926078e-07, 7.71880979039283e-05, 0.00013078567358460312, 5.789083970690083e-08, -7.649453177660238e-05, -0.00013170177717238517, -1.507264010317159e-07, 7.695027703413336e-05, -1.6785395603974448e-05, -5.071254649070281e-07, 5.698255723129619e-05, 1.4589560277189137e-05, 70.00000135848414, -5.805234898919252e-05, 2.177179409936018e-05, -4.983469971301124e-07, 5.751989568911682e-05, -1.8800120886183086e-05, -4.959684205338609e-07, -5.6967993253674856e-05, 0.011468455500594638, -0.0004247082073782995, -0.6428142476656826, -0.010741565157233804, -0.00015758579243812417, 0.6427923579773751, -0.005750188019143801, 0.0002829703119152182, -0.6412886704718103, 0.004761718510716634, 0.000243609031626418, 0.6420521093448454, 0.2911176043649712, -0.0002949947600803614, 16.818341221805284, -0.29126134336290077, -5.805234898919252e-05, 53.18073670182169, -0.2868818456733207, -0.00022616430142114184, 16.819128857988403, 0.2872871638217768, 0.0006349259905429938, -16.818948330938785, 0.7174487498755284, -0.0012127818388217456, 0.1919371269128584, -0.7170451252915556, -0.0011805553264189333, -0.18596577414997428, -0.7420890464753627, -0.000671643928979694, 0.18822545375691654, 0.7555693412433859, 0.00303702233080642, -0.18424710868044455, 16.443967962071596, 0.00022532148997946857, 0.2803247713565041, -16.456791647780584, 2.177179409936018e-05, -0.2868818456733207, 53.517338447059174, -0.002119333085284555, 0.2782866514673249, 16.48160131923806, 0.0019001985040710896, -0.2816792750721637, -0.0002890315853103123, -7.263857290708684e-07, -0.0003948593927120122, 0.0002888134617085742, -8.318080651072841e-07, 0.0003984299228458779, 0.0002679783942633521, -5.266114160520074e-07, -0.00039832916490184484, -0.00025914882220962217, 1.6558791864400355e-06, 0.00040024946796255476, 0.0020904217281954665, 8.118074554321125e-08, 0.00022295660180789097, -0.0020978754918993207, -4.983469971301124e-07, -0.00022616430142114184, -0.002119333085284555, 69.99999952280488, 0.00022139729799171233, 0.00211817540052731, 1.3232873588321288e-06, -0.00022368043160297203, -0.012892830496672364, 0.0004209493124645048, 0.6406935034076442, 0.012164523894160922, 0.00015324445882974774, -0.6406512357811109, 0.0070658351554148124, -0.0002858513890824078, 0.6391499078981819, -0.006029953032690091, -0.00023435305890903658, -0.6399015370879131, -0.2826721728003322, 0.0002957350421204762, -16.818226681824047, 0.2827720039103365, 5.751989568911682e-05, 16.819128857988403, 0.2782866514673249, 0.00022139729799171233, 53.18097762322903, -0.2786940580830464, -0.0006286414829911051, 16.818829562308306, -0.7177055449584557, 0.001213130074292797, -0.19186341189481612, 0.7173017631833218, 0.0011808513780233684, 0.18589294298498366, 0.7423507049520481, 0.00067181705417603, -0.1881510038089669, -0.7558320128420364, -0.0030370817050213057, 0.18417434003691283, -16.442901281869286, -0.00022663280740675443, -0.2807341471843199, 16.455716760478445, -1.8800120886183086e-05, 0.2872871638217768, 16.48160131923806, 0.00211817540052731, -0.2786940580830464, 53.51946829187766, -0.001901459213171007, 0.2820881742097668, 7.742603477585289e-05, 5.384890934474095e-07, 0.0008195082347925501, -7.736887181683264e-05, 7.094722127210488e-07, -0.0008237082059144846, -5.798242414351766e-05, 5.05114909190788e-07, 0.0008227210483081956, 4.8759318952253415e-05, -1.9227755158445463e-06, -0.0008254466739370252, -0.0018727103643084745, 2.3887336213910768e-08, -0.000630131494447496, 0.0018831370156596379, -4.959684205338609e-07, 0.0006349259905429938, 0.0019001985040710896, 1.3232873588321288e-06, -0.0006286414829911051, -0.001901459213171007, 69.99999931849305, 0.0006307725836929271, 0.01205064999717012, -0.0004223026388896103, -0.6417218759744411, -0.011322734873572757, -0.0001549028169033118, 0.6416883240006436, -0.006267489122159811, 0.00028470852495251413, -0.6401856242715588, 0.005251271526860113, 0.00023822354192696183, 0.6409425694795041, 0.286003849327853, -0.0002958508460821429, 16.818036698707626, -0.28612444600828163, -5.6967993253674856e-05, -16.818948330938785, -0.2816792750721637, -0.00022368043160297203, 16.818829562308306, 0.2820881742097668, 0.0006307725836929271, 53.1813586765501]]}, {"__ndarray__": [[24], "float64", [10.076413741654637, 3.186773971364588, 0.1373276069418578, 1.6746448742685307, 1.0622581765897154, 4.3120188182933665, 7.550176510701005, 1.0622578475848174, 2.3620014147792636, 4.200881102003821, 3.1867729968366274, 2.0873450054784253, 1.4454615609191985, 3.18677370138757, 1.7374479520660902, 10.305599542022131, 1.062257895379132, 2.7119010002617134, 4.430071436627099, 1.0622582428483072, 3.9621213314559993, 7.320987334582599, 3.186772843457292, 0.48722666566585476]]}, {"__ndarray__": [[24], "float64", [-7.956437813737863e-05, -1.002977926577417e-06, -7.534555224189364e-05, 7.916721103206996e-05, -1.0864987877827025e-06, 8.090750222725004e-05, 5.598193721082148e-05, -8.487424972490755e-07, -7.925920150852713e-05, -4.4236061248575095e-05, 2.497993194618387e-06, 8.27662719100543e-05, 0.00028232634978920087, 4.4118051306957215e-07, -2.4999053570616667e-07, -0.00029394379442351326, 5.371251384726758e-07, -5.4316422903669166e-06, -0.00031554244620265196, -1.9453598781153413e-06, -2.5475725029928196e-06, 0.00031581118198002663, 1.4072802435639015e-06, -8.398150578176369e-07]]}, 0.2]