[{"__ndarray__": [[24, 24], "float64", [53.78519149927356, 8.216952628048809e-16, -0.14857519283100656, 16.21480850051412, -3.720072484281719e-15, 0.14857519285352694, 16.21480850064238, -1.821290057836454e-14, -0.14857519283299803, -16.214808500815124, -2.931211735497095e-14, 0.1485751928154606, -0.6919964746337903, 7.788259698323303e-15, -0.020695306916292733, 0.691996474804678, -4.143793433053449e-16, 0.020695306886938325, 0.6919964749474137, 2.357465037016045e-14, -0.020695306881634096, -0.6919964747501058, 2.020404223720132e-14, 0.02069530692053692, 8.216952628048809e-16, 70.0, -9.737930153397916e-15, -8.216952668292422e-16, 4.635231059583193e-29, 9.737930153089763e-15, -8.21695267260077e-16, 4.07417880713666e-28, -9.737930154623466e-15, 8.216952620945369e-16, 4.834030017127758e-28, 9.737930154266602e-15, 2.1776635907652544e-14, -1.0912304820488456e-28, -7.202445319880038e-15, -2.1776635903110873e-14, -6.33658988127727e-28, 7.202445320091204e-15, -2.177663590132328e-14, -4.161928823774903e-28, -7.202445319035476e-15, 2.1776635906948794e-14, -5.04837573164687e-28, 7.202445319963862e-15, -0.14857519283100656, -9.737930153397916e-15, 53.3077173646189, 0.14857519280355572, -1.270901958777492e-14, 16.69228263538839, 0.14857519279682116, 1.115892557010051e-15, -16.69228263537344, -0.14857519284377715, -5.166769798747205e-15, 16.692282635388622, -0.20789754657382525, 9.401884056691138e-15, 0.6435992014023262, 0.20789754659462903, 1.0708012819636178e-14, -0.6435992014032084, 0.20789754660815635, 6.906397275173008e-15, 0.6435992014082484, -0.20789754658742682, -1.121645260519497e-15, -0.6435992013933072, 16.21480850051412, -8.216952668292422e-16, 0.14857519280355572, 53.78519149969821, 3.720072494947058e-15, -0.14857519282607692, -16.214808500430053, 1.8212900562742857e-14, 0.14857519280554726, 16.2148085006028, 2.9312117342425606e-14, -0.14857519278800932, 0.6919964753664815, -7.788259706217422e-15, 0.020695306991156875, -0.6919964755373704, 4.143793477379133e-16, -0.020695306961804355, -0.691996475680104, -2.35746503605445e-14, 0.020695306956496712, 0.6919964754827957, -2.0204042222063635e-14, -0.020695306995402757, -3.720072484281719e-15, 4.635231059583193e-29, -1.270901958777492e-14, 3.720072494947058e-15, 70.0, 1.2709019588615267e-14, 3.7200724895365806e-15, 4.2698606023597626e-29, -1.2709019587784621e-14, -3.720072477585292e-15, 2.1210520483544418e-28, 1.2709019589108912e-14, 4.080811452518502e-15, -2.2000094120860904e-28, -1.1883529463959434e-14, -4.080811464840555e-15, -7.893382869666869e-29, 1.1883529464548652e-14, -4.080811472692282e-15, -2.155581025872923e-28, -1.1883529465843774e-14, 4.080811458152635e-15, -3.98790949558986e-29, 1.1883529463841246e-14, 0.14857519285352694, 9.737930153089763e-15, 16.69228263538839, -0.14857519282607692, 1.2709019588615267e-14, 53.307717364604294, -0.1485751928193417, -1.1158925570549525e-15, 16.692282635380735, 0.1485751928662966, 5.166769799279088e-15, -16.692282635395916, 0.20789754657609075, -9.401884057508223e-15, -0.6435992013853391, -0.20789754659689436, -1.0708012819361301e-14, 0.6435992013862234, -0.20789754661041987, -6.906397275628852e-15, -0.6435992013912621, 0.20789754658969226, 1.1216452605072098e-15, 0.6435992013763212, 16.21480850064238, -8.21695267260077e-16, 0.14857519279682116, -16.214808500430053, 3.7200724895365806e-15, -0.1485751928193417, 53.785191499441694, 1.821290057479627e-14, 0.14857519279881287, 16.214808500731063, 2.931211734735412e-14, -0.1485751927812753, 0.6919964750201659, -7.788259702309225e-15, 0.02069530698319061, -0.6919964751910502, 4.1437934715020247e-16, -0.020695306953837395, -0.6919964753337876, -2.357465036405387e-14, 0.020695306948530195, 0.6919964751364788, -2.0204042232888403e-14, -0.02069530698743402, -1.821290057836454e-14, 4.07417880713666e-28, 1.115892557010051e-15, 1.8212900562742857e-14, 4.2698606023597626e-29, -1.1158925570549525e-15, 1.821290057479627e-14, 70.0, 1.1158925582146705e-15, -1.8212900586015437e-14, 9.761063792762515e-28, -1.1158925595767834e-15, 2.592889324972538e-14, -2.3728854386306294e-28, -5.998789558074024e-15, -2.592889323665955e-14, -3.0962076001713376e-28, 5.998789556784306e-15, -2.592889322720975e-14, -7.750382648928854e-28, -5.9987895564654234e-15, 2.5928893242476708e-14, -8.829601293822272e-28, 5.998789558666451e-15, -0.14857519283299803, -9.737930154623466e-15, -16.69228263537344, 0.14857519280554726, -1.2709019587784621e-14, 16.692282635380735, 0.14857519279881287, 1.1158925582146705e-15, 53.3077173646342, -0.14857519284576814, -5.166769799846055e-15, 16.69228263538098, -0.20789754654574166, 9.401884056744502e-15, 0.6435992014098693, 0.2078975465665453, 1.0708012820547107e-14, -0.6435992014107517, 0.20789754658006998, 6.906397276106851e-15, 0.6435992014157925, -0.2078975465593428, -1.1216452612893122e-15, -0.6435992014008495, -16.214808500815124, 8.216952620945369e-16, -0.14857519284377715, 16.2148085006028, -3.720072477585292e-15, 0.1485751928662966, 16.214808500731063, -1.8212900586015437e-14, -0.14857519284576814, 53.785191499096186, -2.931211736002104e-14, 0.1485751928282306, -0.691996474405604, 7.788259693211096e-15, -0.02069530695590463, 0.6919964745764909, -4.143793420262669e-16, 0.020695306926550527, 0.6919964747192254, 2.35746503737021e-14, -0.02069530692124308, -0.6919964745219184, 2.020404224414541e-14, 0.02069530696014807, -2.931211735497095e-14, 4.834030017127758e-28, -5.166769798747205e-15, 2.9312117342425606e-14, 2.1210520483544418e-28, 5.166769799279088e-15, 2.931211734735412e-14, 9.761063792762515e-28, -5.166769799846055e-15, -2.931211736002104e-14, 70.0, 5.16676979890042e-15, 3.5095206662583846e-14, -4.287733944327524e-28, -1.3201981824228577e-14, -3.5095206651728135e-14, -3.942437046693485e-28, 1.3201981822561292e-14, -3.509520664300212e-14, -1.1125302837493107e-27, -1.3201981821794093e-14, 3.5095206657241794e-14, -1.1166099595110826e-27, 1.3201981824023761e-14, 0.1485751928154606, 9.737930154266602e-15, 16.692282635388622, -0.14857519278800932, 1.2709019589108912e-14, -16.692282635395916, -0.1485751927812753, -1.1158925595767834e-15, 16.69228263538098, 0.1485751928282306, 5.16676979890042e-15, 53.307717364603846, 0.2078975465961249, -9.401884057765663e-15, -0.6435992014057555, -0.20789754661692816, -1.0708012820089123e-14, 0.6435992014066372, -0.20789754663045298, -6.906397275485189e-15, -0.6435992014116779, 0.2078975466097239, 1.1216452625569958e-15, 0.6435992013967357, -0.6919964746337903, 2.1776635907652544e-14, -0.20789754657382525, 0.6919964753664815, 4.080811452518502e-15, 0.20789754657609075, 0.6919964750201659, 2.592889324972538e-14, -0.20789754654574166, -0.691996474405604, 3.5095206662583846e-14, 0.2078975465961249, 53.594072365826285, -9.341303919961377e-15, -0.28800133114953325, 16.405927633502976, -1.849960612283273e-14, 0.288001331173896, 16.405927633242065, -2.8906225000942176e-14, -0.2880013312218056, -16.40592763396746, -3.035940230492241e-14, 0.28800133112753645, 7.788259698323303e-15, -1.0912304820488456e-28, 9.401884056691138e-15, -7.788259706217422e-15, -2.2000094120860904e-28, -9.401884057508223e-15, -7.788259702309225e-15, -2.3728854386306294e-28, 9.401884056744502e-15, 7.788259693211096e-15, -4.287733944327524e-28, -9.401884057765663e-15, -9.341303919961377e-15, 70.0, 1.1265798812305039e-14, 9.341303929379177e-15, 1.115478698297025e-28, -1.1265798812617937e-14, 9.341303935130803e-15, 3.76003612464739e-28, 1.1265798813660251e-14, -9.341303924045351e-15, 2.6349655651788227e-28, -1.126579881216957e-14, -0.020695306916292733, -7.202445319880038e-15, 0.6435992014023262, 0.020695306991156875, -1.1883529463959434e-14, -0.6435992013853391, 0.02069530698319061, -5.998789558074024e-15, 0.6435992014098693, -0.02069530695590463, -1.3201981824228577e-14, -0.6435992014057555, -0.28800133114953325, 1.1265798812305039e-14, 53.167849009755955, 0.28800133111367854, 7.38818303827478e-15, 16.832150990226136, 0.28800133115109106, 1.2622001836271154e-14, -16.83215099023243, -0.28800133116611587, 6.68236873493792e-15, 16.832150990235455, 0.691996474804678, -2.1776635903110873e-14, 0.20789754659462903, -0.6919964755373704, -4.080811464840555e-15, -0.20789754659689436, -0.6919964751910502, -2.592889323665955e-14, 0.2078975465665453, 0.6919964745764909, -3.5095206651728135e-14, -0.20789754661692816, 16.405927633502976, 9.341303929379177e-15, 0.28800133111367854, 53.59407236716776, 1.8499606118167235e-14, -0.2880013311380408, -16.405927632571338, 2.890622499299974e-14, 0.2880013311859504, 16.405927633296734, 3.035940229213368e-14, -0.2880013310916811, -4.143793433053449e-16, -6.33658988127727e-28, 1.0708012819636178e-14, 4.143793477379133e-16, -7.893382869666869e-29, -1.0708012819361301e-14, 4.1437934715020247e-16, -3.0962076001713376e-28, 1.0708012820547107e-14, -4.143793420262669e-16, -3.942437046693485e-28, -1.0708012820089123e-14, -1.849960612283273e-14, 1.115478698297025e-28, 7.38818303827478e-15, 1.8499606118167235e-14, 70.0, -7.388183038317312e-15, 1.8499606115988256e-14, 3.5034411373207356e-28, 7.388183037532454e-15, -1.8499606121763043e-14, 3.8712182537594626e-28, -7.38818303844628e-15, 0.020695306886938325, 7.202445320091204e-15, -0.6435992014032084, -0.020695306961804355, 1.1883529464548652e-14, 0.6435992013862234, -0.020695306953837395, 5.998789556784306e-15, -0.6435992014107517, 0.020695306926550527, 1.3201981822561292e-14, 0.6435992014066372, 0.288001331173896, -1.1265798812617937e-14, 16.832150990226136, -0.2880013311380408, -7.388183038317312e-15, 53.16784900979174, -0.28800133117545124, -1.2622001834920357e-14, 16.832150990214547, 0.2880013311904779, -6.682368733788658e-15, -16.83215099021757, 0.6919964749474137, -2.177663590132328e-14, 0.20789754660815635, -0.691996475680104, -4.080811472692282e-15, -0.20789754661041987, -0.6919964753337876, -2.592889322720975e-14, 0.20789754658006998, 0.6919964747192254, -3.509520664300212e-14, -0.20789754663045298, 16.405927633242065, 9.341303935130803e-15, 0.28800133115109106, -16.405927632571338, 1.8499606115988256e-14, -0.28800133117545124, 53.59407236768957, 2.890622498626269e-14, 0.28800133122336197, 16.405927633035816, 3.0359402283267055e-14, -0.28800133112909393, 2.357465037016045e-14, -4.161928823774903e-28, 6.906397275173008e-15, -2.35746503605445e-14, -2.155581025872923e-28, -6.906397275628852e-15, -2.357465036405387e-14, -7.750382648928854e-28, 6.906397276106851e-15, 2.35746503737021e-14, -1.1125302837493107e-27, -6.906397275485189e-15, -2.8906225000942176e-14, 3.76003612464739e-28, 1.2622001836271154e-14, 2.890622499299974e-14, 3.5034411373207356e-28, -1.2622001834920357e-14, 2.890622498626269e-14, 70.0, 1.262200183436628e-14, -2.8906224997049955e-14, 8.868593713704184e-28, -1.262200183608348e-14, -0.020695306881634096, -7.202445319035476e-15, 0.6435992014082484, 0.020695306956496712, -1.1883529465843774e-14, -0.6435992013912621, 0.020695306948530195, -5.9987895564654234e-15, 0.6435992014157925, -0.02069530692124308, -1.3201981821794093e-14, -0.6435992014116779, -0.2880013312218056, 1.1265798813660251e-14, -16.83215099023243, 0.2880013311859504, 7.388183037532454e-15, 16.832150990214547, 0.28800133122336197, 1.262200183436628e-14, 53.16784900977917, -0.28800133123838645, 6.682368733247702e-15, 16.832150990223855, -0.6919964747501058, 2.1776635906948794e-14, -0.20789754658742682, 0.6919964754827957, 4.080811458152635e-15, 0.20789754658969226, 0.6919964751364788, 2.5928893242476708e-14, -0.2078975465593428, -0.6919964745219184, 3.5095206657241794e-14, 0.2078975466097239, -16.40592763396746, -9.341303924045351e-15, -0.28800133116611587, 16.405927633296734, -1.8499606121763043e-14, 0.2880013311904779, 16.405927633035816, -2.8906224997049955e-14, -0.28800133123838645, 53.59407236623879, -3.035940229819546e-14, 0.28800133114411786, 2.020404223720132e-14, -5.04837573164687e-28, -1.121645260519497e-15, -2.0204042222063635e-14, -3.98790949558986e-29, 1.1216452605072098e-15, -2.0204042232888403e-14, -8.829601293822272e-28, -1.1216452612893122e-15, 2.020404224414541e-14, -1.1166099595110826e-27, 1.1216452625569958e-15, -3.035940230492241e-14, 2.6349655651788227e-28, 6.68236873493792e-15, 3.035940229213368e-14, 3.8712182537594626e-28, -6.682368733788658e-15, 3.0359402283267055e-14, 8.868593713704184e-28, 6.682368733247702e-15, -3.035940229819546e-14, 70.0, -6.6823687354279665e-15, 0.02069530692053692, 7.202445319963862e-15, -0.6435992013933072, -0.020695306995402757, 1.1883529463841246e-14, 0.6435992013763212, -0.02069530698743402, 5.998789558666451e-15, -0.6435992014008495, 0.02069530696014807, 1.3201981824023761e-14, 0.6435992013967357, 0.28800133112753645, -1.126579881216957e-14, 16.832150990235455, -0.2880013310916811, -7.38818303844628e-15, -16.83215099021757, -0.28800133112909393, -1.262200183608348e-14, 16.832150990223855, 0.28800133114411786, -6.6823687354279665e-15, 53.167849009773114]]}, {"__ndarray__": [[24], "float64", [10.039166233137623, 3.1742272115317496, 0.1460228641575454, 1.6656287806451366, 1.05807573717725, 4.2858074686381755, 7.51802628753636, 1.05807573717725, 2.3619380305554047, 4.186768726246352, 3.1742272115317496, 2.0698923022403086, 1.4291770169405844, 3.1742272115317496, 1.7272230425210866, 10.27561799684183, 1.05807573717725, 2.7046072902746223, 4.423220489950511, 1.05807573717725, 3.9431382089189304, 7.281574523831907, 3.1742272115317496, 0.4886921238767548]]}, {"__ndarray__": [[24], "float64", [-0.0004354882157415593, -8.910463619999086e-17, -3.761089236109267e-05, 0.00043548821464030156, 1.1667503850615164e-16, 3.761089234959503e-05, 0.0004354882151403523, 2.661775681550834e-16, -3.761089238842692e-05, -0.0004354882160255704, -1.8396740354246838e-16, 3.7610892314456144e-05, 0.0010013103026763868, -5.975546945980525e-17, -6.879434287008807e-05, -0.0010013103017494634, 3.2708163997243284e-17, 6.879434279475618e-05, -0.001001310301291417, 1.1996294432365368e-16, -6.879434274368777e-05, 0.0010013103023509627, -2.004416145061737e-16, 6.879434290449186e-05]]}, 0.2]