atom_pair_direct: [2.4848310402713078e-05, 2.4850603850710385e-05, 2.4854212078800494e-05]
finite_differences_1e-04: [0.00032397949327194646, 0.00032226686063316904, 0.0003224586429930275]
strain_direct: [2.5096860949108506e-05, 2.5111656717517353e-05, 2.5105267394758778e-05]
strain_graph: [2.4921184309075923e-05, 2.4908653759296244e-05, 2.4915635852974245e-05]
strain_system: [2.5406961224588383e-05, 2.512675458206946e-05, 2.512912597686173e-05]
unfolded_direct_unfolded: [0.00021923981085058552, 0.00021926161711814562, 0.00021926493065742154]
unfolded_strain_unfolded: [0.00022034582003942449, 0.00022036603843743148, 0.00022037269661922]
