atom_pair_direct: [1.2309305734999253e-05, 1.2342975090211472e-05, 1.23402797036289e-05]
finite_differences_1e-03: [0.00017073125497794265, 0.00017174282928829565, 0.00017058571362954186]
strain_direct: [1.2503653060169502e-05, 1.252883853696942e-05, 1.2520139737278913e-05]
strain_graph: [1.2457096635410346e-05, 1.2437155577505041e-05, 1.2478002728096693e-05]
strain_system: [1.2842339689895097e-05, 1.2706276250052422e-05, 1.2714757768494395e-05]
unfolded_direct_unfolded: [9.380016005430931e-05, 9.379227119333572e-05, 9.380549829856372e-05]
unfolded_strain_unfolded: [9.379226013078113e-05, 9.37661321400406e-05, 9.377305104862899e-05]
