atom_pair_direct: [2.3661263372559916e-05, 2.365527845165616e-05, 2.365456354931439e-05]
finite_differences_1e-04: [0.0002951467075566825, 0.00029499746834522964, 0.0002958514429413981]
strain_direct: [2.400738845261685e-05, 2.4007713717821845e-05, 2.4010979615241013e-05]
strain_graph: [2.3841220886765768e-05, 2.3840054015124678e-05, 2.383489588868315e-05]
strain_system: [2.4062120953601607e-05, 2.387244144529177e-05, 2.387585404932224e-05]
unfolded_direct_unfolded: [0.0001404800012968508, 0.0001404806867739694, 0.00014047839797171947]
unfolded_strain_unfolded: [0.00014046977058688982, 0.00014045137227100213, 0.00014044807121968005]
