atom_pair_direct: [1.1217787301291082e-05, 1.1186892984881069e-05, 1.1180928862302153e-05]
finite_differences_1e-03: [0.00014530035410643906, 0.00014538636263574745, 0.00014544676638621467]
strain_direct: [1.1261534877917256e-05, 1.1217152161577815e-05, 1.1224720103996333e-05]
strain_graph: [1.1265328360877901e-05, 1.1292834460959966e-05, 1.1230086806108375e-05]
strain_system: [1.1375141614735184e-05, 1.1346518750485757e-05, 1.1261185028331511e-05]
unfolded_direct_unfolded: [6.244964794387897e-05, 6.241107288525427e-05, 6.248041653566361e-05]
unfolded_strain_unfolded: [6.141160301558557e-05, 6.137298094580501e-05, 6.126665293703581e-05]
