[{"__ndarray__": [[24, 24], "float64", [53.97330890742574, 2.7391014104502778e-14, -0.1460916585316289, 16.026691092480693, -8.389573974022864e-14, 0.1460916585950428, 16.026691093213987, -2.6277855843545545e-14, -0.1460916584974089, -16.02669109287071, -7.20659700999372e-14, 0.14609165847908095, -0.8439120994825373, 8.073618627962278e-14, -0.011848951594358087, 0.8439120991695228, -1.2688684126090137e-14, 0.011848951625795856, 0.8439120999011859, 6.596314714325273e-14, -0.011848951528850946, -0.8439120998465086, 1.9972140914560866e-14, 0.011848951558078039, 2.7391014104502778e-14, 70.0, -1.029697793493176e-15, -2.739101410663375e-14, -3.1027383601096675e-27, 1.029697792789823e-15, -2.7391014111406128e-14, 1.6978325039355436e-28, -1.0296977946210894e-15, 2.7391014106579202e-14, -1.9490660030353085e-27, 1.0296977932167939e-15, -3.480294225249977e-14, 2.777782495858068e-27, 4.875571180116792e-15, 3.480294225580044e-14, -4.988610159856302e-28, -4.875571179706876e-15, 3.480294225231759e-14, 1.738163640887552e-27, 4.875571180638761e-15, -3.480294224871153e-14, -2.735851455609313e-28, -4.875571179062951e-15, -0.1460916585316289, -1.029697793493176e-15, 53.32833136864258, 0.1460916584283895, -8.554795697088602e-16, 16.67166863135409, 0.14609165857144973, 2.3492964745831988e-14, -16.671668631331105, -0.1460916584963381, 1.2003800191938466e-14, 16.67166863135385, -0.1854322145363999, -1.3927165796191928e-14, 0.6499163966322888, 0.18543221456138306, 8.663949433533934e-16, -0.6499163965787728, 0.18543221475378674, -9.456954565745328e-16, 0.6499163966142756, -0.18543221474804747, -2.0381800967051427e-14, -0.6499163965786536, 16.026691092480693, -2.739101410663375e-14, 0.1460916584283895, 53.97330890761287, 8.389573971703333e-14, -0.14609165849180486, -16.02669109312041, 2.627785584657292e-14, 0.1460916583941709, 16.02669109277713, 7.206597009222793e-14, -0.14609165837584184, 0.8439120996615764, -8.073618626099869e-14, 0.011848951460139867, -0.8439120993485596, 1.2688684129891635e-14, -0.01184895149157597, -0.8439121000802227, -6.596314713306527e-14, 0.011848951394633087, 0.8439121000255445, -1.997214091750898e-14, -0.011848951423857224, -8.389573974022864e-14, -3.1027383601096675e-27, -8.554795697088602e-16, 8.389573971703333e-14, 70.0, 8.554795819780643e-16, 8.389573984038407e-14, -3.7952780891457194e-28, -8.554795662157147e-16, -8.389573977805781e-14, 5.773696966888492e-27, 8.554795598488183e-16, 1.0033449314931055e-13, -7.957699263769865e-27, -1.590717918186854e-14, -1.0033449321334793e-13, 1.410124026876301e-27, 1.5907179171979176e-14, -1.0033449308959351e-13, -5.210459527346449e-27, -1.590717916389094e-14, 1.0033449310941779e-13, 6.853517505582529e-28, 1.590717917022105e-14, 0.1460916585950428, 1.029697792789823e-15, 16.67166863135409, -0.14609165849180486, 8.554795819780643e-16, 53.32833136864923, -0.146091658634865, -2.3492964746364775e-14, 16.671668631327776, 0.14609165855974954, -1.2003800190521682e-14, -16.67166863135053, 0.18543221424545353, 1.392716578458568e-14, -0.6499163965379938, -0.18543221427043574, -8.663949434652176e-16, 0.64991639648448, -0.18543221446283964, 9.45695454770815e-16, -0.6499163965199818, 0.18543221445709857, 2.0381800968231415e-14, 0.6499163964843607, 16.026691093213987, -2.7391014111406128e-14, 0.14609165857144973, -16.02669109312041, 8.389573984038407e-14, -0.146091658634865, 53.97330890614629, 2.6277855839276814e-14, 0.1460916585372283, 16.02669109351043, 7.206597013097875e-14, -0.14609165851890285, 0.8439120975592137, -8.073618637147392e-14, 0.01184895207874026, -0.8439120972462004, 1.2688684125363772e-14, -0.011848952110177058, -0.8439120979778625, -6.596314717458504e-14, 0.011848952013234354, 0.8439120979231837, -1.9972140910034145e-14, -0.011848952042459948, -2.6277855843545545e-14, 1.6978325039355436e-28, 2.3492964745831988e-14, 2.627785584657292e-14, -3.7952780891457194e-28, -2.3492964746364775e-14, 2.6277855839276814e-14, 70.0, 2.349296474788443e-14, -2.6277855839254656e-14, 6.107721269070109e-28, -2.3492964745394814e-14, -1.1736881271721872e-14, -2.007327409978985e-28, 1.9730845355547493e-14, 1.1736881273729347e-14, -4.3639125077039323e-29, -1.973084535310799e-14, 1.1736881266580803e-14, -3.9047978213217834e-28, 1.9730845354409845e-14, -1.1736881271313963e-14, -1.4868148139952874e-27, -1.9730845354681286e-14, -0.1460916584974089, -1.0296977946210894e-15, -16.671668631331105, 0.1460916583941709, -8.554795662157147e-16, 16.671668631327776, 0.1460916585372283, 2.349296474788443e-14, 53.32833136869523, -0.14609165846211866, 1.2003800192531036e-14, 16.67166863132754, -0.18543221456528425, -1.392716580029014e-14, 0.6499163966321688, 0.1854322145902663, 8.663949439453389e-16, -0.6499163965786531, 0.18543221478266853, -9.4569545639791e-16, 0.6499163966141549, -0.1854322147769283, -2.0381800968750204e-14, -0.6499163965785354, -16.02669109287071, 2.7391014106579202e-14, -0.1460916584963381, 16.02669109277713, -8.389573977805781e-14, 0.14609165855974954, 16.02669109351043, -2.6277855839254656e-14, -0.14609165846211866, 53.97330890683286, -7.206597011160695e-14, 0.14609165844378924, -0.8439120986639016, 8.073618631503847e-14, -0.011848951786839201, 0.8439120983508852, -1.2688684125129137e-14, 0.01184895181827575, 0.8439120990825479, 6.596314715404737e-14, -0.01184895172133299, -0.8439120990278689, 1.997214091030641e-14, 0.011848951750557363, -7.20659700999372e-14, -1.9490660030353085e-27, 1.2003800191938466e-14, 7.206597009222793e-14, 5.773696966888492e-27, -1.2003800190521682e-14, 7.206597013097875e-14, 6.107721269070109e-28, 1.2003800192531036e-14, -7.206597011160695e-14, 70.0, -1.200380019423389e-14, 5.978184677480192e-14, -5.479514250798924e-27, 1.1597553289434632e-14, -5.978184679300439e-14, 6.978346939732299e-28, -1.1597553290362863e-14, -5.978184675416208e-14, -4.772997700941494e-27, 1.1597553294858351e-14, 5.978184676320318e-14, -3.4943983543576377e-28, -1.1597553291553027e-14, 0.14609165847908095, 1.0296977932167939e-15, 16.67166863135385, -0.14609165837584184, 8.554795598488183e-16, -16.67166863135053, -0.14609165851890285, -2.3492964745394814e-14, 16.67166863132754, 0.14609165844378924, -1.200380019423389e-14, 53.32833136864972, 0.1854322146838275, 1.3927165805305625e-14, -0.649916396668033, -0.18543221470880866, -8.66394942242174e-16, 0.6499163966145189, -0.18543221490121306, 9.456954589358744e-16, -0.6499163966500209, 0.1854322148954742, 2.038180096636982e-14, 0.6499163966144008, -0.8439120994825373, -3.480294225249977e-14, -0.1854322145363999, 0.8439120996615764, 1.0033449314931055e-13, 0.18543221424545353, 0.8439120975592137, -1.1736881271721872e-14, -0.18543221456528425, -0.8439120986639016, 5.978184677480192e-14, 0.1854322146838275, 53.671916049042444, -8.594404807731305e-14, -0.32811026195051884, 16.328083952104365, 1.5852371527697767e-14, 0.3281102622696388, 16.32808395008285, -5.587322436942901e-14, -0.32811026235120705, -16.328083950527677, 1.425532015780305e-14, 0.32811026226878903, 8.073618627962278e-14, 2.777782495858068e-27, -1.3927165796191928e-14, -8.073618626099869e-14, -7.957699263769865e-27, 1.392716578458568e-14, -8.073618637147392e-14, -2.007327409978985e-28, -1.392716580029014e-14, 8.073618631503847e-14, -5.479514250798924e-27, 1.3927165805305625e-14, -8.594404807731305e-14, 70.0, 2.165225282330554e-15, 8.594404813522588e-14, -1.2647907421294579e-27, -2.165225273456935e-15, 8.594404802442715e-14, 4.779113254265954e-27, 2.1652252658436323e-15, -8.594404804012715e-14, -1.4012226765721015e-28, -2.1652252710966476e-15, -0.011848951594358087, 4.875571180116792e-15, 0.6499163966322888, 0.011848951460139867, -1.590717918186854e-14, -0.6499163965379938, 0.01184895207874026, 1.9730845355547493e-14, 0.6499163966321688, -0.011848951786839201, 1.1597553289434632e-14, -0.649916396668033, -0.32811026195051884, 2.165225282330554e-15, 53.13619701062637, 0.3281102615572723, -3.637681126835171e-15, 16.86380298927129, 0.32811026219746214, -1.5848715891683132e-15, -16.863802989252523, -0.3281102621060277, -1.809196638186846e-14, 16.863802989287368, 0.8439120991695228, 3.480294225580044e-14, 0.18543221456138306, -0.8439120993485596, -1.0033449321334793e-13, -0.18543221427043574, -0.8439120972462004, 1.1736881273729347e-14, 0.1854322145902663, 0.8439120983508852, -5.978184679300439e-14, -0.18543221470880866, 16.328083952104365, 8.594404813522588e-14, 0.3281102615572723, 53.67191604674882, -1.5852371525733876e-14, -0.32811026187639236, -16.328083951229655, 5.587322438913362e-14, 0.32811026195796056, 16.328083951674483, -1.4255320160962875e-14, -0.32811026187554454, -1.2688684126090137e-14, -4.988610159856302e-28, 8.663949433533934e-16, 1.2688684129891635e-14, 1.410124026876301e-27, -8.663949434652176e-16, 1.2688684125363772e-14, -4.3639125077039323e-29, 8.663949439453389e-16, -1.2688684125129137e-14, 6.978346939732299e-28, -8.66394942242174e-16, 1.5852371527697767e-14, -1.2647907421294579e-27, -3.637681126835171e-15, -1.5852371525733876e-14, 70.0, 3.637681127128024e-15, -1.5852371532104025e-14, -6.396822397286702e-28, -3.637681128585453e-15, 1.5852371527353858e-14, 1.0109465219087074e-28, 3.637681126698097e-15, 0.011848951625795856, -4.875571179706876e-15, -0.6499163965787728, -0.01184895149157597, 1.5907179171979176e-14, 0.64991639648448, -0.011848952110177058, -1.973084535310799e-14, -0.6499163965786531, 0.01184895181827575, -1.1597553290362863e-14, 0.6499163966145189, 0.3281102622696388, -2.165225273456935e-15, 16.86380298927129, -0.32811026187639236, 3.637681127128024e-15, 53.13619701083105, -0.32811026251658326, 1.584871590733814e-15, 16.86380298915018, 0.3281102624251475, 1.8091966379011432e-14, -16.86380298918502, 0.8439120999011859, 3.480294225231759e-14, 0.18543221475378674, -0.8439121000802227, -1.0033449308959351e-13, -0.18543221446283964, -0.8439120979778625, 1.1736881266580803e-14, 0.18543221478266853, 0.8439120990825479, -5.978184675416208e-14, -0.18543221490121306, 16.32808395008285, 8.594404802442715e-14, 0.32811026219746214, -16.328083951229655, -1.5852371532104025e-14, -0.32811026251658326, 53.67191605079185, 5.5873224347494434e-14, 0.3281102625981507, 16.328083949652964, -1.4255320153109645e-14, -0.3281102625157342, 6.596314714325273e-14, 1.738163640887552e-27, -9.456954565745328e-16, -6.596314713306527e-14, -5.210459527346449e-27, 9.45695454770815e-16, -6.596314717458504e-14, -3.9047978213217834e-28, -9.4569545639791e-16, 6.596314715404737e-14, -4.772997700941494e-27, 9.456954589358744e-16, -5.587322436942901e-14, 4.779113254265954e-27, -1.5848715891683132e-15, 5.587322438913362e-14, -6.396822397286702e-28, 1.584871590733814e-15, 5.5873224347494434e-14, 70.0, -1.5848715948736203e-15, -5.587322435819457e-14, 1.7406545868493003e-28, 1.5848715911043198e-15, -0.011848951528850946, 4.875571180638761e-15, 0.6499163966142756, 0.011848951394633087, -1.590717916389094e-14, -0.6499163965199818, 0.011848952013234354, 1.9730845354409845e-14, 0.6499163966141549, -0.01184895172133299, 1.1597553294858351e-14, -0.6499163966500209, -0.32811026235120705, 2.1652252658436323e-15, -16.863802989252523, 0.32811026195796056, -3.637681128585453e-15, 16.86380298915018, 0.3281102625981507, -1.5848715948736203e-15, 53.13619701086859, -0.32811026250671615, -1.8091966380569063e-14, 16.863802989166263, -0.8439120998465086, -3.480294224871153e-14, -0.18543221474804747, 0.8439121000255445, 1.0033449310941779e-13, 0.18543221445709857, 0.8439120979231837, -1.1736881271313963e-14, -0.1854322147769283, -0.8439120990278689, 5.978184676320318e-14, 0.1854322148954742, -16.328083950527677, -8.594404804012715e-14, -0.3281102621060277, 16.328083951674483, 1.5852371527353858e-14, 0.3281102624251475, 16.328083949652964, -5.587322435819457e-14, -0.32811026250671615, 53.67191604990222, 1.4255320156751434e-14, 0.32811026242429936, 1.9972140914560866e-14, -2.735851455609313e-28, -2.0381800967051427e-14, -1.997214091750898e-14, 6.853517505582529e-28, 2.0381800968231415e-14, -1.9972140910034145e-14, -1.4868148139952874e-27, -2.0381800968750204e-14, 1.997214091030641e-14, -3.4943983543576377e-28, 2.038180096636982e-14, 1.425532015780305e-14, -1.4012226765721015e-28, -1.809196638186846e-14, -1.4255320160962875e-14, 1.0109465219087074e-28, 1.8091966379011432e-14, -1.4255320153109645e-14, 1.7406545868493003e-28, -1.8091966380569063e-14, 1.4255320156751434e-14, 70.0, 1.8091966380621188e-14, 0.011848951558078039, -4.875571179062951e-15, -0.6499163965786536, -0.011848951423857224, 1.590717917022105e-14, 0.6499163964843607, -0.011848952042459948, -1.9730845354681286e-14, -0.6499163965785354, 0.011848951750557363, -1.1597553291553027e-14, 0.6499163966144008, 0.32811026226878903, -2.1652252710966476e-15, 16.863802989287368, -0.32811026187554454, 3.637681126698097e-15, -16.86380298918502, -0.3281102625157342, 1.5848715911043198e-15, 16.863802989166263, 0.32811026242429936, 1.8091966380621188e-14, 53.13619701079889]]}, {"__ndarray__": [[24], "float64", [9.911287976841527, 3.1303149773801247, 0.13582367334182469, 1.631582995248441, 1.043438325793375, 4.234696753664173, 7.4030184812931665, 1.043438325793375, 2.3210838868448658, 4.139852490796661, 3.1303149773801247, 2.049436540161213, 1.3857916992244512, 3.1303149773801247, 1.7602682899704265, 10.157079272865698, 1.043438325793375, 2.6102521370356926, 4.385643786820496, 1.043438325793375, 3.945528503473386, 7.157227185269401, 3.1303149773801247, 0.4249919235326613]]}, {"__ndarray__": [[24], "float64", [-0.00018368594464079533, 1.1259858680423525e-15, -2.3073273174923628e-05, 0.00018368594430316165, -1.0683937838076802e-15, 2.307327345093071e-05, 0.00018368594650405314, -1.1590463525050156e-15, -2.3073273146887027e-05, -0.00018368594538750564, 9.642100868086904e-16, 2.3073273016032065e-05, 0.0005383769693829029, 8.375446368356639e-16, -0.00017036906743466286, -0.0005383769705669741, -8.854539635213599e-16, 0.00017036906718511876, -0.0005383769683520456, -7.578578814279974e-16, -0.00017036906708305013, 0.0005383769687572163, 9.381999263918155e-16, 0.00017036906718743354]]}, 0.2]