[{"__ndarray__": [[24, 24], "float64", [53.80373618586935, 2.231929348640273e-14, -0.12340626803510513, 16.196263814469116, 1.225849670525561e-13, 0.12340626814489636, 16.196263808672544, -9.693463504834597e-14, -0.12340626917200825, -16.196263809531644, -1.0647541083341929e-14, 0.1234062686276387, -0.7595959132270893, -1.2999044644335774e-13, -0.03545242801335127, 0.7595959128374873, -4.1575582852296844e-14, 0.03545242804996787, 0.7595959085373909, 3.236132954618573e-14, -0.03545242850426797, -0.7595959079676784, 1.0102580451010827e-13, 0.035452428829309046, 2.231929348640273e-14, 70.0, 1.1508515721851326e-13, -2.231929355147905e-14, -2.0938808819394234e-26, -1.1508515721969968e-13, -2.2319293446137058e-14, 5.6428328739885356e-27, 1.1508515723075898e-13, 2.231929346444907e-14, -9.59643470581464e-27, -1.1508515724448725e-13, -8.980783724144998e-14, 1.831698893674143e-26, 1.0535075462115732e-13, 8.980783724676614e-14, -1.443549887122849e-26, -1.0535075462442076e-13, 8.980783732883571e-14, 9.246326224620674e-27, 1.0535075462978439e-13, -8.980783730950074e-14, -9.326828546114408e-27, -1.0535075463265963e-13, -0.12340626803510513, 1.1508515721851326e-13, 53.28136776301031, 0.12340626781149966, -1.440815861492962e-13, 16.71863223693683, 0.12340626794133669, 7.702654227606065e-14, -16.718632236878054, -0.12340626853971348, -6.67344608451251e-14, 16.718632236922147, -0.19983641642200828, 1.307593456436299e-13, 0.5938248460296932, 0.19983641648196043, -6.67858631012888e-14, -0.5938248459329443, 0.19983641688665774, 5.788505437699678e-14, 0.5938248459168466, -0.19983641659220566, -1.0291997354674039e-13, -0.5938248460975525, 16.196263814469116, -2.231929355147905e-14, 0.12340626781149966, 53.803736185192406, -1.225849670395764e-13, -0.12340626792129183, -16.196263809011008, 9.693463499878374e-14, 0.12340626894840379, 16.196263809870104, 1.064754115568948e-14, -0.12340626840403363, 0.7595959132019572, 1.2999044643428274e-13, 0.035452427691795296, -0.7595959128123536, 4.1575582885737806e-14, -0.035452427728413005, -0.759595908512258, -3.236132960878978e-14, 0.03545242818271155, 0.7595959079425454, -1.0102580444394847e-13, -0.035452428507753014, 1.225849670525561e-13, -2.0938808819394234e-26, -1.440815861492962e-13, -1.225849670395764e-13, 70.0, 1.4408158614730215e-13, -1.2258496706985215e-13, -1.3383573543909954e-26, -1.440815861688564e-13, 1.225849671062115e-13, 2.734436127095217e-27, 1.440815861733669e-13, 4.902401660270522e-14, -4.482869288928812e-26, -9.42277741227022e-14, -4.902401663229688e-14, 1.3183678095595048e-26, 9.422777412708312e-14, -4.902401667524209e-14, -1.6083227530608687e-27, -9.422777414209869e-14, 4.9024016659382576e-14, 1.664974797206286e-26, 9.422777413667731e-14, 0.12340626814489636, -1.1508515721969968e-13, 16.71863223693683, -0.12340626792129183, 1.4408158614730215e-13, 53.28136776311602, -0.12340626805112775, -7.702654227848222e-14, 16.718632236825197, 0.12340626864950521, 6.673446084361756e-14, -16.71863223686929, 0.19983641641836128, -1.307593456417219e-13, -0.5938248461768274, -0.19983641647831377, 6.67858631026831e-14, 0.5938248460800776, -0.19983641688301093, -5.788505437511269e-14, -0.5938248460639808, 0.19983641658855858, 1.0291997354871585e-13, 0.5938248462446839, 16.196263808672544, -2.2319293446137058e-14, 0.12340626794133669, -16.196263809011008, -1.2258496706985215e-13, -0.12340626805112775, 53.80373619678557, 9.693463477898039e-14, 0.12340626907823915, 16.19626380407353, 1.0647541229745065e-14, -0.12340626853386982, 0.7595959153127558, 1.2999044642062888e-13, 0.035452429311666284, -0.759595914923154, 4.1575582796187326e-14, -0.03545242934828227, -0.759595910623057, -3.2361329646753086e-14, 0.03545242980258306, 0.7595959100533438, -1.0102580422339978e-13, -0.03545243012762342, -9.693463504834597e-14, 5.6428328739885356e-27, 7.702654227606065e-14, 9.693463499878374e-14, -1.3383573543909954e-26, -7.702654227848222e-14, 9.693463477898039e-14, 70.0, 7.702654221026905e-14, -9.693463469297814e-14, -8.853602599311316e-27, -7.70265422295891e-14, 8.5857591288401e-14, 1.3651543655196667e-26, 4.742118876521882e-14, -8.58575914168108e-14, 8.366016865658401e-28, -4.742118874341309e-14, -8.585759159188665e-14, 5.6200359011015405e-27, 4.7421188714575397e-14, 8.585759163975134e-14, -2.139641046385983e-26, -4.742118870104338e-14, -0.12340626917200825, 1.1508515723075898e-13, -16.718632236878054, 0.12340626894840379, -1.440815861688564e-13, 16.718632236825197, 0.12340626907823915, 7.702654221026905e-14, 53.28136776323357, -0.12340626967661711, -6.673446081967009e-14, 16.718632236810514, -0.19983641603479851, 1.307593456532018e-13, 0.5938248463814577, 0.19983641609475097, -6.678586311363774e-14, -0.5938248462847079, 0.19983641649944783, 5.788505436242002e-14, 0.5938248462686118, -0.19983641620499587, -1.029199734810185e-13, -0.5938248464493154, -16.196263809531644, 2.231929346444907e-14, -0.12340626853971348, 16.196263809870104, 1.225849671062115e-13, 0.12340626864950521, 16.19626380407353, -9.693463469297814e-14, -0.12340626967661711, 53.803736195067366, -1.0647541256332486e-14, 0.1234062691322475, -0.7595959151262737, -1.299904464584475e-13, -0.035452428805733044, 0.7595959147366711, -4.1575582796992034e-14, 0.0354524288423507, 0.7595959104365757, 3.2361329664725584e-14, -0.03545242929664852, -0.7595959098668599, 1.0102580413391797e-13, 0.035452429621690124, -1.0647541083341929e-14, -9.59643470581464e-27, -6.67344608451251e-14, 1.064754115568948e-14, 2.734436127095217e-27, 6.673446084361756e-14, 1.0647541229745065e-14, -8.853602599311316e-27, -6.673446081967009e-14, -1.0647541256332486e-14, 70.0, 6.673446083997745e-14, -4.631171876997209e-15, -2.4731161180352185e-27, -6.384406991859445e-14, 4.631171859673524e-15, 4.440307529312743e-27, 6.384406992646624e-14, 4.63117197300906e-15, -9.125849793937419e-27, -6.384406990323082e-14, -4.631171967200172e-15, 1.1976060269202193e-26, 6.384406991318523e-14, 0.1234062686276387, -1.1508515724448725e-13, 16.718632236922147, -0.12340626840403363, 1.440815861733669e-13, -16.71863223686929, -0.12340626853386982, -7.70265422295891e-14, 16.718632236810514, 0.1234062691322475, 6.673446083997745e-14, 53.28136776314538, 0.19983641615774644, -1.3075934565964294e-13, -0.593824846139944, -0.19983641621769882, 6.678586312213273e-14, 0.5938248460431914, -0.19983641662239657, -5.788505437863626e-14, -0.5938248460270966, 0.19983641632794322, 1.0291997350374041e-13, 0.5938248462078007, -0.7595959132270893, -8.980783724144998e-14, -0.19983641642200828, 0.7595959132019572, 4.902401660270522e-14, 0.19983641641836128, 0.7595959153127558, 8.5857591288401e-14, -0.19983641603479851, -0.7595959151262737, -4.631171876997209e-15, 0.19983641615774644, 53.61941516004817, -3.030742172181182e-14, -0.3053036449374309, 16.380584839988142, 9.360307619493398e-14, 0.30530364493715917, 16.380584841729185, -1.548586985461812e-14, -0.3053036447928658, -16.38058484190235, -8.545412592202826e-14, 0.30530364462240583, -1.2999044644335774e-13, 1.831698893674143e-26, 1.307593456436299e-13, 1.2999044643428274e-13, -4.482869288928812e-26, -1.307593456417219e-13, 1.2999044642062888e-13, 1.3651543655196667e-26, 1.307593456532018e-13, -1.299904464584475e-13, -2.4731161180352185e-27, -1.3075934565964294e-13, -3.030742172181182e-14, 70.0, 8.517140330403922e-14, 3.030742175357055e-14, -1.1031248008956646e-26, -8.517140330878589e-14, 3.0307421752858306e-14, 1.0759926998369584e-27, 8.517140331782198e-14, -3.030742173814095e-14, -1.6673228281010416e-26, -8.517140331223533e-14, -0.03545242801335127, 1.0535075462115732e-13, 0.5938248460296932, 0.035452427691795296, -9.42277741227022e-14, -0.5938248461768274, 0.035452429311666284, 4.742118876521882e-14, 0.5938248463814577, -0.035452428805733044, -6.384406991859445e-14, -0.593824846139944, -0.3053036449374309, 8.517140330403922e-14, 53.11763033129905, 0.3053036455201704, -6.599299495390338e-14, 16.882369668663312, 0.30530364611540983, 5.548589146034811e-14, -16.882369668578132, -0.3053036462110167, -6.977165233012829e-14, 16.882369668481537, 0.7595959128374873, 8.980783724676614e-14, 0.19983641648196043, -0.7595959128123536, -4.902401663229688e-14, -0.19983641647831377, -0.759595914923154, -8.58575914168108e-14, 0.19983641609475097, 0.7595959147366711, 4.631171859673524e-15, -0.19983641621769882, 16.380584839988142, 3.030742175357055e-14, 0.3053036455201704, 53.61941515997553, -9.360307621108622e-14, -0.3053036455198991, -16.380584841765494, 1.5485869878508142e-14, 0.3053036453756058, 16.38058484193865, 8.545412605023326e-14, -0.3053036452051465, -4.1575582852296844e-14, -1.443549887122849e-26, -6.67858631012888e-14, 4.1575582885737806e-14, 1.3183678095595048e-26, 6.67858631026831e-14, 4.1575582796187326e-14, 8.366016865658401e-28, -6.678586311363774e-14, -4.1575582796992034e-14, 4.440307529312743e-27, 6.678586312213273e-14, 9.360307619493398e-14, -1.1031248008956646e-26, -6.599299495390338e-14, -9.360307621108622e-14, 70.0, 6.59929949584379e-14, -9.360307627848483e-14, -5.136239291027753e-27, -6.59929949636266e-14, 9.360307626844373e-14, 1.0103168750322327e-27, 6.599299496317813e-14, 0.03545242804996787, -1.0535075462442076e-13, -0.5938248459329443, -0.035452427728413005, 9.422777412708312e-14, 0.5938248460800776, -0.03545242934828227, -4.742118874341309e-14, -0.5938248462847079, 0.0354524288423507, 6.384406992646624e-14, 0.5938248460431914, 0.30530364493715917, -8.517140330878589e-14, 16.882369668663312, -0.3053036455198991, 6.59929949584379e-14, 53.117630331374336, -0.30530364611513877, -5.548589146911479e-14, 16.882369668540477, 0.3053036462107447, 6.977165230843143e-14, -16.88236966844389, 0.7595959085373909, 8.980783732883571e-14, 0.19983641688665774, -0.759595908512258, -4.902401667524209e-14, -0.19983641688301093, -0.759595910623057, -8.585759159188665e-14, 0.19983641649944783, 0.7595959104365757, 4.63117197300906e-15, -0.19983641662239657, 16.380584841729185, 3.0307421752858306e-14, 0.30530364611540983, -16.380584841765494, -9.360307627848483e-14, -0.30530364611513877, 53.61941515649345, 1.548586980042358e-14, 0.3053036459708445, 16.3805848436797, 8.545412622542944e-14, -0.30530364580038527, 3.236132954618573e-14, 9.246326224620674e-27, 5.788505437699678e-14, -3.236132960878978e-14, -1.6083227530608687e-27, -5.788505437511269e-14, -3.2361329646753086e-14, 5.6200359011015405e-27, 5.788505436242002e-14, 3.2361329664725584e-14, -9.125849793937419e-27, -5.788505437863626e-14, -1.548586985461812e-14, 1.0759926998369584e-27, 5.548589146034811e-14, 1.5485869878508142e-14, -5.136239291027753e-27, -5.548589146911479e-14, 1.548586980042358e-14, 70.0, 5.5485891451704576e-14, -1.5485869810863777e-14, -8.215817382391898e-27, -5.5485891461309115e-14, -0.03545242850426797, 1.0535075462978439e-13, 0.5938248459168466, 0.03545242818271155, -9.422777414209869e-14, -0.5938248460639808, 0.03545242980258306, 4.7421188714575397e-14, 0.5938248462686118, -0.03545242929664852, -6.384406990323082e-14, -0.5938248460270966, -0.3053036447928658, 8.517140331782198e-14, -16.882369668578132, 0.3053036453756058, -6.59929949636266e-14, 16.882369668540477, 0.3053036459708445, 5.5485891451704576e-14, 53.1176303315447, -0.305303646066452, -6.977165227957736e-14, 16.8823696683587, -0.7595959079676784, -8.980783730950074e-14, -0.19983641659220566, 0.7595959079425454, 4.9024016659382576e-14, 0.19983641658855858, 0.7595959100533438, 8.585759163975134e-14, -0.19983641620499587, -0.7595959098668599, -4.631171967200172e-15, 0.19983641632794322, -16.38058484190235, -3.030742173814095e-14, -0.3053036462110167, 16.38058484193865, 9.360307626844373e-14, 0.3053036462107447, 16.3805848436797, -1.5485869810863777e-14, -0.305303646066452, 53.61941515614715, -8.545412627775586e-14, 0.3053036458959919, 1.0102580451010827e-13, -9.326828546114408e-27, -1.0291997354674039e-13, -1.0102580444394847e-13, 1.664974797206286e-26, 1.0291997354871585e-13, -1.0102580422339978e-13, -2.139641046385983e-26, -1.029199734810185e-13, 1.0102580413391797e-13, 1.1976060269202193e-26, 1.0291997350374041e-13, -8.545412592202826e-14, -1.6673228281010416e-26, -6.977165233012829e-14, 8.545412605023326e-14, 1.0103168750322327e-27, 6.977165230843143e-14, 8.545412622542944e-14, -8.215817382391898e-27, -6.977165227957736e-14, -8.545412627775586e-14, 70.0, 6.97716522681629e-14, 0.035452428829309046, -1.0535075463265963e-13, -0.5938248460975525, -0.035452428507753014, 9.422777413667731e-14, 0.5938248462446839, -0.03545243012762342, -4.742118870104338e-14, -0.5938248464493154, 0.035452429621690124, 6.384406991318523e-14, 0.5938248462078007, 0.30530364462240583, -8.517140331223533e-14, 16.882369668481537, -0.3053036452051465, 6.599299496317813e-14, -16.88236966844389, -0.30530364580038527, -5.5485891461309115e-14, 16.8823696683587, 0.3053036458959919, 6.97716522681629e-14, 53.11763033173789]]}, {"__ndarray__": [[24], "float64", [9.938497650890428, 3.139724741841187, 0.14139132690177014, 1.639071330133634, 1.0465749139470624, 4.242266937059224, 7.427855820645304, 1.0465749139470624, 2.3332204588821983, 4.1497131603785755, 3.139724741841187, 2.0504378050787486, 1.3939353649589232, 3.139724741841187, 1.748401200850888, 10.183633616065036, 1.0465749139470624, 2.6352570631101084, 4.3948491255528745, 1.0465749139470624, 3.9402303328313404, 7.182719855471225, 3.139724741841187, 0.443427931129649]]}, {"__ndarray__": [[24], "float64", [0.0003037718974242159, -6.727802669330103e-16, -4.587611546047921e-05, -0.00030377189750487726, 9.595587606567776e-16, 4.587611546370048e-05, -0.00030377189449923585, 1.142655362176655e-15, -4.587611490759595e-05, 0.0003037718949576647, -6.779078090870659e-16, 4.587611510486198e-05, -0.0001180504829953093, -7.283737444074145e-16, -7.798511925324707e-05, 0.00011805048293011275, 4.380084682339871e-16, 7.798511921823438e-05, 0.00011805048543941455, 4.3092317101469643e-16, -7.798511898606875e-05, -0.00011805048575200001, -8.928146357479927e-16, 7.79851188205847e-05]]}, 0.2]