[{"__ndarray__": [[24, 24], "float64", [53.95348803810206, -2.375693828004802e-16, -0.1452400124177242, 16.04651196232519, -2.292704891781156e-15, 0.14524001242134366, 16.04651196274598, 1.679453008517128e-15, -0.1452400123181492, -16.04651196282212, 5.068431683089499e-15, 0.14524001231382622, -0.7705563920022713, 1.4053309988542881e-15, -0.011622660576162486, 0.770556392010179, -3.580034144816313e-16, 0.011622660567958826, 0.7705563924354677, -5.045677867813068e-15, -0.011622660496138526, -0.7705563927908357, -2.608411506378379e-15, 0.01162266050706992, -2.375693828004802e-16, 70.0, -1.0335720254709554e-16, 2.3756938285262274e-16, 5.300875015205097e-31, 1.033572024601273e-16, 2.375693829290058e-16, -2.1632814319533474e-31, -1.0335720247934859e-16, -2.3756938305316233e-16, -9.498603796654044e-31, 1.0335720247367691e-16, 1.0633866232971226e-16, -4.115812305093401e-31, -1.2489070402121577e-16, -1.0633866233689592e-16, -5.82071687211156e-32, 1.2489070411859638e-16, -1.0633866212979942e-16, 9.627110707954948e-31, -1.2489070405923386e-16, 1.0633866220241397e-16, 3.647802970047036e-31, 1.2489070401893436e-16, -0.1452400124177242, -1.0335720254709554e-16, 53.334642445013436, 0.14524001244586732, -1.0223795333601496e-15, 16.665357554982972, 0.14524001249325336, 1.1123332989290169e-15, -16.66535755497629, -0.14524001251688007, 1.5978130512663537e-15, 16.66535755498098, -0.1941854238661149, 8.284668694379916e-16, 0.6781379515929128, 0.19418542390369709, 1.7188688911660014e-16, -0.678137951576784, 0.19418542392896906, -1.5447743192668761e-15, 0.6781379515905358, -0.1941854239158581, -1.272884267810977e-15, -0.6781379515926519, 16.04651196232519, 2.3756938285262274e-16, 0.14524001244586732, 53.95348803724755, 2.2927048909900988e-15, -0.14524001244948664, -16.04651196317321, -1.679453009943383e-15, 0.1452400123462919, 16.046511963249348, -5.068431685323358e-15, -0.1452400123419696, 0.7705563913011071, -1.405330997754736e-15, 0.011622660493449066, -0.7705563913090137, 3.5800341458467664e-16, -0.011622660485246239, -0.770556391734304, 5.045677869973434e-15, 0.011622660413426689, 0.770556392089672, 2.608411507545925e-15, -0.011622660424358056, -2.292704891781156e-15, 5.300875015205097e-31, -1.0223795333601496e-15, 2.2927048909900988e-15, 70.0, 1.022379533351885e-15, 2.292704890119645e-15, -7.168730341828776e-30, -1.0223795335227427e-15, -2.2927048899540673e-15, -1.4815214699445708e-29, 1.0223795335358268e-15, 2.4120031948793737e-15, -3.707406000022788e-30, -1.2652591465475944e-15, -2.4120031948559137e-15, 1.38547269563359e-30, 1.2652591465471958e-15, -2.4120031957235353e-15, 1.451471932276485e-29, -1.265259146679536e-15, 2.4120031964264277e-15, 9.543714411328039e-30, 1.265259146662267e-15, 0.14524001242134366, 1.033572024601273e-16, 16.665357554982972, -0.14524001244948664, 1.022379533351885e-15, 53.33464244502064, -0.14524001249687216, -1.1123332989119518e-15, 16.66535755497269, 0.14524001252049823, -1.597813051127903e-15, -16.66535755497738, 0.19418542384372717, -8.2846686941095145e-16, -0.6781379516302837, -0.19418542388130777, -1.7188688903004184e-16, 0.6781379516141544, -0.19418542390658022, 1.5447743191078059e-15, -0.6781379516279071, 0.19418542389347046, 1.272884267753731e-15, 0.6781379516300224, 16.04651196274598, 2.375693829290058e-16, 0.14524001249325336, -16.04651196317321, 2.292704890119645e-15, -0.14524001249687216, 53.95348803640601, -1.6794530113003989e-15, 0.14524001239367765, 16.04651196367014, -5.06843168804604e-15, -0.1452400123893549, 0.7705563906705142, -1.4053309965752682e-15, 0.011622660546483282, -0.7705563906784215, 3.5800341470318524e-16, -0.011622660538281177, -0.7705563911037103, 5.045677872657475e-15, 0.011622660466459683, 0.770556391459079, 2.608411508744339e-15, -0.011622660477392244, 1.679453008517128e-15, -2.1632814319533474e-31, 1.1123332989290169e-15, -1.679453009943383e-15, -7.168730341828776e-30, -1.1123332989119518e-15, -1.6794530113003989e-15, 70.0, 1.1123332985581623e-15, 1.6794530116912148e-15, 1.7599438263485494e-29, -1.1123332985850165e-15, -3.345546104139378e-15, 2.793297755677144e-30, 1.2170788235601435e-15, 3.345546104132687e-15, -3.0387911320270157e-30, -1.2170788235205484e-15, 3.3455461025387532e-15, -1.6893561667079292e-29, 1.2170788232992706e-15, -3.3455461013631193e-15, -1.4067983735864415e-29, -1.2170788233248372e-15, -0.1452400123181492, -1.0335720247934859e-16, -16.66535755497629, 0.1452400123462919, -1.0223795335227427e-15, 16.66535755497269, 0.14524001239367765, 1.1123332985581623e-15, 53.33464244503402, -0.14524001241730478, 1.5978130506079377e-15, 16.66535755497069, -0.19418542401165556, 8.284668696692968e-16, 0.6781379516104206, 0.19418542404923714, 1.718868890988398e-16, -0.6781379515942914, 0.19418542407450784, -1.5447743186091965e-15, 0.6781379516080457, -0.19418542406139616, -1.2728842674630286e-15, -0.6781379516101593, -16.04651196282212, -2.3756938305316233e-16, -0.14524001251688007, 16.046511963249348, -2.2927048899540673e-15, 0.14524001252049823, 16.04651196367014, 1.6794530116912148e-15, -0.14524001241730478, 53.953488036253724, 5.068431688641522e-15, 0.1452400124129813, -0.7705563905010409, 1.4053309963595855e-15, -0.011622660561589254, 0.7705563905089472, -3.5800341462202487e-16, 0.011622660553386233, 0.7705563909342368, -5.045677873276062e-15, -0.011622660481567598, -0.7705563912896045, -2.6084115091158942e-15, 0.011622660492497383, 5.068431683089499e-15, -9.498603796654044e-31, 1.5978130512663537e-15, -5.068431685323358e-15, -1.4815214699445708e-29, -1.597813051127903e-15, -5.06843168804604e-15, 1.7599438263485494e-29, 1.5978130506079377e-15, 5.068431688641522e-15, 70.0, -1.5978130506300863e-15, -5.862453918643615e-15, 7.227717496356964e-30, 2.2390488376532202e-15, 5.8624539189407836e-15, -4.245713016703049e-30, -2.2390488377221276e-15, 5.8624539157592555e-15, -3.316907956637075e-29, 2.2390488373157586e-15, -5.862453913980578e-15, -2.3154674669221183e-29, -2.239048837297292e-15, 0.14524001231382622, 1.0335720247367691e-16, 16.66535755498098, -0.1452400123419696, 1.0223795335358268e-15, -16.66535755497738, -0.1452400123893549, -1.1123332985850165e-15, 16.66535755497069, 0.1452400124129813, -1.5978130506300863e-15, 53.3346424450246, 0.19418542401714184, -8.284668696742424e-16, -0.6781379516086038, -0.19418542405472472, -1.7188688908801658e-16, 0.6781379515924735, -0.19418542407999487, 1.5447743186128777e-15, -0.6781379516062255, 0.19418542406688558, 1.2728842674843594e-15, 0.6781379516083424, -0.7705563920022713, 1.0633866232971226e-16, -0.1941854238661149, 0.7705563913011071, 2.4120031948793737e-15, 0.19418542384372717, 0.7705563906705142, -3.345546104139378e-15, -0.19418542401165556, -0.7705563905010409, -5.862453918643615e-15, 0.19418542401714184, 53.577689848329015, -9.95246817777391e-16, -0.3024331001384232, 16.42231015167931, 9.417093212640299e-16, 0.30243310012948144, 16.422310150997514, 5.672161754816577e-15, -0.30243310026631554, -16.422310150459104, 4.312594584969034e-15, 0.30243310023901404, 1.4053309988542881e-15, -4.115812305093401e-31, 8.284668694379916e-16, -1.405330997754736e-15, -3.707406000022788e-30, -8.2846686941095145e-16, -1.4053309965752682e-15, 2.793297755677144e-30, 8.284668696692968e-16, 1.4053309963595855e-15, 7.227717496356964e-30, -8.284668696742424e-16, -9.95246817777391e-16, 70.0, 8.522556307574514e-16, 9.952468178031911e-16, -6.282650142697446e-32, -8.522556308043781e-16, 9.952468189596612e-16, -7.17920663948003e-30, 8.522556309602492e-16, -9.952468199843868e-16, -3.940900631078197e-30, -8.522556309293577e-16, -0.011622660576162486, -1.2489070402121577e-16, 0.6781379515929128, 0.011622660493449066, -1.2652591465475944e-15, -0.6781379516302837, 0.011622660546483282, 1.2170788235601435e-15, 0.6781379516104206, -0.011622660561589254, 2.2390488376532202e-15, -0.6781379516086038, -0.3024331001384232, 8.522556307574514e-16, 53.16545170815663, 0.30243310019508474, 3.1821462715144876e-17, 16.834548291836082, 0.3024331002501327, -2.1949687167994506e-15, -16.83454829184689, -0.30243310025437153, -1.4726280361071738e-15, 16.834548291832377, 0.770556392010179, -1.0633866233689592e-16, 0.19418542390369709, -0.7705563913090137, -2.4120031948559137e-15, -0.19418542388130777, -0.7705563906784215, 3.345546104132687e-15, 0.19418542404923714, 0.7705563905089472, 5.8624539189407836e-15, -0.19418542405472472, 16.42231015167931, 9.952468178031911e-16, 0.30243310019508474, 53.57768984831235, -9.417093212549917e-16, -0.30243310018614283, -16.42231015100585, -5.672161755096183e-15, 0.3024331003229791, 16.422310150467442, -4.312594585029939e-15, -0.3024331002956764, -3.580034144816313e-16, -5.82071687211156e-32, 1.7188688911660014e-16, 3.5800341458467664e-16, 1.38547269563359e-30, -1.7188688903004184e-16, 3.5800341470318524e-16, -3.0387911320270157e-30, 1.718868890988398e-16, -3.5800341462202487e-16, -4.245713016703049e-30, -1.7188688908801658e-16, 9.417093212640299e-16, -6.282650142697446e-32, 3.1821462715144876e-17, -9.417093212549917e-16, 70.0, -3.1821462823751795e-17, -9.417093212479618e-16, 4.020622270039557e-30, 3.1821462789604077e-17, 9.417093210226187e-16, 3.764107722200024e-30, -3.182146274396591e-17, 0.011622660567958826, 1.2489070411859638e-16, -0.678137951576784, -0.011622660485246239, 1.2652591465471958e-15, 0.6781379516141544, -0.011622660538281177, -1.2170788235205484e-15, -0.6781379515942914, 0.011622660553386233, -2.2390488377221276e-15, 0.6781379515924735, 0.30243310012948144, -8.522556308043781e-16, 16.834548291836082, -0.30243310018614283, -3.1821462823751795e-17, 53.16545170817121, -0.3024331002411891, 2.194968716927919e-15, 16.834548291839617, 0.30243310024542663, 1.4726280361424747e-15, -16.834548291825097, 0.7705563924354677, -1.0633866212979942e-16, 0.19418542392896906, -0.770556391734304, -2.4120031957235353e-15, -0.19418542390658022, -0.7705563911037103, 3.3455461025387532e-15, 0.19418542407450784, 0.7705563909342368, 5.8624539157592555e-15, -0.19418542407999487, 16.422310150997514, 9.952468189596612e-16, 0.3024331002501327, -16.42231015100585, -9.417093212479618e-16, -0.3024331002411891, 53.57768984967595, -5.672161751949216e-15, 0.3024331003780246, 16.422310149785645, -4.312594583519141e-15, -0.3024331003507257, -5.045677867813068e-15, 9.627110707954948e-31, -1.5447743192668761e-15, 5.045677869973434e-15, 1.451471932276485e-29, 1.5447743191078059e-15, 5.045677872657475e-15, -1.6893561667079292e-29, -1.5447743186091965e-15, -5.045677873276062e-15, -3.316907956637075e-29, 1.5447743186128777e-15, 5.672161754816577e-15, -7.17920663948003e-30, -2.1949687167994506e-15, -5.672161755096183e-15, 4.020622270039557e-30, 2.194968716927919e-15, -5.672161751949216e-15, 70.0, -2.194968716483843e-15, 5.6721617503074175e-15, 2.230844033275116e-29, 2.19496871645479e-15, -0.011622660496138526, -1.2489070405923386e-16, 0.6781379515905358, 0.011622660413426689, -1.265259146679536e-15, -0.6781379516279071, 0.011622660466459683, 1.2170788232992706e-15, 0.6781379516080457, -0.011622660481567598, 2.2390488373157586e-15, -0.6781379516062255, -0.30243310026631554, 8.522556309602492e-16, -16.83454829184689, 0.3024331003229791, 3.1821462789604077e-17, 16.834548291839617, 0.3024331003780246, -2.194968716483843e-15, 53.16545170814959, -0.30243310038226545, -1.4726280359063383e-15, 16.83454829183591, -0.7705563927908357, 1.0633866220241397e-16, -0.1941854239158581, 0.770556392089672, 2.4120031964264277e-15, 0.19418542389347046, 0.770556391459079, -3.3455461013631193e-15, -0.19418542406139616, -0.7705563912896045, -5.862453913980578e-15, 0.19418542406688558, -16.422310150459104, -9.952468199843868e-16, -0.30243310025437153, 16.422310150467442, 9.417093210226187e-16, 0.30243310024542663, 16.422310149785645, 5.6721617503074175e-15, -0.30243310038226545, 53.57768985075276, 4.312594582660953e-15, 0.3024331003549622, -2.608411506378379e-15, 3.647802970047036e-31, -1.272884267810977e-15, 2.608411507545925e-15, 9.543714411328039e-30, 1.272884267753731e-15, 2.608411508744339e-15, -1.4067983735864415e-29, -1.2728842674630286e-15, -2.6084115091158942e-15, -2.3154674669221183e-29, 1.2728842674843594e-15, 4.312594584969034e-15, -3.940900631078197e-30, -1.4726280361071738e-15, -4.312594585029939e-15, 3.764107722200024e-30, 1.4726280361424747e-15, -4.312594583519141e-15, 2.230844033275116e-29, -1.4726280359063383e-15, 4.312594582660953e-15, 70.0, 1.4726280359119037e-15, 0.01162266050706992, 1.2489070401893436e-16, -0.6781379515926519, -0.011622660424358056, 1.265259146662267e-15, 0.6781379516300224, -0.011622660477392244, -1.2170788233248372e-15, -0.6781379516101593, 0.011622660492497383, -2.239048837297292e-15, 0.6781379516083424, 0.30243310023901404, -8.522556309293577e-16, 16.834548291832377, -0.3024331002956764, -3.182146274396591e-17, -16.834548291825097, -0.3024331003507257, 2.19496871645479e-15, 16.83454829183591, 0.3024331003549622, 1.4726280359119037e-15, 53.16545170817862]]}, {"__ndarray__": [[24], "float64", [9.999912040027716, 3.1585442707633127, 0.1652396913203053, 1.6470529588642864, 1.0528480902544377, 4.244694246550481, 7.47053545831029, 1.0528480902544377, 2.3702066602556937, 4.176429540582071, 3.1585442707633127, 2.0397272776151434, 1.4199519455272462, 3.1585442707633127, 1.7188943409345199, 10.227013053365095, 1.0528480902544377, 2.691039596936288, 4.403530553918814, 1.0528480902544377, 3.923861309869902, 7.243434444973628, 3.1585442707633127, 0.4860726280009108]]}, {"__ndarray__": [[24], "float64", [-0.0009280496483473863, 3.598817860048086e-18, -0.00010313220242378837, 0.0009280496500730974, 8.693112329047293e-19, 0.00010313220243630473, 0.0009280496516760516, -8.219598329140404e-19, -0.00010313220204582444, -0.0009280496520769285, 1.1829844859199723e-17, 0.00010313220200491261, 0.001483432148353509, -2.921191356686408e-18, -4.764580569180117e-05, -0.0014834321483041411, -4.944442102794969e-18, 4.7645805684474346e-05, -0.001483432146602995, -1.4487680845907524e-17, -4.764580539957355e-05, 0.0014834321452287934, -1.0593102316563757e-18, 4.7645805435289883e-05]]}, 0.2]