atom_pair_direct: [7.971562153990682e-06, 7.958385496480063e-06, 7.951444535946293e-06]
finite_differences_1e-03: [0.00011989605293287982, 0.00012088938940858632, 0.00012091899653360425]
strain_direct: [8.067563901595013e-06, 8.063343435087181e-06, 8.039384917841138e-06]
strain_graph: [8.01679937972545e-06, 7.98930082183452e-06, 7.979444179336833e-06]
strain_system: [8.242909564783244e-06, 8.181869910778779e-06, 8.167322568355034e-06]
unfolded_direct_unfolded: [3.487906667133858e-05, 3.48749865751651e-05, 3.487390206835159e-05]
unfolded_strain_unfolded: [3.493712401379728e-05, 3.488871472331488e-05, 3.489603936692152e-05]
