atom_pair_direct: [1.489319089674973e-05, 1.4894089505745797e-05, 1.4893938964756672e-05]
finite_differences_1e-04: [0.00018503881701201316, 0.00018496257948200217, 0.00018495212948249536]
strain_direct: [1.4862407328764676e-05, 1.486238061124459e-05, 1.4863479736755836e-05]
strain_graph: [1.481881817773683e-05, 1.4820129614498e-05, 1.482340236424352e-05]
strain_system: [1.5079091605497524e-05, 1.5029983543994603e-05, 1.5030255148769356e-05]
unfolded_direct_unfolded: [4.625434678950114e-05, 4.625229064101586e-05, 4.62544062397501e-05]
unfolded_strain_unfolded: [4.634707665248425e-05, 4.6344937510002636e-05, 4.63465778772661e-05]
