atom_pair_direct: [1.5353892525411085e-05, 1.5353344977029338e-05, 1.5350623257347706e-05]
finite_differences_1e-04: [0.0001944628254301506, 0.00019447875917580858, 0.00019443146277779987]
strain_direct: [1.5264525228019465e-05, 1.5264535816413626e-05, 1.5262049417970046e-05]
strain_graph: [1.5245200316371665e-05, 1.5247978755382975e-05, 1.52466216923699e-05]
strain_system: [1.5300396380382607e-05, 1.5242138551286643e-05, 1.5238647451155884e-05]
unfolded_direct_unfolded: [5.7434923102562155e-05, 5.743394058305285e-05, 5.7433236660642706e-05]
unfolded_strain_unfolded: [5.744897165135398e-05, 5.7449163094247524e-05, 5.7448017889157654e-05]
