atom_pair_direct: [6.8431172790005805e-06, 6.839712757762754e-06, 6.837972257490037e-06]
finite_differences_1e-03: [8.796520798775601e-05, 8.794079379999312e-05, 8.792842021727119e-05]
strain_direct: [6.888381018477957e-06, 6.883066118258284e-06, 6.8813077837694435e-06]
strain_graph: [6.907967751001706e-06, 6.903086814738344e-06, 6.898819880763767e-06]
strain_system: [6.972253113257466e-06, 6.950696976738982e-06, 6.947076176002156e-06]
unfolded_direct_unfolded: [1.9631812701758462e-05, 1.9624286038510037e-05, 1.9621250047523063e-05]
unfolded_strain_unfolded: [1.963748660022975e-05, 1.963041959700058e-05, 1.962642064623651e-05]
