atom_pair_direct: [1.602841635313881e-05, 1.6101215913227795e-05, 1.6099575590218323e-05]
finite_differences_1e-04: [0.0002171581936307592, 0.0002168158064502037, 0.0002178310950474514]
strain_direct: [1.6197239135416802e-05, 1.626545594330377e-05, 1.6262066761555615e-05]
strain_graph: [1.6311123660772056e-05, 1.6235384033481952e-05, 1.6236870473356382e-05]
strain_system: [1.6657547563631345e-05, 1.649560256595982e-05, 1.6491590894643364e-05]
unfolded_direct_unfolded: [8.409259555210829e-05, 8.414665628596493e-05, 8.415493310180696e-05]
unfolded_strain_unfolded: [8.416550510527386e-05, 8.419295893637118e-05, 8.418110048377356e-05]
