atom_pair_direct: [7.03109040085792e-06, 7.016861040995081e-06, 7.026048122554585e-06]
finite_differences_1e-03: [9.486232459323673e-05, 9.49232908813542e-05, 9.496094794286591e-05]
strain_direct: [7.087643928230136e-06, 7.077414520040293e-06, 7.078036173822966e-06]
strain_graph: [7.052850482466511e-06, 7.0423544203777055e-06, 7.040981680177083e-06]
strain_system: [7.160865501020908e-06, 7.112999435094025e-06, 7.111997304207307e-06]
unfolded_direct_unfolded: [2.464009858300642e-05, 2.462148311622059e-05, 2.4639689703633394e-05]
unfolded_strain_unfolded: [2.4670592695827055e-05, 2.4643016705113043e-05, 2.4644415347609083e-05]
