[{"__ndarray__": [[24, 24], "float64", [53.9609678635452, 8.684393590219191e-15, -0.19596097313827726, 16.039032136552997, 1.1643692851597196e-13, 0.19596097321419786, 16.039032136786087, 3.8663903788886875e-14, -0.1959609731872806, -16.039032136766206, 1.0976671772645509e-13, 0.19596097312417204, -0.8496480250696938, -1.211695880242669e-13, -0.06928897941174678, 0.8496480252065346, -2.9708957376897545e-14, 0.06928897934322673, 0.8496480253624883, -9.137704894788204e-14, -0.06928897939595821, -0.8496480254762364, -3.2229755631989495e-14, 0.06928897938752485, 8.684393590219191e-15, 70.0, 2.6253729478864873e-14, -8.684393597013142e-15, 1.5265784480735853e-26, -2.625372947858052e-14, -8.684393719803706e-15, -1.5355278145039529e-27, 2.6253729498390518e-14, 8.684393683383126e-15, 2.2757941333274916e-26, -2.6253729490809328e-14, -9.05351656353486e-14, -1.648045996027993e-26, 3.191994049002102e-14, 9.053516567258279e-14, -1.2256654957539088e-26, -3.1919940545375474e-14, 9.053516559268836e-14, -2.010774649531496e-26, 3.1919940511613004e-14, -9.053516553852856e-14, 3.132244027379517e-27, -3.1919940500725063e-14, -0.19596097313827726, 2.6253729478864873e-14, 53.301797524781605, 0.19596097302693102, 3.368011103621521e-14, 16.69820247536164, 0.19596097297340617, 7.103001339944461e-14, -16.698202475438265, -0.19596097314863792, -7.062287914294172e-14, 16.698202475326003, -0.19056259623453436, -8.61691890258614e-15, 0.6303759478356137, 0.19056259599747083, -3.126664781552639e-14, -0.6303759478210963, 0.19056259608319204, 4.2564010739958005e-14, 0.6303759478982012, -0.19056259640395024, -6.110790224406066e-14, -0.6303759478812938, 16.039032136552997, -8.684393597013142e-15, 0.19596097302693102, 53.960967863348785, -1.164369284743194e-13, -0.19596097310285152, -16.0390321368843, -3.866390377289134e-14, 0.19596097307593408, 16.03903213686442, -1.0976671777566186e-13, -0.1959609730128259, 0.8496480247990176, 1.2116958800583012e-13, 0.06928897968693842, -0.849648024935857, 2.9708957382417337e-14, -0.06928897961841744, -0.8496480250918116, 9.13770489677471e-14, 0.06928897967114823, 0.849648025205559, 3.222975562220315e-14, -0.0692889796627155, 1.1643692851597196e-13, 1.5265784480735853e-26, 3.368011103621521e-14, -1.164369284743194e-13, 70.0, -3.368011113261335e-14, -1.1643692886286548e-13, 8.054022268022994e-27, 3.368011109898941e-14, 1.1643692880342555e-13, 8.065905206213127e-26, -3.368011103364246e-14, -1.93032725685057e-13, -5.357147657343475e-26, 9.651923107539067e-14, 1.9303272589856482e-13, -2.626272493431855e-26, -9.651923103895878e-14, 1.9303272544338582e-13, -6.891066988428338e-26, 9.65192309771667e-14, -1.9303272552286851e-13, -4.862232873068286e-27, -9.651923104225732e-14, 0.19596097321419786, -2.625372947858052e-14, 16.69820247536164, -0.19596097310285152, -3.368011113261335e-14, 53.301797524495115, -0.1959609730493266, -7.103001341737763e-14, 16.698202475581535, 0.19596097322455863, 7.062287915331631e-14, -16.698202475469255, 0.1905625957987619, 8.616919000217547e-15, -0.6303759482257855, -0.1905625955617007, 3.1266647823002515e-14, 0.6303759482112675, -0.19056259564741923, -4.256401077508779e-14, -0.6303759482883747, 0.1905625959681781, 6.110790227675814e-14, 0.6303759482714667, 16.039032136786087, -8.684393719803706e-15, 0.19596097297340617, -16.0390321368843, -1.1643692886286548e-13, -0.1959609730493266, 53.960967862882605, -3.866390384767014e-14, 0.19596097302240945, 16.039032137097507, -1.0976671744381022e-13, -0.19596097295930104, 0.8496480242375626, 1.2116958832102693e-13, 0.06928897973927921, -0.8496480243744021, 2.970895754791533e-14, -0.06928897967075764, -0.8496480245303573, 9.137704865167684e-14, 0.06928897972348991, 0.849648024644105, 3.22297557048498e-14, -0.0692889797150563, 3.8663903788886875e-14, -1.5355278145039529e-27, 7.103001339944461e-14, -3.866390377289134e-14, 8.054022268022994e-27, -7.103001341737763e-14, -3.866390384767014e-14, 70.0, 7.103001339814866e-14, 3.866390382425126e-14, 1.8821838604143595e-28, -7.103001338144957e-14, -6.580399405362518e-15, -5.5410167716218395e-27, 7.316794631362331e-14, 6.580399544812174e-15, -2.772133103455934e-28, -7.31679463036896e-14, 6.580399399415239e-15, -1.3470280523428964e-27, 7.31679462713824e-14, -6.580399487869745e-15, -1.334458395061555e-26, -7.316794629528165e-14, -0.1959609731872806, 2.6253729498390518e-14, -16.698202475438265, 0.19596097307593408, 3.368011109898941e-14, 16.698202475581535, 0.19596097302240945, 7.103001339814866e-14, 53.30179752434184, -0.19596097319764114, -7.062287916920559e-14, 16.698202475545887, -0.1905625958496121, -8.616918965895976e-15, 0.6303759482623316, 0.19056259561254846, -3.126664783665275e-14, -0.6303759482478165, 0.19056259569826778, 4.256401078393362e-14, 0.6303759483249218, -0.19056259601902759, -6.110790225792537e-14, -0.630375948308014, -16.039032136766206, 8.684393683383126e-15, -0.19596097314863792, 16.03903213686442, 1.1643692880342555e-13, 0.19596097322455863, 16.039032137097507, 3.866390382425126e-14, -0.19596097319764114, 53.960967862922374, 1.0976671768814197e-13, 0.19596097313453306, -0.8496480240762048, -1.2116958831495737e-13, -0.06928897933627276, 0.8496480242130452, -2.970895750153517e-14, 0.06928897926775252, 0.8496480243689999, -9.137704883179048e-14, -0.0692889793204845, -0.8496480244827478, -3.222975570552802e-14, 0.06928897931205086, 1.0976671772645509e-13, 2.2757941333274916e-26, -7.062287914294172e-14, -1.0976671777566186e-13, 8.065905206213127e-26, 7.062287915331631e-14, -1.0976671744381022e-13, 1.8821838604143595e-28, -7.062287916920559e-14, 1.0976671768814197e-13, 70.0, 7.062287911042888e-14, -2.366219768341383e-13, -9.347899854014661e-26, 8.38561755839052e-14, 2.366219764788427e-13, -4.1966652185968085e-26, -8.385617555584901e-14, 2.366219768939347e-13, -1.3936468097479296e-25, 8.38561756294153e-14, -2.366219766490159e-13, 3.309055323671062e-27, -8.385617559600752e-14, 0.19596097312417204, -2.6253729490809328e-14, 16.698202475326003, -0.1959609730128259, -3.368011103364246e-14, -16.698202475469255, -0.19596097295930104, -7.103001338144957e-14, 16.698202475545887, 0.19596097313453306, 7.062287911042888e-14, 53.301797524566375, 0.1905625961622111, 8.616918909414532e-15, -0.6303759480245847, -0.1905625959251487, 3.126664782237374e-14, 0.6303759480100694, -0.19056259601086928, -4.256401072149599e-14, -0.6303759480871749, 0.19056259633162867, 6.110790223702163e-14, 0.6303759480702668, -0.8496480250696938, -9.05351656353486e-14, -0.19056259623453436, 0.8496480247990176, -1.93032725685057e-13, 0.1905625957987619, 0.8496480242375626, -6.580399405362518e-15, -0.1905625958496121, -0.8496480240762048, -2.366219768341383e-13, 0.1905625961622111, 53.80668438699967, 2.0354420580228454e-13, -0.26665635962910417, 16.193315612850366, 1.2724173166752962e-13, 0.26665635982247193, 16.193315612306275, 2.0888330809120772e-13, -0.26665635981514807, -16.193315611611652, -1.2089762331094446e-14, 0.26665635975925195, -1.211695880242669e-13, -1.648045996027993e-26, -8.61691890258614e-15, 1.2116958800583012e-13, -5.357147657343475e-26, 8.616919000217547e-15, 1.2116958832102693e-13, -5.5410167716218395e-27, -8.616918965895976e-15, -1.2116958831495737e-13, -9.347899854014661e-26, 8.616918909414532e-15, 2.0354420580228454e-13, 70.0, -8.505959472477322e-14, -2.0354420591367647e-13, 2.854268681445383e-26, 8.505959468266712e-14, -2.0354420556415733e-13, 7.919583757132224e-26, -8.505959464059358e-14, 2.035442055695966e-13, 2.3546525180094104e-27, 8.50595946956148e-14, -0.06928897941174678, 3.191994049002102e-14, 0.6303759478356137, 0.06928897968693842, 9.651923107539067e-14, -0.6303759482257855, 0.06928897973927921, 7.316794631362331e-14, 0.6303759482623316, -0.06928897933627276, 8.38561755839052e-14, -0.6303759480245847, -0.26665635962910417, -8.505959472477322e-14, 53.140907563803594, 0.26665635978088803, -5.324983954054584e-14, 16.85909243624266, 0.26665635967330387, -8.302052989014494e-14, -16.859092436314548, -0.26665635897528317, -6.295173381984316e-14, 16.859092436287106, 0.8496480252065346, 9.053516567258279e-14, 0.19056259599747083, -0.849648024935857, 1.9303272589856482e-13, -0.1905625955617007, -0.8496480243744021, 6.580399544812174e-15, 0.19056259561254846, 0.8496480242130452, 2.366219764788427e-13, -0.1905625959251487, 16.193315612850366, -2.0354420591367647e-13, 0.26665635978088803, 53.806684387299576, -1.272417317351824e-13, -0.2666563599742541, -16.193315612156326, -2.0888330784116726e-13, 0.2666563599669319, 16.19331561146171, 1.208976223138586e-14, -0.2666563599110348, -2.9708957376897545e-14, -1.2256654957539088e-26, -3.126664781552639e-14, 2.9708957382417337e-14, -2.626272493431855e-26, 3.1266647823002515e-14, 2.970895754791533e-14, -2.772133103455934e-28, -3.126664783665275e-14, -2.970895750153517e-14, -4.1966652185968085e-26, 3.126664782237374e-14, 1.2724173166752962e-13, 2.854268681445383e-26, -5.324983954054584e-14, -1.272417317351824e-13, 70.0, 5.3249839587649995e-14, -1.272417315970697e-13, 3.640308724191411e-26, -5.324983954744845e-14, 1.272417315761973e-13, -1.9468350681046304e-27, 5.324983954415371e-14, 0.06928897934322673, -3.1919940545375474e-14, -0.6303759478210963, -0.06928897961841744, -9.651923103895878e-14, 0.6303759482112675, -0.06928897967075764, -7.31679463036896e-14, -0.6303759482478165, 0.06928897926775252, -8.385617555584901e-14, 0.6303759480100694, 0.26665635982247193, 8.505959468266712e-14, 16.85909243624266, -0.2666563599742541, 5.3249839587649995e-14, 53.140907563711124, -0.26665635986666864, 8.302052987550932e-14, 16.859092436360807, 0.266656359168648, 6.295173381053686e-14, -16.85909243633336, 0.8496480253624883, 9.053516559268836e-14, 0.19056259608319204, -0.8496480250918116, 1.9303272544338582e-13, -0.19056259564741923, -0.8496480245303573, 6.580399399415239e-15, 0.19056259569826778, 0.8496480243689999, 2.366219768939347e-13, -0.19056259601086928, 16.193315612306275, -2.0354420556415733e-13, 0.26665635967330387, -16.193315612156326, -1.272417315970697e-13, -0.26665635986666864, 53.806684388387794, -2.088833082026322e-13, 0.2666563598593452, 16.19331561091761, 1.2089762361416441e-14, -0.2666563598034496, -9.137704894788204e-14, -2.010774649531496e-26, 4.2564010739958005e-14, 9.13770489677471e-14, -6.891066988428338e-26, -4.256401077508779e-14, 9.137704865167684e-14, -1.3470280523428964e-27, 4.256401078393362e-14, -9.137704883179048e-14, -1.3936468097479296e-25, -4.256401072149599e-14, 2.0888330809120772e-13, 7.919583757132224e-26, -8.302052989014494e-14, -2.0888330784116726e-13, 3.640308724191411e-26, 8.302052987550932e-14, -2.088833082026322e-13, 70.0, -8.302052993490411e-14, 2.088833080564965e-13, -1.873424156161945e-27, 8.302052990317875e-14, -0.06928897939595821, 3.1919940511613004e-14, 0.6303759478982012, 0.06928897967114823, 9.65192309771667e-14, -0.6303759482883747, 0.06928897972348991, 7.31679462713824e-14, 0.6303759483249218, -0.0692889793204845, 8.38561756294153e-14, -0.6303759480871749, -0.26665635981514807, -8.505959464059358e-14, -16.859092436314548, 0.2666563599669319, -5.324983954744845e-14, 16.859092436360807, 0.2666563598593452, -8.302052993490411e-14, 53.140907563567296, -0.26665635916132474, -6.295173378071803e-14, 16.859092436405263, -0.8496480254762364, -9.053516553852856e-14, -0.19056259640395024, 0.849648025205559, -1.9303272552286851e-13, 0.1905625959681781, 0.849648024644105, -6.580399487869745e-15, -0.19056259601902759, -0.8496480244827478, -2.366219766490159e-13, 0.19056259633162867, -16.193315611611652, 2.035442055695966e-13, -0.26665635897528317, 16.19331561146171, 1.272417315761973e-13, 0.266656359168648, 16.19331561091761, 2.088833080564965e-13, -0.26665635916132474, 53.806684389777026, -1.2089762335623315e-14, 0.2666563591054292, -3.2229755631989495e-14, 3.132244027379517e-27, -6.110790224406066e-14, 3.222975562220315e-14, -4.862232873068286e-27, 6.110790227675814e-14, 3.22297557048498e-14, -1.334458395061555e-26, -6.110790225792537e-14, -3.222975570552802e-14, 3.309055323671062e-27, 6.110790223702163e-14, -1.2089762331094446e-14, 2.3546525180094104e-27, -6.295173381984316e-14, 1.208976223138586e-14, -1.9468350681046304e-27, 6.295173381053686e-14, 1.2089762361416441e-14, -1.873424156161945e-27, -6.295173378071803e-14, -1.2089762335623315e-14, 70.0, 6.295173380471434e-14, 0.06928897938752485, -3.1919940500725063e-14, -0.6303759478812938, -0.0692889796627155, -9.651923104225732e-14, 0.6303759482714667, -0.0692889797150563, -7.316794629528165e-14, -0.630375948308014, 0.06928897931205086, -8.385617559600752e-14, 0.6303759480702668, 0.26665635975925195, 8.50595946956148e-14, 16.859092436287106, -0.2666563599110348, 5.324983954415371e-14, -16.85909243633336, -0.2666563598034496, 8.302052990317875e-14, 16.859092436405263, 0.2666563591054292, 6.295173380471434e-14, 53.140907563622164]]}, {"__ndarray__": [[24], "float64", [9.967198430408951, 3.1491345063022496, 0.14369649417471683, 1.6450685595492636, 1.04971150210075, 4.253099606741124, 7.451202054528341, 1.04971150210075, 2.3420945446327366, 4.1610649354299065, 3.1491345063022496, 2.0547015562832156, 1.4042918810044762, 3.1491345063022496, 1.743319034832649, 10.207975108953736, 1.04971150210075, 2.6534770660832643, 4.401841613974602, 1.04971150210075, 3.9417170852905845, 7.2104253759837045, 3.1491345063022496, 0.45507901562531916]]}, {"__ndarray__": [[24], "float64", [-0.00013686505726270904, 4.908610643144477e-16, 6.545053763305634e-05, 0.00013686505753932794, -5.891594403299427e-16, -6.545053735142615e-05, 0.0001368650579769018, -6.714668196573161e-16, 6.545053744088107e-05, -0.00013686505810185548, 6.925394527950938e-16, -6.545053763350791e-05, 0.0003904777412759718, 4.063403632619883e-16, -7.198268077488303e-07, -0.0003904777410646729, -3.550884851640461e-16, 7.198266309480904e-07, -0.0003904777406634032, -4.844863277444974e-16, -7.19826621165009e-07, 0.0003904777403004548, 5.095600508589404e-16, 7.198267089619662e-07]]}, 0.2]