[{"__ndarray__": [[24, 24], "float64", [53.88547427035988, 5.391560238262516e-15, -0.19750109500147092, 16.11452572923495, 1.3382615686454934e-15, 0.19750109518116524, 16.114525729495256, -3.2035847638139648e-15, -0.1975010951226408, -16.114525729597982, 3.1205679898279263e-15, 0.19750109509600736, -0.7156901895201213, -4.140118793136806e-16, -0.0685716102833277, 0.7156901896756138, -3.692703134238116e-15, 0.06857161009108537, 0.7156901899049445, -3.3785418366866492e-15, -0.06857161020444154, -0.715690189530282, 1.150989482933923e-15, 0.06857161022468534, 5.391560238262516e-15, 70.0, -5.311946128045968e-16, -5.391560234909749e-15, 3.5889246338403215e-29, 5.311946110743436e-16, -5.39156023704565e-15, -4.439159178342671e-29, -5.311946116283038e-16, 5.391560238123779e-15, 5.211249626158442e-29, 5.311946121022621e-16, -1.000548427461438e-14, -1.9036221193815583e-29, 1.2245292862013116e-15, 1.0005484273349418e-14, -8.12343166493348e-29, -1.2245292847578356e-15, 1.0005484271606116e-14, -5.472126303591533e-29, 1.2245292851617395e-15, -1.0005484273846486e-14, 1.5777624705176423e-31, -1.2245292856395798e-15, -0.19750109500147092, -5.311946128045968e-16, 53.332050136228766, 0.19750109494127194, 3.1766617239833525e-16, 16.66794986380918, 0.19750109496364446, -1.153325984287577e-15, -16.66794986380431, -0.19750109494518953, -4.0538889916529525e-16, 16.667949863811124, -0.21016120589934978, 3.2527076724937314e-16, 0.658226713082367, 0.21016120590435447, 3.623883126392518e-16, -0.6582267131171967, 0.21016120595184684, 6.814345309642676e-16, 0.6582267130875604, -0.2101612059352844, 1.562536359026823e-15, -0.6582267130922758, 16.11452572923495, -5.391560234909749e-15, 0.19750109494127194, 53.88547427117023, -1.3382615669901551e-15, -0.19750109512096642, -16.114525729090087, 3.2035847638150724e-15, 0.1975010950624421, 16.114525729192817, -3.120567988034855e-15, -0.19750109503580837, 0.7156901904201199, 4.140118782553192e-16, 0.06857161043163883, -0.7156901905756099, 3.6927031309773e-15, -0.06857161023939683, -0.7156901908049428, 3.378541834923447e-15, 0.06857161035275344, 0.7156901904302796, -1.1509894826939555e-15, -0.06857161037299857, 1.3382615686454934e-15, 3.5889246338403215e-29, 3.1766617239833525e-16, -1.3382615669901551e-15, 70.0, -3.1766617300490933e-16, -1.3382615682551595e-15, -1.7611660936738676e-29, 3.176661728184228e-16, 1.3382615683967718e-15, 1.5671850651249352e-29, -3.1766617290305353e-16, -3.3324656222946515e-15, -6.780988985457847e-30, 5.071982986188017e-16, 3.3324656217714786e-15, -2.659762727512103e-29, -5.07198297883821e-16, 3.3324656206027275e-15, -1.4933878893581872e-29, 5.071982985107987e-16, -3.3324656223098986e-15, 3.068756867834756e-30, -5.071982984599946e-16, 0.19750109518116524, 5.311946110743436e-16, 16.66794986380918, -0.19750109512096642, -3.1766617300490933e-16, 53.332050136152866, -0.19750109514333875, 1.1533259842163293e-15, 16.66794986384227, 0.19750109512488415, 4.0538889800993967e-16, -16.66794986384909, 0.21016120550066716, -3.252707668768056e-16, -0.6582267131265853, -0.21016120550567083, -3.6238831090260623e-16, 0.6582267131614158, -0.21016120555316317, -6.814345298133772e-16, -0.6582267131317787, 0.21016120553660084, -1.5625363590206856e-15, 0.6582267131364965, 16.114525729495256, -5.39156023704565e-15, 0.19750109496364446, -16.114525729090087, -1.3382615682551595e-15, -0.19750109514333875, 53.88547427064963, 3.203584764242505e-15, 0.19750109508481462, 16.11452572945312, -3.1205679890957253e-15, -0.1975010950581807, 0.7156901899825099, 4.140118789395943e-16, 0.06857161050886443, -0.7156901901380022, 3.692703133083527e-15, -0.0685716103166229, -0.7156901903673341, 3.3785418358990702e-15, 0.06857161042997745, 0.7156901899926719, -1.1509894832161945e-15, -0.06857161045022248, -3.2035847638139648e-15, -4.439159178342671e-29, -1.153325984287577e-15, 3.2035847638150724e-15, -1.7611660936738676e-29, 1.1533259842163293e-15, 3.203584764242505e-15, 70.0, -1.1533259844596816e-15, -3.2035847641209816e-15, -1.6999368727571404e-29, 1.1533259846584125e-15, 4.959757984219364e-15, 9.741919192157162e-30, -2.2032791854147838e-16, -4.959757984666159e-15, 3.408932640369989e-29, 2.203279181817659e-16, -4.9597579832281745e-15, 1.0711204037474179e-29, -2.2032791882698292e-16, 4.9597579842896484e-15, -1.688091037698052e-29, 2.2032791861723624e-16, -0.1975010951226408, -5.311946116283038e-16, -16.66794986380431, 0.1975010950624421, 3.176661728184228e-16, 16.66794986384227, 0.19750109508481462, -1.1533259844596816e-15, 53.332050136162614, -0.19750109506635935, -4.053888985225444e-16, 16.667949863844214, -0.21016120563016516, 3.2527076699319973e-16, 0.6582267130991344, 0.21016120563516802, 3.623883114616713e-16, -0.6582267131339627, 0.21016120568266272, 6.814345304105049e-16, 0.6582267131043263, -0.21016120566609717, 1.5625363592323281e-15, -0.6582267131090414, -16.114525729597982, 5.391560238123779e-15, -0.19750109494518953, 16.114525729192817, 1.3382615683967718e-15, 0.19750109512488415, 16.11452572945312, -3.2035847641209816e-15, -0.19750109506635935, 53.885474270444135, 3.1205679900320393e-15, 0.19750109503972615, -0.7156901897484563, -4.1401187914134823e-16, -0.06857161039737418, 0.715690189903947, -3.69270313408834e-15, 0.06857161020513214, 0.71569019013328, -3.3785418367691337e-15, -0.06857161031848902, -0.7156901897586161, 1.150989483071937e-15, 0.06857161033873316, 3.1205679898279263e-15, 5.211249626158442e-29, -4.0538889916529525e-16, -3.120567988034855e-15, 1.5671850651249352e-29, 4.0538889800993967e-16, -3.1205679890957253e-15, -1.6999368727571404e-29, -4.053888985225444e-16, 3.1205679900320393e-15, 70.0, 4.053888992054076e-16, -4.7127402434117565e-15, -7.706638351012417e-30, 8.460807749905229e-16, 4.712740242127724e-15, -3.721629921427041e-29, -8.460807746671117e-16, 4.712740242592453e-15, -2.9181323760917477e-29, 8.46080773784456e-16, -4.712740242323816e-15, -3.0400009498251242e-30, -8.460807745362929e-16, 0.19750109509600736, 5.311946121022621e-16, 16.667949863811124, -0.19750109503580837, -3.1766617290305353e-16, -16.66794986384909, -0.1975010950581807, 1.1533259846584125e-15, 16.667949863844214, 0.19750109503972615, 4.053888992054076e-16, 53.332050136148965, 0.21016120564104784, -3.2527076698832403e-16, -0.6582267131306649, -0.21016120564605129, -3.6238831188891957e-16, 0.6582267131654946, -0.21016120569354368, -6.814345310857535e-16, -0.658226713135857, 0.2101612056769804, -1.5625363594594384e-15, 0.658226713140574, -0.7156901895201213, -1.000548427461438e-14, -0.21016120589934978, 0.7156901904201199, -3.3324656222946515e-15, 0.21016120550066716, 0.7156901899825099, 4.959757984219364e-15, -0.21016120563016516, -0.7156901897484563, -4.7127402434117565e-15, 0.21016120564104784, 53.55479215693185, 1.5338176138447722e-15, -0.2992795419527683, 16.445207842785543, 7.257986163970197e-15, 0.2992795423740264, 16.445207842245587, 4.786007968089928e-15, -0.2992795420930287, -16.44520784296519, -1.061004217998871e-15, 0.29927954207563057, -4.140118793136806e-16, -1.9036221193815583e-29, 3.2527076724937314e-16, 4.140118782553192e-16, -6.780988985457847e-30, -3.252707668768056e-16, 4.140118789395943e-16, 9.741919192157162e-30, 3.2527076699319973e-16, -4.1401187914134823e-16, -7.706638351012417e-30, -3.2527076698832403e-16, 1.5338176138447722e-15, 70.0, 2.9134753095868643e-16, -1.5338176135462483e-15, 1.4414275106508885e-29, -2.9134753138697114e-16, -1.533817612594738e-15, 6.620859561368824e-30, 2.9134753102831534e-16, 1.5338176137844487e-15, -1.6261786494713246e-30, -2.9134753105018433e-16, -0.0685716102833277, 1.2245292862013116e-15, 0.658226713082367, 0.06857161043163883, 5.071982986188017e-16, -0.6582267131265853, 0.06857161050886443, -2.2032791854147838e-16, 0.6582267130991344, -0.06857161039737418, 8.460807749905229e-16, -0.6582267131306649, -0.2992795419527683, 2.9134753095868643e-16, 53.17513160522496, 0.2992795419512492, -7.165067720772657e-16, 16.82486839483271, 0.299279541862177, -1.326920666847829e-15, -16.824868394776473, -0.2992795418693799, 8.691923074560025e-17, 16.82486839478854, 0.7156901896756138, 1.0005484273349418e-14, 0.21016120590435447, -0.7156901905756099, 3.3324656217714786e-15, -0.21016120550567083, -0.7156901901380022, -4.959757984666159e-15, 0.21016120563516802, 0.715690189903947, 4.712740242127724e-15, -0.21016120564605129, 16.445207842785543, -1.5338176135462483e-15, 0.2992795419512492, 53.55479215749707, -7.25798616267019e-15, -0.29927954237250914, -16.445207841962976, -4.786007966781196e-15, 0.29927954209151064, 16.445207842682578, 1.0610042182846808e-15, -0.2992795420741102, -3.692703134238116e-15, -8.12343166493348e-29, 3.623883126392518e-16, 3.6927031309773e-15, -2.659762727512103e-29, -3.6238831090260623e-16, 3.692703133083527e-15, 3.408932640369989e-29, 3.623883114616713e-16, -3.69270313408834e-15, -3.721629921427041e-29, -3.6238831188891957e-16, 7.257986163970197e-15, 1.4414275106508885e-29, -7.165067720772657e-16, -7.25798616267019e-15, 70.0, 7.165067706250489e-16, -7.257986161193223e-15, 3.811311797936883e-29, -7.1650677105062e-16, 7.257986163244924e-15, -1.5971883222306455e-30, 7.165067715053232e-16, 0.06857161009108537, -1.2245292847578356e-15, -0.6582267131171967, -0.06857161023939683, -5.07198297883821e-16, 0.6582267131614158, -0.0685716103166229, 2.203279181817659e-16, -0.6582267131339627, 0.06857161020513214, -8.460807746671117e-16, 0.6582267131654946, 0.2992795423740264, -2.9134753138697114e-16, 16.82486839483271, -0.29927954237250914, 7.165067706250489e-16, 53.175131605109605, -0.29927954228343345, 1.3269206665892924e-15, 16.824868394834144, 0.2992795422906347, -8.691923034848284e-17, -16.824868394846217, 0.7156901899049445, 1.0005484271606116e-14, 0.21016120595184684, -0.7156901908049428, 3.3324656206027275e-15, -0.21016120555316317, -0.7156901903673341, -4.9597579832281745e-15, 0.21016120568266272, 0.71569019013328, 4.712740242592453e-15, -0.21016120569354368, 16.445207842245587, -1.533817612594738e-15, 0.299279541862177, -16.445207841962976, -7.257986161193223e-15, -0.29927954228343345, 53.55479215857696, -4.786007967673352e-15, 0.29927954200243556, 16.445207842142622, 1.0610042172759904e-15, -0.29927954198503615, -3.3785418366866492e-15, -5.472126303591533e-29, 6.814345309642676e-16, 3.378541834923447e-15, -1.4933878893581872e-29, -6.814345298133772e-16, 3.3785418358990702e-15, 1.0711204037474179e-29, 6.814345304105049e-16, -3.3785418367691337e-15, -2.9181323760917477e-29, -6.814345310857535e-16, 4.786007968089928e-15, 6.620859561368824e-30, -1.326920666847829e-15, -4.786007966781196e-15, 3.811311797936883e-29, 1.3269206665892924e-15, -4.786007967673352e-15, 70.0, -1.3269206656316803e-15, 4.786007967113115e-15, 9.439792669411911e-30, 1.3269206663874176e-15, -0.06857161020444154, 1.2245292851617395e-15, 0.6582267130875604, 0.06857161035275344, 5.071982985107987e-16, -0.6582267131317787, 0.06857161042997745, -2.2032791882698292e-16, 0.6582267131043263, -0.06857161031848902, 8.46080773784456e-16, -0.658226713135857, -0.2992795420930287, 2.9134753102831534e-16, -16.824868394776473, 0.29927954209151064, -7.1650677105062e-16, 16.824868394834144, 0.29927954200243556, -1.3269206656316803e-15, 53.17513160522211, -0.29927954200963963, 8.691923097389758e-17, 16.82486839478997, -0.715690189530282, -1.0005484273846486e-14, -0.2101612059352844, 0.7156901904302796, -3.3324656223098986e-15, 0.21016120553660084, 0.7156901899926719, 4.9597579842896484e-15, -0.21016120566609717, -0.7156901897586161, -4.712740242323816e-15, 0.2101612056769804, -16.44520784296519, 1.5338176137844487e-15, -0.2992795418693799, 16.445207842682578, 7.257986163244924e-15, 0.2992795422906347, 16.445207842142622, 4.786007967113115e-15, -0.29927954200963963, 53.55479215713778, -1.061004218163571e-15, 0.29927954199223994, 1.150989482933923e-15, 1.5777624705176423e-31, 1.562536359026823e-15, -1.1509894826939555e-15, 3.068756867834756e-30, -1.5625363590206856e-15, -1.1509894832161945e-15, -1.688091037698052e-29, 1.5625363592323281e-15, 1.150989483071937e-15, -3.0400009498251242e-30, -1.5625363594594384e-15, -1.061004217998871e-15, -1.6261786494713246e-30, 8.691923074560025e-17, 1.0610042182846808e-15, -1.5971883222306455e-30, -8.691923034848284e-17, 1.0610042172759904e-15, 9.439792669411911e-30, 8.691923097389758e-17, -1.061004218163571e-15, 70.0, -8.691923078512159e-17, 0.06857161022468534, -1.2245292856395798e-15, -0.6582267130922758, -0.06857161037299857, -5.071982984599946e-16, 0.6582267131364965, -0.06857161045022248, 2.2032791861723624e-16, -0.6582267131090414, 0.06857161033873316, -8.460807745362929e-16, 0.658226713140574, 0.29927954207563057, -2.9134753105018433e-16, 16.82486839478854, -0.2992795420741102, 7.165067715053232e-16, -16.824868394846217, -0.29927954198503615, 1.3269206663874176e-15, 16.82486839478997, 0.29927954199223994, -8.691923078512159e-17, 53.17513160519798]]}, {"__ndarray__": [[24], "float64", [10.005252340414069, 3.161680858917, 0.14693881032322306, 1.6532786614564479, 1.053893619639, 4.267374406532527, 7.482544162391625, 1.053893619639, 2.3540954187511645, 4.175986839478802, 3.161680858917, 2.060217798104632, 1.4185665453829575, 3.161680858917, 1.736926674912406, 10.239964456487394, 1.053893619639, 2.677386541943476, 4.4106989555521094, 1.053893619639, 3.944083283340294, 7.24783204631819, 3.161680858917, 0.470229933515522]]}, {"__ndarray__": [[24], "float64", [-0.00018660313575452446, 1.3356444093201541e-17, -2.635957710120265e-05, 0.00018660313498253592, 1.6607704493977914e-18, 2.6359577453840817e-05, 0.0001866031354074553, 3.2255562911907398e-18, -2.635957734446997e-05, -0.00018660313557935767, 6.791776334998709e-18, 2.6359577328182436e-05, 0.00039837444358519153, -1.6378809816226836e-18, 2.462411703611604e-05, -0.0003983744433213648, -7.879612320699506e-18, -2.462411739275871e-05, -0.00039837444288247197, -1.0949969274849677e-17, 2.462411715596711e-05, 0.00039837444356252694, -6.3993580490405224e-18, -2.4624117135667268e-05]]}, 0.2]