[{"__ndarray__": [[24, 24], "float64", [53.99087603119132, -1.3870594331821137e-13, -0.13969717914400434, 16.009123969329917, 6.69999278136758e-14, 0.13969717912972468, 16.009123970169874, 1.0911162827502525e-14, -0.13969717901596454, -16.00912397014922, -9.058841635399908e-15, 0.1396971790381423, -0.8321712086210186, -7.40975674335133e-14, 0.012865386529053412, 0.8321712087440949, 1.32106712693016e-13, -0.012865386535703675, 0.8321712093838987, 1.186092144799261e-14, 0.012865386603139316, -0.8321712100734806, -5.106355892566626e-16, -0.01286538661168505, -1.3870594331821137e-13, 70.0, -6.047046662752635e-14, 1.387059434314685e-13, -5.772390813646506e-26, 6.047046662703747e-14, 1.387059436657228e-13, -2.762132866986288e-26, -6.047046658855558e-14, -1.3870594366384778e-13, 6.665739606965746e-26, 6.04704665999363e-14, 3.8690019663490604e-13, 6.140540676849778e-26, -5.205212868509773e-14, -3.8690019660100693e-13, -2.0083191195205827e-25, 5.2052128684979566e-14, -3.8690019641158924e-13, -7.11850070278363e-26, -5.2052128668810745e-14, 3.869001962687149e-13, 1.8454397408739205e-26, 5.2052128660557594e-14, -0.13969717914400434, -6.047046662752635e-14, 53.31886511781005, 0.13969717919480465, 4.7369836314385266e-15, 16.681134882184264, 0.1396971794749883, 6.353976891665749e-14, -16.681134882155057, -0.13969717938143583, -4.756093940138565e-15, 16.681134882166603, -0.1827007329020859, 2.4234078752587464e-15, 0.6623653140000921, 0.18270073297140005, 5.4316647180711953e-14, -0.662365313987562, 0.18270073306048829, 1.4730470016538117e-15, 0.6623653140289602, -0.18270073331456485, -6.187538746208072e-14, -0.6623653140153817, 16.009123969329917, 1.387059434314685e-13, 0.13969717919480465, 53.99087603014886, -6.699992785382123e-14, -0.13969717918052452, -16.009123970691107, -1.0911162885142969e-14, 0.139697179066765, 16.009123970670448, 9.058841663409013e-15, -0.13969717908894208, 0.8321712075587282, 7.409756747519615e-14, -0.012865386476685246, -0.8321712076818027, -1.3210671280783074e-13, 0.012865386483336426, -0.8321712083216044, -1.1860921479338623e-14, -0.012865386550772975, 0.8321712090111881, 5.106356494155676e-16, 0.012865386559316912, 6.69999278136758e-14, -5.772390813646506e-26, 4.7369836314385266e-15, -6.699992785382123e-14, 70.0, -4.73698362978879e-15, -6.699992793347333e-14, 7.261562791564314e-27, 4.73698361906767e-15, 6.699992793015545e-14, -1.7661402191910189e-26, -4.736983622040992e-15, -1.1164772737768692e-13, -1.7886997957733403e-26, 2.7447684707441586e-15, 1.116477273683139e-13, 5.512698021337564e-26, -2.7447684694194024e-15, 1.116477273049291e-13, 1.8992415608178888e-26, 2.7447684647355692e-15, -1.1164772725281699e-13, -4.7314674416927214e-27, -2.7447684626503826e-15, 0.13969717912972468, 6.047046662703747e-14, 16.681134882184264, -0.13969717918052452, -4.73698362978879e-15, 53.31886511782144, -0.1396971794607082, -6.353976891209667e-14, 16.681134882149372, 0.13969717936715614, 4.756093943181203e-15, -16.681134882160922, 0.182700732933705, -2.4234078767022704e-15, -0.6623653140119544, -0.18270073300301842, -5.431664718037127e-14, 0.662365313999424, -0.18270073309210572, -1.4730470047698217e-15, -0.6623653140408242, 0.18270073334618464, 6.187538745745587e-14, 0.6623653140272444, 16.009123970169874, 1.387059436657228e-13, 0.1396971794749883, -16.009123970691107, -6.699992793347333e-14, -0.1396971794607082, 53.99087602846894, -1.0911162995392465e-14, 0.13969717934694798, 16.009123971510405, 9.058841723148768e-15, -0.1396971793691258, 0.8321712056631434, 7.409756756028137e-14, -0.012865386360866725, -0.8321712057862187, -1.321067130458191e-13, 0.012865386367516982, -0.8321712064260229, -1.1860921545733145e-14, -0.012865386434953906, 0.8321712071156034, 5.106357629321091e-16, 0.01286538644349805, 1.0911162827502525e-14, -2.762132866986288e-26, 6.353976891665749e-14, -1.0911162885142969e-14, 7.261562791564314e-27, -6.353976891209667e-14, -1.0911162995392465e-14, 70.0, 6.353976890313362e-14, 1.09111629852521e-14, -7.411561496916823e-27, -6.35397689057081e-14, -4.700660912961205e-14, -7.218384714651772e-27, 4.233062015197082e-14, 4.700660913230118e-14, 2.6222226079282e-26, -4.2330620153877755e-14, 4.7006609041776387e-14, 7.786754640823944e-27, 4.233062014277261e-14, -4.700660896464909e-14, -7.459981083688764e-27, -4.23306201482763e-14, -0.13969717901596454, -6.047046658855558e-14, -16.681134882155057, 0.139697179066765, 4.73698361906767e-15, 16.681134882149372, 0.13969717934694798, 6.353976890313362e-14, 53.31886511787982, -0.13969717925339714, -4.756093929522084e-15, 16.68113488213173, -0.18270073316926022, 2.423407888275204e-15, 0.6623653140445517, 0.18270073323857405, 5.4316647141828375e-14, -0.6623653140320247, 0.18270073332766157, 1.4730469899389937e-15, 0.6623653140734236, -0.1827007335817397, -6.187538744844541e-14, -0.6623653140598441, -16.00912397014922, -1.3870594366384778e-13, -0.13969717938143583, 16.009123970670448, 6.699992793015545e-14, 0.13969717936715614, 16.009123971510405, 1.09111629852521e-14, -0.13969717925339714, 53.990876028510264, -9.058841728096264e-15, 0.13969717927557385, -0.8321712059019982, -7.409756755655809e-14, 0.01286538630380675, 0.8321712060250739, 1.3210671304187025e-13, -0.012865386310458152, 0.832171206664877, 1.1860921550474856e-14, 0.012865386377893667, -0.8321712073544578, -5.106357510578908e-16, -0.012865386386438797, -9.058841635399908e-15, 6.665739606965746e-26, -4.756093940138565e-15, 9.058841663409013e-15, -1.7661402191910189e-26, 4.756093943181203e-15, 9.058841723148768e-15, -7.411561496916823e-27, -4.756093929522084e-15, -9.058841728096264e-15, 70.0, 4.756093932689818e-15, 1.0674495566767781e-13, 1.8888010843208565e-26, -3.37643138445186e-15, -1.0674495564024997e-13, -6.362240539985936e-26, 3.3764313845682928e-15, -1.0674495560297239e-13, -2.3985773995985667e-26, -3.37643138066588e-15, 1.0674495556474699e-13, 4.574094806026095e-27, 3.3764313757401914e-15, 0.1396971790381423, 6.04704665999363e-14, 16.681134882166603, -0.13969717908894208, -4.736983622040992e-15, -16.681134882160922, -0.1396971793691258, -6.35397689057081e-14, 16.68113488213173, 0.13969717927557385, 4.756093932689818e-15, 53.31886511785673, 0.18270073312962914, -2.4234078851423405e-15, -0.6623653140239402, -0.18270073319894226, -5.431664715299301e-14, 0.6623653140114115, -0.18270073328802985, -1.4730469933844005e-15, -0.6623653140528097, 0.18270073354210778, 6.187538745087377e-14, 0.6623653140392314, -0.8321712086210186, 3.8690019663490604e-13, -0.1827007329020859, 0.8321712075587282, -1.1164772737768692e-13, 0.182700732933705, 0.8321712056631434, -4.700660912961205e-14, -0.18270073316926022, -0.8321712059019982, 1.0674495566767781e-13, 0.18270073312962914, 53.60459153826774, 1.1852220142539183e-13, -0.32321581637944674, 16.39540846134696, -3.6683393108153774e-13, 0.32321581637407676, 16.395408460084134, -1.1290809384589808e-13, -0.3232158165434449, -16.39540845852929, 2.6397701721722175e-14, 0.3232158165472596, -7.40975674335133e-14, 6.140540676849778e-26, 2.4234078752587464e-15, 7.409756747519615e-14, -1.7886997957733403e-26, -2.4234078767022704e-15, 7.409756756028137e-14, -7.218384714651772e-27, 2.423407888275204e-15, -7.409756755655809e-14, 1.8888010843208565e-26, -2.4234078851423405e-15, 1.1852220142539183e-13, 70.0, 3.07784382331967e-15, -1.1852220141526073e-13, -5.867412912902311e-26, -3.0778438248057513e-15, -1.1852220134752553e-13, -2.034634540650818e-26, 3.0778438298210134e-15, 1.1852220129239465e-13, 4.5157175541438884e-27, -3.077843832173949e-15, 0.012865386529053412, -5.205212868509773e-14, 0.6623653140000921, -0.012865386476685246, 2.7447684707441586e-15, -0.6623653140119544, -0.012865386360866725, 4.233062015197082e-14, 0.6623653140445517, 0.01286538630380675, -3.37643138445186e-15, -0.6623653140239402, -0.32321581637944674, 3.07784382331967e-15, 53.15147864512625, 0.3232158163090294, 4.55878570425222e-14, 16.84852135484806, 0.32321581650942655, -4.1457499419809354e-16, -16.84852135485885, -0.3232158165662798, -3.862503677724743e-14, 16.848521354831778, 0.8321712087440949, -3.8690019660100693e-13, 0.18270073297140005, -0.8321712076818027, 1.116477273683139e-13, -0.18270073300301842, -0.8321712057862187, 4.700660913230118e-14, 0.18270073323857405, 0.8321712060250739, -1.0674495564024997e-13, -0.18270073319894226, 16.39540846134696, -1.1852220141526073e-13, 0.3232158163090294, 53.60459153903834, 3.668339310472387e-13, -0.32321581630366, -16.39540845969883, 1.1290809381626142e-13, 0.32321581647302844, 16.395408458143987, -2.6397701723221465e-14, -0.3232158164768434, 1.32106712693016e-13, -2.0083191195205827e-25, 5.4316647180711953e-14, -1.3210671280783074e-13, 5.512698021337564e-26, -5.431664718037127e-14, -1.321067130458191e-13, 2.6222226079282e-26, 5.4316647141828375e-14, 1.3210671304187025e-13, -6.362240539985936e-26, -5.431664715299301e-14, -3.6683393108153774e-13, -5.867412912902311e-26, 4.55878570425222e-14, 3.668339310472387e-13, 70.0, -4.558785704229815e-14, 3.6683393085676075e-13, 6.797290270442856e-26, 4.558785702562757e-14, -3.6683393070963923e-13, -1.750214397606849e-26, -4.55878570178564e-14, -0.012865386535703675, 5.2052128684979566e-14, -0.662365313987562, 0.012865386483336426, -2.7447684694194024e-15, 0.662365313999424, 0.012865386367516982, -4.2330620153877755e-14, -0.6623653140320247, -0.012865386310458152, 3.3764313845682928e-15, 0.6623653140114115, 0.32321581637407676, -3.0778438248057513e-15, 16.84852135484806, -0.32321581630366, -4.558785704229815e-14, 53.15147864517763, -0.3232158165040552, 4.1457499427516525e-16, 16.848521354833142, 0.32321581656090903, 3.862503677907126e-14, -16.848521354806074, 0.8321712093838987, -3.8690019641158924e-13, 0.18270073306048829, -0.8321712083216044, 1.116477273049291e-13, -0.18270073309210572, -0.8321712064260229, 4.7006609041776387e-14, 0.18270073332766157, 0.832171206664877, -1.0674495560297239e-13, -0.18270073328802985, 16.395408460084134, -1.1852220134752553e-13, 0.32321581650942655, -16.39540845969883, 3.6683393085676075e-13, -0.3232158165040552, 53.60459154156398, 1.129080937744242e-13, 0.3232158166734235, 16.39540845688116, -2.639770163236222e-14, -0.3232158166772371, 1.186092144799261e-14, -7.11850070278363e-26, 1.4730470016538117e-15, -1.1860921479338623e-14, 1.8992415608178888e-26, -1.4730470047698217e-15, -1.1860921545733145e-14, 7.786754640823944e-27, 1.4730469899389937e-15, 1.1860921550474856e-14, -2.3985773995985667e-26, -1.4730469933844005e-15, -1.1290809384589808e-13, -2.034634540650818e-26, -4.1457499419809354e-16, 1.1290809381626142e-13, 6.797290270442856e-26, 4.1457499427516525e-16, 1.129080937744242e-13, 70.0, -4.145749984729781e-16, -1.1290809373140017e-13, -4.769775945942579e-27, 4.145750039224482e-16, 0.012865386603139316, -5.2052128668810745e-14, 0.6623653140289602, -0.012865386550772975, 2.7447684647355692e-15, -0.6623653140408242, -0.012865386434953906, 4.233062014277261e-14, 0.6623653140734236, 0.012865386377893667, -3.37643138066588e-15, -0.6623653140528097, -0.3232158165434449, 3.0778438298210134e-15, -16.84852135485885, 0.32321581647302844, 4.558785702562757e-14, 16.848521354833142, 0.3232158166734235, -4.145749984729781e-16, 53.151478645156075, -0.3232158167302754, -3.862503676759942e-14, 16.84852135481686, -0.8321712100734806, 3.869001962687149e-13, -0.18270073331456485, 0.8321712090111881, -1.1164772725281699e-13, 0.18270073334618464, 0.8321712071156034, -4.700660896464909e-14, -0.1827007335817397, -0.8321712073544578, 1.0674495556474699e-13, 0.18270073354210778, -16.39540845852929, 1.1852220129239465e-13, -0.3232158165662798, 16.395408458143987, -3.6683393070963923e-13, 0.32321581656090903, 16.39540845688116, -1.1290809373140017e-13, -0.3232158167302754, 53.60459154467367, 2.6397701550552788e-14, 0.32321581673408956, -5.106355892566626e-16, 1.8454397408739205e-26, -6.187538746208072e-14, 5.106356494155676e-16, -4.7314674416927214e-27, 6.187538745745587e-14, 5.106357629321091e-16, -7.459981083688764e-27, -6.187538744844541e-14, -5.106357510578908e-16, 4.574094806026095e-27, 6.187538745087377e-14, 2.6397701721722175e-14, 4.5157175541438884e-27, -3.862503677724743e-14, -2.6397701723221465e-14, -1.750214397606849e-26, 3.862503677907126e-14, -2.639770163236222e-14, -4.769775945942579e-27, -3.862503676759942e-14, 2.6397701550552788e-14, 70.0, 3.862503677342599e-14, -0.01286538661168505, 5.2052128660557594e-14, -0.6623653140153817, 0.012865386559316912, -2.7447684626503826e-15, 0.6623653140272444, 0.01286538644349805, -4.23306201482763e-14, -0.6623653140598441, -0.012865386386438797, 3.3764313757401914e-15, 0.6623653140392314, 0.3232158165472596, -3.077843832173949e-15, 16.848521354831778, -0.3232158164768434, -4.55878570178564e-14, -16.848521354806074, -0.3232158166772371, 4.145750039224482e-16, 16.84852135481686, 0.32321581673408956, 3.862503677342599e-14, 53.1514786452102]]}, {"__ndarray__": [[24], "float64", [9.980222065018571, 3.1522710944559362, 0.1583629273335357, 1.6436109279176159, 1.050757031485312, 4.242812452567337, 7.45552742438552, 1.050757031485312, 2.3589506172839716, 4.168305568550612, 3.1522710944559362, 2.042224762616912, 1.412500755443884, 3.1522710944559362, 1.7284158494402482, 10.211332237492252, 1.050757031485312, 2.6727595304606004, 4.399415741024141, 1.050757031485312, 3.929003539390667, 7.224417251912335, 3.1522710944559362, 0.4721718405101802]]}, {"__ndarray__": [[24], "float64", [-3.673370091603187e-05, 4.3464650774495806e-17, -2.6209337266597807e-05, 3.6733701701479314e-05, -9.635821453717246e-17, 2.6209337246589073e-05, 3.673370315086853e-05, -4.197697275453254e-16, -2.6209337061501017e-05, -3.673370299477638e-05, 9.895082355326976e-17, 2.6209337088817924e-05, 9.894247892657817e-05, 4.7909739338646216e-17, 2.962313923018478e-05, -9.89424786402961e-05, -7.74311138654143e-19, -2.962313922937553e-05, -9.894247770648123e-05, -5.323249539170739e-17, 2.962313935346182e-05, 9.89424764786561e-05, 3.8192209836653853e-16, -2.9623139361585637e-05]]}, 0.2]