[{"__ndarray__": [[24, 24], "float64", [54.08300004897403, 1.155080801757263e-15, -0.21804778151592707, 15.916999950994967, 1.0433719641506961e-14, 0.21804778156997773, 15.916999951302559, -4.3534816524657185e-15, -0.21804778145123574, -15.916999951165458, 9.371683778429902e-15, 0.21804778146768444, -0.9920967647988905, -1.0533055189781108e-14, -0.06131813881883558, 0.9920967646857897, 1.7891311958319687e-15, 0.06131813879275064, 0.9920967650274934, -1.1496604154127354e-14, -0.06131813876476569, -0.9920967650026923, 3.848566611070365e-15, 0.06131813874275854, 1.155080801757263e-15, 70.0, -4.1607249871243355e-15, -1.1550808024640399e-15, -6.057266749163982e-29, 4.1607249875631954e-15, -1.1550807976282736e-15, -1.6699258492791667e-29, -4.160724986443276e-15, 1.155080799418475e-15, -2.242890709049874e-29, 4.160724986385602e-15, 3.855396550439264e-15, 6.097632025441105e-29, -3.686898738261694e-15, -3.855396552381028e-15, -4.963811089419741e-29, 3.6868987380734836e-15, -3.855396547264411e-15, 4.2794418181189277e-29, -3.686898737524156e-15, 3.855396547761516e-15, 9.994495516278322e-30, 3.686898737343291e-15, -0.21804778151592707, -4.1607249871243355e-15, 53.33260894408801, 0.21804778147234946, 9.52309819667344e-15, 16.667391055971756, 0.21804778184344162, 2.4301612298305146e-15, -16.667391055837886, -0.21804778170221778, 1.2491470561000923e-14, 16.667391055848018, -0.161936559216053, -9.896231702031553e-15, 0.6085303734487605, 0.1619365590755159, 7.786070451763298e-15, -0.6085303734783107, 0.16193655948572472, -1.5790898388872124e-14, 0.6085303735106076, -0.16193655947340246, -1.961395547466903e-15, -0.6085303735316325, 15.916999950994967, -1.1550808024640399e-15, 0.21804778147234946, 54.083000049036016, -1.0433719640960041e-14, -0.2180477815264, -15.916999951271574, 4.353481652901399e-15, 0.2180477814076586, 15.916999951134475, -9.371683777976809e-15, -0.21804778142410752, 0.9920967648389749, 1.053305518918075e-14, 0.06131813879449577, -0.9920967647258745, -1.7891311951440047e-15, -0.061318138768409775, -0.9920967650675776, 1.1496604153655718e-14, 0.06131813874042544, 0.9920967650427776, -3.8485666113953284e-15, -0.061318138718419624, 1.0433719641506961e-14, -6.057266749163982e-29, 9.52309819667344e-15, -1.0433719640960041e-14, 70.0, -9.523098196799917e-15, -1.0433719644680476e-14, 1.317872035020277e-29, 9.523098196095822e-15, 1.0433719643302585e-14, 2.33064429841267e-28, -9.523098196064364e-15, -1.3595631093596535e-14, -2.5699220540865174e-28, 6.781022906805745e-15, 1.3595631094888006e-14, 1.4096487854757703e-28, -6.781022906677909e-15, 1.3595631091163869e-14, -3.058388674701995e-28, 6.781022906162488e-15, -1.3595631091813982e-14, -1.0418610758672282e-29, -6.781022906096592e-15, 0.21804778156997773, 4.1607249875631954e-15, 16.667391055971756, -0.2180477815264, -9.523098196799917e-15, 53.33260894396847, -0.2180477818974924, -2.430161229999899e-15, 16.667391055897678, 0.2180477817562671, -1.2491470561599989e-14, -16.667391055907824, 0.16193655921428213, 9.896231702198665e-15, -0.6085303733946508, -0.16193655907374394, -7.786070452186926e-15, 0.6085303734242022, -0.1619365594839537, 1.5790898389434297e-14, -0.6085303734565001, 0.16193655947163266, 1.9613955476116904e-15, 0.6085303734775237, 15.916999951302559, -1.1550807976282736e-15, 0.21804778184344162, -15.916999951271574, -1.0433719644680476e-14, -0.2180477818974924, 54.08300004842083, 4.353481650030065e-15, 0.2180477817787513, 15.91699995144206, -9.371683784966795e-15, -0.21804778179519932, 0.9920967646116463, 1.0533055193160485e-14, 0.06131813909980752, -0.9920967644985474, -1.789131200148009e-15, -0.061318139073721606, -0.9920967648402477, 1.1496604160772695e-14, 0.061318139045738074, 0.9920967648154475, -3.848566608827139e-15, -0.06131813902373087, -4.3534816524657185e-15, -1.6699258492791667e-29, 2.4301612298305146e-15, 4.353481652901399e-15, 1.317872035020277e-29, -2.430161229999899e-15, 4.353481650030065e-15, 70.0, 2.4301612293695974e-15, -4.353481651036216e-15, 5.9899555474958075e-30, -2.430161229436663e-15, 1.1374947768183948e-15, -1.233227046159934e-29, 8.025373080968024e-16, -1.1374947759304806e-15, 2.1687876523613137e-29, -8.025373079595516e-16, -1.1374947788071423e-15, -1.283043972459988e-29, 8.025373076250241e-16, 1.1374947782549862e-15, -2.3026392682383387e-29, -8.0253730753812635e-16, -0.21804778145123574, -4.160724986443276e-15, -16.667391055837886, 0.2180477814076586, 9.523098196095822e-15, 16.667391055897678, 0.2180477817787513, 2.4301612293695974e-15, 53.33260894423618, -0.21804778163752558, 1.249147055955737e-14, 16.667391055773955, -0.1619365592661247, -9.896231701426433e-15, 0.6085303735090364, 0.16193655912558735, 7.786070451028933e-15, -0.6085303735385876, 0.16193655953579683, -1.5790898387385455e-14, 0.6085303735708829, -0.16193655952347635, -1.9613955470382603e-15, -0.6085303735919094, -15.916999951165458, 1.155080799418475e-15, -0.21804778170221778, 15.916999951134475, 1.0433719643302585e-14, 0.2180477817562671, 15.91699995144206, -4.353481651036216e-15, -0.21804778163752558, 54.08300004869503, 9.371683782991375e-15, 0.21804778165397445, -0.9920967646469432, -1.0533055191641281e-14, -0.061318138960073626, 0.9920967645338439, 1.789131198375197e-15, 0.0613181389339886, 0.9920967648755479, -1.1496604158831912e-14, -0.061318138906004654, -0.992096764850747, 3.84856660968563e-15, 0.06131813888399712, 9.371683778429902e-15, -2.242890709049874e-29, 1.2491470561000923e-14, -9.371683777976809e-15, 2.33064429841267e-28, -1.2491470561599989e-14, -9.371683784966795e-15, 5.9899555474958075e-30, 1.249147055955737e-14, 9.371683782991375e-15, 70.0, -1.2491470559790866e-14, -1.3634310609718648e-15, -2.4280756995954605e-28, 6.09698248881203e-15, 1.363431062872379e-15, 1.2453159241424651e-28, -6.0969824885006904e-15, 1.3634310557601574e-15, -5.069032180645319e-28, 6.096982487643869e-15, -1.363431056587297e-15, -1.9621697773053248e-29, -6.0969824874426095e-15, 0.21804778146768444, 4.160724986385602e-15, 16.667391055848018, -0.21804778142410752, -9.523098196064364e-15, -16.667391055907824, -0.21804778179519932, -2.430161229436663e-15, 16.667391055773955, 0.21804778165397445, -1.2491470559790866e-14, 53.332608944215934, 0.16193655926113876, 9.896231701381577e-15, -0.6085303734973094, -0.1619365591206034, -7.786070450977749e-15, 0.6085303735268606, -0.1619365595308132, 1.5790898387629557e-14, -0.6085303735591567, 0.1619365595184919, 1.9613955471146993e-15, 0.6085303735801812, -0.9920967647988905, 3.855396550439264e-15, -0.161936559216053, 0.9920967648389749, -1.3595631093596535e-14, 0.16193655921428213, 0.9920967646116463, 1.1374947768183948e-15, -0.1619365592661247, -0.9920967646469432, -1.3634310609718648e-15, 0.16193655926113876, 53.969760914547905, 1.3475325180830206e-14, -0.3577482366394271, 16.030239085514243, -6.608998582500422e-15, 0.3577482366452347, 16.03023908531952, 4.922700006034075e-15, -0.3577482366866257, -16.030239085329505, -2.0446625420351735e-15, 0.35774823667485867, -1.0533055189781108e-14, 6.097632025441105e-29, -9.896231702031553e-15, 1.053305518918075e-14, -2.5699220540865174e-28, 9.896231702198665e-15, 1.0533055193160485e-14, -1.233227046159934e-29, -9.896231701426433e-15, -1.0533055191641281e-14, -2.4280756995954605e-28, 9.896231701381577e-15, 1.3475325180830206e-14, 70.0, -7.126062133523205e-15, -1.3475325182326489e-14, -1.430937640507157e-28, 7.126062133393024e-15, -1.3475325178282223e-14, 3.1656450953253475e-28, -7.126062132843687e-15, 1.3475325178976299e-14, 9.591885746882478e-30, 7.126062132769114e-15, -0.06131813881883558, -3.686898738261694e-15, 0.6085303734487605, 0.06131813879449577, 6.781022906805745e-15, -0.6085303733946508, 0.06131813909980752, 8.025373080968024e-16, 0.6085303735090364, -0.061318138960073626, 6.09698248881203e-15, -0.6085303734973094, -0.3577482366394271, -7.126062133523205e-15, 53.11442668862602, 0.35774823653580423, 5.849491305961569e-15, 16.885573311345798, 0.35774823686093604, -8.470486422499081e-15, -16.885573311320524, -0.357748236842259, 3.436672415855639e-17, 16.88557331129993, 0.9920967646857897, -3.855396552381028e-15, 0.1619365590755159, -0.9920967647258745, 1.3595631094888006e-14, -0.16193655907374394, -0.9920967644985474, -1.1374947759304806e-15, 0.16193655912558735, 0.9920967645338439, 1.363431062872379e-15, -0.1619365591206034, 16.030239085514243, -1.3475325182326489e-14, 0.35774823653580423, 53.96976091442359, 6.608998584372213e-15, -0.35774823654161153, -16.03023908538167, -4.9227000078379335e-15, 0.3577482365830015, 16.030239085391653, 2.0446625413393642e-15, -0.357748236571231, 1.7891311958319687e-15, -4.963811089419741e-29, 7.786070451763298e-15, -1.7891311951440047e-15, 1.4096487854757703e-28, -7.786070452186926e-15, -1.789131200148009e-15, 2.1687876523613137e-29, 7.786070451028933e-15, 1.789131198375197e-15, 1.2453159241424651e-28, -7.786070450977749e-15, -6.608998582500422e-15, -1.430937640507157e-28, 5.849491305961569e-15, 6.608998584372213e-15, 70.0, -5.849491305782995e-15, 6.608998579088405e-15, -1.6831587959733401e-28, 5.849491305195086e-15, -6.608998579660192e-15, -1.6079087009097082e-29, -5.849491305026084e-15, 0.06131813879275064, 3.6868987380734836e-15, -0.6085303734783107, -0.061318138768409775, -6.781022906677909e-15, 0.6085303734242022, -0.061318139073721606, -8.025373079595516e-16, -0.6085303735385876, 0.0613181389339886, -6.0969824885006904e-15, 0.6085303735268606, 0.3577482366452347, 7.126062133393024e-15, 16.885573311345798, -0.35774823654161153, -5.849491305782995e-15, 53.114426688682386, -0.35774823686674595, 8.470486422187118e-15, 16.88557331129234, 0.3577482368480676, -3.4366724274481867e-17, -16.88557331127175, 0.9920967650274934, -3.855396547264411e-15, 0.16193655948572472, -0.9920967650675776, 1.3595631091163869e-14, -0.1619365594839537, -0.9920967648402477, -1.1374947788071423e-15, 0.16193655953579683, 0.9920967648755479, 1.3634310557601574e-15, -0.1619365595308132, 16.03023908531952, -1.3475325178282223e-14, 0.35774823686093604, -16.03023908538167, 6.608998579088405e-15, -0.35774823686674595, 53.96976091481307, -4.922700000642694e-15, 0.3577482369081339, 16.030239085196925, 2.0446625438983123e-15, -0.3577482368963639, -1.1496604154127354e-14, 4.2794418181189277e-29, -1.5790898388872124e-14, 1.1496604153655718e-14, -3.058388674701995e-28, 1.5790898389434297e-14, 1.1496604160772695e-14, -1.283043972459988e-29, -1.5790898387385455e-14, -1.1496604158831912e-14, -5.069032180645319e-28, 1.5790898387629557e-14, 4.922700006034075e-15, 3.1656450953253475e-28, -8.470486422499081e-15, -4.9227000078379335e-15, -1.6831587959733401e-28, 8.470486422187118e-15, -4.922700000642694e-15, 70.0, -8.470486421313177e-15, 4.922700001524063e-15, 2.500639807190837e-29, 8.470486421115312e-15, -0.06131813876476569, -3.686898737524156e-15, 0.6085303735106076, 0.06131813874042544, 6.781022906162488e-15, -0.6085303734565001, 0.061318139045738074, 8.025373076250241e-16, 0.6085303735708829, -0.061318138906004654, 6.096982487643869e-15, -0.6085303735591567, -0.3577482366866257, -7.126062132843687e-15, -16.885573311320524, 0.3577482365830015, 5.849491305195086e-15, 16.88557331129234, 0.3577482369081339, -8.470486421313177e-15, 53.114426688732934, -0.3577482368894573, 3.4366724587855284e-17, 16.885573311246468, -0.9920967650026923, 3.855396547761516e-15, -0.16193655947340246, 0.9920967650427776, -1.3595631091813982e-14, 0.16193655947163266, 0.9920967648154475, 1.1374947782549862e-15, -0.16193655952347635, -0.992096764850747, -1.363431056587297e-15, 0.1619365595184919, -16.030239085329505, 1.3475325178976299e-14, -0.357748236842259, 16.030239085391653, -6.608998579660192e-15, 0.3577482368480676, 16.030239085196925, 4.922700001524063e-15, -0.3577482368894573, 53.96976091479308, -2.044662543376903e-15, 0.3577482368776867, 3.848566611070365e-15, 9.994495516278322e-30, -1.961395547466903e-15, -3.8485666113953284e-15, -1.0418610758672282e-29, 1.9613955476116904e-15, -3.848566608827139e-15, -2.3026392682383387e-29, -1.9613955470382603e-15, 3.84856660968563e-15, -1.9621697773053248e-29, 1.9613955471146993e-15, -2.0446625420351735e-15, 9.591885746882478e-30, 3.436672415855639e-17, 2.0446625413393642e-15, -1.6079087009097082e-29, -3.4366724274481867e-17, 2.0446625438983123e-15, 2.500639807190837e-29, 3.4366724587855284e-17, -2.044662543376903e-15, 70.0, -3.4366724657681307e-17, 0.06131813874275854, 3.686898737343291e-15, -0.6085303735316325, -0.061318138718419624, -6.781022906096592e-15, 0.6085303734775237, -0.06131813902373087, -8.0253730753812635e-16, -0.6085303735919094, 0.06131813888399712, -6.0969824874426095e-15, 0.6085303735801812, 0.35774823667485867, 7.126062132769114e-15, 16.88557331129993, -0.357748236571231, -5.849491305026084e-15, -16.88557331127175, -0.3577482368963639, 8.470486421115312e-15, 16.885573311246468, 0.3577482368776867, -3.4366724657681307e-17, 53.11442668877412]]}, {"__ndarray__": [[24], "float64", [9.77811085246728, 3.0864027432284997, 0.13106748599623552, 1.602836077929971, 1.0288009144095, 4.178143035220112, 7.293309543128451, 1.0288009144095, 2.285672746604401, 4.087637387268695, 3.0864027432284997, 2.0235377746119725, 1.3415030152214076, 3.0864027432284997, 1.781482314128404, 10.039443915175891, 1.0288009144095, 2.527728207088005, 4.34897044997711, 1.0288009144095, 3.936087574736565, 7.031976480420128, 3.0864027432284997, 0.3731229464798422]]}, {"__ndarray__": [[24], "float64", [-0.000882093812989014, 1.2307084393275199e-15, -0.001079077537515042, 0.0008820938128268979, -1.0601662888891982e-15, 0.0010790775376843982, 0.0008820938144758504, -1.071271036719039e-15, -0.00107907753718922, -0.0008820938138865772, 1.2334835980272729e-15, 0.0010790775372355494, 0.000443815176355221, 7.887672149223513e-16, -0.00091924136281078, -0.00044381517688441225, -9.431481255748133e-16, 0.0009192413626772882, -0.00044381517520873247, -9.791441141981308e-16, -0.0009192413625109379, 0.00044381517531077086, 8.044439935873498e-16, 0.0009192413624287243]]}, 0.2]