[{"__ndarray__": [[24, 24], "float64", [53.99843276115236, -0.0008515538548215799, -0.2073866452696453, 16.007538789643483, -0.00025953455226939283, 0.210496215452836, 16.003025972985437, 0.002824210496838476, -0.20851305780230342, -15.997922562452676, 0.00020410315478841981, 0.20801837608593524, -0.8752910087119408, -0.0007265348492889949, -0.03436967043810091, 0.8717525730721813, 0.0003238108504812929, 0.03314533200881975, 0.8682309178430465, 0.0001297893823768293, -0.034321953323199955, -0.8757674434325915, -0.0016442906323358131, 0.03293140331690672, -0.0008515538548215799, 69.99999860870915, -0.0010572965569606244, 0.0008593116203539495, -2.8417063773032925e-08, 0.0010606919924764455, 0.0008538084916476381, 3.341957175790339e-06, -0.0010584247444397272, -0.0008477766459177619, 1.6014512718263538e-07, 0.0010582181017011372, 0.0009181069142312365, -5.336975651702264e-07, -0.0009937242138837116, -0.0009228471806755363, 4.227558412323855e-07, 0.00099172215516857, -0.0009301407001756448, -2.5258319017196853e-09, -0.0009930912974161683, 0.0009210913553782574, -1.968926848518367e-06, 0.000991904563370769, -0.2073866452696453, -0.0010572965569606244, 53.30847606015175, 0.21359993453619774, -0.0001290131203291965, 16.694516923036574, 0.20913575306257662, 0.0024751868414697818, -16.6924676673884, -0.20378341961475369, 0.0003177715204761679, 16.6924467276554, -0.18453912372658288, -0.0002863567206467416, 0.5844267977253306, 0.18053438393826682, 0.00038425860170422264, -0.5866985432448579, 0.17593022028370375, 0.0004821390598235282, 0.5854316048682178, -0.18349110323143014, -0.002186689579022302, -0.5861319027554216, 16.007538789643483, 0.0008593116203539495, 0.21359993453619774, 53.986446617323054, 0.0002598125909692555, -0.21672877545127597, -16.00900953142322, -0.0028432830144410086, 0.21473271923058404, 16.00387247819055, -0.00020509791778582014, -0.21423677783105116, 0.8724282989529485, 0.000729711788564509, 0.0411119862498531, -0.8688629134905272, -0.00032592392398210913, -0.03987596672717633, -0.8653016162911524, -0.00012973946138601696, 0.041060305366887845, 0.8728878769954074, 0.0016552083220102896, -0.03966342540537593, -0.00025953455226939283, -2.8417063773032925e-08, -0.0001290131203291965, 0.0002598125909692555, 70.0000000269246, 0.00012925671050959073, 0.00025943589582165874, 2.215971016859415e-07, -0.000129120237029905, -0.00025921935223760506, 5.203588705417609e-08, 0.00012911788488161456, -0.0002431117704209762, -5.056710404822843e-08, -0.000374967297336454, 0.00024300420356008806, 1.4346769899982848e-08, 0.0003747435319959673, 0.00024258437907310955, -1.1012460342154236e-07, -0.0003748504804703674, -0.00024297139448739818, -1.2579561391267403e-07, 0.00037483300778044456, 0.210496215452836, 0.0010606919924764455, 16.694516923036574, -0.21672877545127597, 0.00012925671050959073, 53.302482042789975, -0.21225141566617386, -0.002483135042499594, 16.695463458913164, 0.2068837732667807, -0.00031798940628548835, -16.695441767810618, 0.18400570684572826, 0.00028747950197400977, -0.5807840041913236, -0.17998873256111853, -0.00038576446564445, 0.5830597640410466, -0.17536783289869556, -0.0004824622626148221, -0.5817896346512933, 0.1829510610335151, 0.002191922925600844, 0.5824932178238652, 16.003025972985437, 0.0008538084916476381, 0.20913575306257662, -16.00900953142322, 0.00025943589582165874, -0.21225141566617386, 53.995513365338475, -0.0028303873602592783, 0.21026413500226174, 15.999374180507491, -0.0002046741005133157, -0.20976922078662394, 0.8737717728394315, 0.0007277573839128273, 0.03688938351745502, -0.8702254954242785, -0.0003240109427622515, -0.03566038200635904, -0.8666915867058291, -0.00012911222053469377, 0.03683947602493057, 0.8742413217831455, 0.0016471828569399726, -0.035447729179343745, 0.002824210496838476, 3.341957175790339e-06, 0.0024751868414697818, -0.0028432830144410086, 2.215971016859415e-07, -0.002483135042499594, -0.0028303873602592783, 69.99999222257878, 0.0024779611933300914, 0.00281524720638122, -1.939687709278415e-07, -0.0024772777516036213, -0.0009336215266242333, 1.0946449237933735e-06, 0.0036399265073441675, 0.00094539665379643, -1.457403703988794e-06, -0.0036360257314255588, 0.0009623705630406276, -3.436577488533892e-07, 0.003639203705204176, -0.0009399330187976154, 5.114252267157068e-06, -0.003635839721865664, -0.20851305780230342, -0.0010584247444397272, -16.6924676673884, 0.21473271923058404, -0.000129120237029905, 16.695463458913164, 0.21026413500226174, 0.0024779611933300914, 53.30658767738672, -0.20490669869715575, 0.00031788039520390214, 16.693391145192027, -0.1848561596170557, -0.0002867681513074968, 0.583051086542178, 0.18084733252407215, 0.00038457733832327655, -0.5853243872095641, 0.1762378982519449, 0.00048223307428142367, 0.5840563755589055, -0.18380616891398405, -0.0021883388218570453, -0.5847576889464314, -15.997922562452676, -0.0008477766459177619, -0.20378341961475369, 16.00387247819055, -0.00025921935223760506, 0.2068837732667807, 15.999374180507491, 0.00281524720638122, -0.20490669869715575, 54.00571191117752, 0.00020381875364300134, 0.20441279176877092, -0.8749470609554479, -0.0007252215066551777, -0.030651653022486985, 0.8714219620065238, 0.00032238186884674797, 0.029432056879223928, 0.8679189064109241, 0.00012929767384144386, -0.030605046104690947, -0.87542981478567, -0.001638528002099634, 0.029218195555498205, 0.00020410315478841981, 1.6014512718263538e-07, 0.0003177715204761679, -0.00020509791778582014, 5.203588705417609e-08, -0.00031798940628548835, -0.0002046741005133157, -1.939687709278415e-07, 0.00031788039520390214, 0.00020381875364300134, 70.00000007317861, -0.00031780676353996467, 4.192087360213312e-05, -3.741661590981825e-08, 6.797140872237069e-05, -4.1280230937405685e-05, -2.26347063578456e-07, -6.814975988635473e-05, -4.064044816989362e-05, -1.6433274503687163e-07, 6.822518383347866e-05, 4.184991537213576e-05, 3.3670557591825867e-07, -6.790257852715358e-05, 0.20801837608593524, 0.0010582181017011372, 16.6924467276554, -0.21423677783105116, 0.00012911788488161456, -16.695441767810618, -0.20976922078662394, -0.0024772777516036213, 16.693391145192027, 0.20441279176877092, -0.00031780676353996467, 53.30663004635678, 0.18457366962004695, 0.0002866215284026501, -0.5834551021980565, -0.18056544951276204, -0.00038465337678692863, 0.5857278417637699, -0.17595739537187538, -0.0004822970120819863, -0.5844601321067178, 0.18352400604920305, 0.002188077342519557, 0.5851612410988279, -0.8752910087119408, 0.0009181069142312365, -0.18453912372658288, 0.8724282989529485, -0.0002431117704209762, 0.18400570684572826, 0.8737717728394315, -0.0009336215266242333, -0.1848561596170557, -0.8749470609554479, 4.192087360213312e-05, 0.18457366962004695, 53.85423422909306, 0.0003851932301858681, -0.3460023063701237, 16.14730545571086, 0.00046454662019676063, 0.34715548239927924, 16.151247752028638, -8.083880988860837e-05, -0.34683390530660874, -16.14874943882142, -0.0005521955097189182, 0.3464966362061639, -0.0007265348492889949, -5.336975651702264e-07, -0.0002863567206467416, 0.000729711788564509, -5.056710404822843e-08, 0.00028747950197400977, 0.0007277573839128273, 1.0946449237933735e-06, -0.0002867681513074968, -0.0007252215066551777, -3.741661590981825e-08, 0.0002866215284026501, 0.0003851932301858681, 70.00000012412151, -0.0005531245626239779, -0.0003870596035431046, 2.2198651681104922e-07, 0.0005528692805601396, -0.00038938072708335185, 3.783673566300557e-08, -0.0005532402810560854, 0.0003855342839169056, -8.569084396958434e-07, 0.000552519404702271, -0.03436967043810091, -0.0009937242138837116, 0.5844267977253306, 0.0411119862498531, -0.000374967297336454, -0.5807840041913236, 0.03688938351745502, 0.0036399265073441675, 0.583051086542178, -0.030651653022486985, 6.797140872237069e-05, -0.5834551021980565, -0.3460023063701237, -0.0005531245626239779, 53.10038939411186, 0.34163910033780304, 0.0001460647463197731, 16.897879605348187, 0.33704413950583156, -8.617662728508611e-05, -16.89913476356635, -0.3456609796580801, -0.0018459699937969285, 16.897626986243882, 0.8717525730721813, -0.0009228471806755363, 0.18053438393826682, -0.8688629134905272, 0.00024300420356008806, -0.17998873256111853, -0.8702254954242785, 0.00094539665379643, 0.18084733252407215, 0.8714219620065238, -4.1280230937405685e-05, -0.18056544951276204, 16.14730545571086, -0.0003870596035431046, 0.34163910033780304, 53.851139539601846, -0.00046336558575637806, -0.3427996206695046, -16.152828997397005, 8.08182106174358e-05, 0.3424729701120156, 16.150297875784368, 0.0005453335113298427, -0.34213998421954966, 0.0003238108504812929, 4.227558412323855e-07, 0.00038425860170422264, -0.00032592392398210913, 1.4346769899982848e-08, -0.00038576446564445, -0.0003240109427622515, -1.457403703988794e-06, 0.00038457733832327655, 0.00032238186884674797, -2.26347063578456e-07, -0.00038465337678692863, 0.00046454662019676063, 2.2198651681104922e-07, 0.0001460647463197731, -0.00046336558575637806, 70.00000070518516, -0.0001445131887998795, -0.00046152864103540033, 2.2055072546856754e-07, 0.0001450305986666229, 0.00046408975399702643, 9.89257735927865e-08, -0.00014500025379060095, 0.03314533200881975, 0.00099172215516857, -0.5866985432448579, -0.03987596672717633, 0.0003747435319959673, 0.5830597640410466, -0.03566038200635904, -0.0036360257314255588, -0.5853243872095641, 0.029432056879223928, -6.814975988635473e-05, 0.5857278417637699, 0.34715548239927924, 0.0005528692805601396, 16.897879605348187, -0.3427996206695046, -0.0001445131887998795, 53.10385059604336, -0.33821444040873694, 8.684138490657384e-05, 16.897402916775143, 0.3468175384023275, 0.0018425123600029826, -16.895897793532757, 0.8682309178430465, -0.0009301407001756448, 0.17593022028370375, -0.8653016162911524, 0.00024258437907310955, -0.17536783289869556, -0.8666915867058291, 0.0009623705630406276, 0.1762378982519449, 0.8679189064109241, -4.064044816989362e-05, -0.17595739537187538, 16.151247752028638, -0.00038938072708335185, 0.33704413950583156, -16.152828997397005, -0.00046152864103540033, -0.33821444040873694, 53.84317087788575, 8.11795592729435e-05, 0.3378816359649975, 16.154253746089744, 0.0005355559933963421, -0.33755422537785224, 0.0001297893823768293, -2.5258319017196853e-09, 0.0004821390598235282, -0.00012973946138601696, -1.1012460342154236e-07, -0.0004824622626148221, -0.00012911222053469377, -3.436577488533892e-07, 0.00048223307428142367, 0.00012929767384144386, -1.6433274503687163e-07, -0.0004822970120819863, -8.083880988860837e-05, 3.783673566300557e-08, -8.617662728508611e-05, 8.08182106174358e-05, 2.2055072546856754e-07, 8.684138490657384e-05, 8.11795592729435e-05, 70.00000044142871, -8.671006513771373e-05, -8.139433430203926e-05, -7.917524711799025e-08, 8.643244811004633e-05, -0.034321953323199955, -0.0009930912974161683, 0.5854316048682178, 0.041060305366887845, -0.0003748504804703674, -0.5817896346512933, 0.03683947602493057, 0.003639203705204176, 0.5840563755589055, -0.030605046104690947, 6.822518383347866e-05, -0.5844601321067178, -0.34683390530660874, -0.0005532402810560854, -16.89913476356635, 0.3424729701120156, 0.0001450305986666229, 16.897402916775143, 0.3378816359649975, -8.671006513771373e-05, 53.101342512993476, -0.3464934826121681, -0.001844567396159248, 16.897151120144322, -0.8757674434325915, 0.0009210913553782574, -0.18349110323143014, 0.8728878769954074, -0.00024297139448739818, 0.1829510610335151, 0.8742413217831455, -0.0009399330187976154, -0.18380616891398405, -0.87542981478567, 4.184991537213576e-05, 0.18352400604920305, -16.14874943882142, 0.0003855342839169056, -0.3456609796580801, 16.150297875784368, 0.00046408975399702643, 0.3468175384023275, 16.154253746089744, -8.139433430203926e-05, -0.3464934826121681, 53.8482658765231, -0.000548266539477717, 0.34615912898142626, -0.0016442906323358131, -1.968926848518367e-06, -0.002186689579022302, 0.0016552083220102896, -1.2579561391267403e-07, 0.002191922925600844, 0.0016471828569399726, 5.114252267157068e-06, -0.0021883388218570453, -0.001638528002099634, 3.3670557591825867e-07, 0.002188077342519557, -0.0005521955097189182, -8.569084396958434e-07, -0.0018459699937969285, 0.0005453335113298427, 9.89257735927865e-08, 0.0018425123600029826, 0.0005355559933963421, -7.917524711799025e-08, -0.001844567396159248, -0.000548266539477717, 69.9999974809225, 0.0018430531627442496, 0.03293140331690672, 0.000991904563370769, -0.5861319027554216, -0.03966342540537593, 0.00037483300778044456, 0.5824932178238652, -0.035447729179343745, -0.003635839721865664, -0.5847576889464314, 0.029218195555498205, -6.790257852715358e-05, 0.5851612410988279, 0.3464966362061639, 0.000552519404702271, 16.897626986243882, -0.34213998421954966, -0.00014500025379060095, -16.895897793532757, -0.33755422537785224, 8.643244811004633e-05, 16.897151120144322, 0.34615912898142626, 0.0018430531627442496, 53.104354819908025]]}, {"__ndarray__": [[24], "float64", [9.842610242420722, 3.108358976539997, 0.1425432999236952, 1.6192977622615439, 1.0361197864568636, 4.197321500824714, 7.350252240318861, 1.0361185863109896, 2.312476377673549, 4.111655580479132, 3.1083590268261374, 2.0273892868048953, 1.3581590380417925, 3.1083590125616927, 1.7517935152109876, 10.103750528284568, 1.0361198248010441, 2.5880719799056098, 4.372796968116675, 1.036120014360045, 3.921726203666853, 7.089113445050986, 3.108358693766282, 0.4181397324345908]]}, {"__ndarray__": [[24], "float64", [-0.00010882306519365379, -1.26770806689529e-06, -0.00010426659094419899, 0.000115656339046691, -1.7977892281532868e-07, 0.00010704172029997614, 0.00011169769242400985, 2.806873915844568e-06, -0.00010503884856644395, -0.00010619287918920937, 4.8230171227677586e-08, 0.0001047878809619388, 3.0313730245527983e-05, -4.218572192297104e-07, -0.00013656640881285522, -3.447038283792684e-05, 1.3328058839679587e-07, 0.00013499506194002129, -3.992314718572936e-05, 3.9953981947455113e-07, -0.00013607122614072898, 3.174171269029054e-05, -1.5185802860032636e-06, 0.0001351184112622909]]}, 0.2]