[{"__ndarray__": [[24, 24], "float64", [54.01619743050703, -0.0011025707753124338, -0.20494672373818346, 15.984376731482596, 0.0006271681651801335, 0.20590984740270993, 15.987508083847885, 0.00022203188068881688, -0.20597084499125345, -15.988043396968324, -0.001602728812584892, 0.20596041175467789, -0.8791763395235022, -0.0007819248358716962, -0.033623118763820986, 0.881270421190831, 0.000956241015121889, 0.03321740323690128, 0.8825838107630901, 0.0019297251060704998, -0.03437396140219201, -0.884716741320779, -0.0002479417648331662, 0.03382698645545021, -0.0011025707753124338, 69.99999873388023, -0.0010504805810949563, 0.0011036683591693726, 1.0778847717087847e-06, 0.0010515053383684013, 0.001108162457713926, 6.584253766273576e-07, -0.0010514843559195014, -0.0011089287003734, -1.956712582313705e-06, 0.0010516391493868437, 0.0006102259381542075, -6.958378243380461e-07, -0.0013527345657237072, -0.0006081500912804678, 1.113220199657482e-06, 0.0013521244540593731, -0.000605184524049639, 1.3240554346572616e-06, -0.001353408735729861, 0.0006027773359530036, -2.549156223098006e-07, 0.0013528392966367661, -0.20494672373818346, -0.0010504805810949563, 53.30777985594171, 0.20588702691614486, 0.0007653527289929153, 16.693162301779587, 0.20970292017181072, 0.0003490463443887759, -16.69312635732557, -0.21009875348484958, -0.001561520682565517, 16.6932655443312, -0.17730193192246613, -0.000762493317010816, 0.5848204168802282, 0.17904837960206038, 0.0010039433850475604, -0.5854981213754229, 0.18123318008541728, 0.0017446157585797395, 0.5844466755876319, -0.18352409767215722, -0.0004884636629179061, -0.5848503157814003, 15.984376731482596, 0.0011036683591693726, 0.20588702691614486, 54.01504819843708, -0.0006281445952474379, -0.2068510485434872, -15.988087095800475, -0.00022263611479753784, 0.2069120139655297, 15.988623091766021, 0.0016044361568044057, -0.20690175557964524, 0.8780928559619422, 0.0007825437345831345, 0.034304249687661104, -0.8801886920971358, -0.0009571479792571887, -0.03389790528396036, -0.8815048320499013, -0.0019308856082993343, 0.03505558072566417, 0.88363974232106, 0.00024816606858602344, -0.034508161842187246, 0.0006271681651801335, 1.0778847717087847e-06, 0.0007653527289929153, -0.0006281445952474379, 69.9999990907409, -0.0007661937696695172, -0.0006318560996925117, -5.391988178036402e-07, 0.0007661963042097084, 0.0006325134871722417, 1.6534696595659528e-06, -0.0007663176569990701, -0.0008130408144598685, 5.382890376014804e-07, 0.0007665766961630972, 0.000811293077884282, -8.824550908574743e-07, -0.0007660826572952551, 0.0008089030652480098, -1.138223696776183e-06, 0.0007671297294908893, -0.0008068362860645698, 1.994932424693371e-07, -0.0007666613748823082, 0.20590984740270993, 0.0010515053383684013, 16.693162301779587, -0.2068510485434872, -0.0007661937696695172, 53.30589473861008, -0.21067046510352452, -0.00034954702058682084, 16.69406932777488, 0.21106690933403316, 0.0015630908847266715, -16.69420860504677, 0.1771163468131738, 0.0007630283330991005, -0.5837456584333354, -0.17886447879069584, -0.0010048195672445492, 0.5844237794200944, -0.18105152777862804, -0.0017457240590560313, -0.583371328248693, 0.18334441670865975, 0.0004886598869478873, 0.5837754441062193, 15.987508083847885, 0.001108162457713926, 0.20970292017181072, -15.988087095800475, -0.0006318560996925117, -0.21067046510352452, 54.008762405331616, -0.00022479727717428442, 0.21073142637438397, 15.991776202566877, 0.0016112851060877762, -0.21072166640925924, 0.8763576463361071, 0.0007848446306137629, 0.038115157761731217, -0.8784607091386447, -0.0009607793745854954, -0.03770670814959745, -0.879786487147586, -0.0019358755084621614, 0.038868792269994346, 0.8819299540255251, 0.00024901608705782494, -0.03831945686977353, 0.00022203188068881688, 6.584253766273576e-07, 0.0003490463443887759, -0.00022263611479753784, -5.391988178036402e-07, -0.00034954702058682084, -0.00022479727717428442, 69.99999971008268, 0.0003495534497217971, 0.00022517137378679647, 1.0107699262129145e-06, -0.00034962675233505115, -0.0004929563531719256, 2.5656999950018187e-07, 0.0004725131265603388, 0.0004919055617154023, -5.125805287946574e-07, -0.00047222089218869833, 0.0004905957569726624, -7.331473146820095e-07, 0.00047283583157983327, -0.0004893148280061274, 1.4907871463175466e-07, -0.0004725540871328756, -0.20597084499125345, -0.0010514843559195014, -16.69312635732557, 0.2069120139655297, 0.0007661963042097084, 16.69406932777488, 0.21073142637438397, 0.0003495534497217971, 53.3059666399304, -0.21112784698077505, -0.0015630593076065252, 16.694172673239173, -0.17697269617565015, -0.0007630560396544617, 0.5839052038374635, 0.17872078206470154, 0.0010048323065193633, -0.5845834061364648, 0.1809078574640824, 0.0017456840718444537, 0.5835309410416455, -0.1832006917632638, -0.0004886664556979973, -0.5839350223235802, -15.988043396968324, -0.0011089287003734, -0.21009875348484958, 15.988623091766021, 0.0006325134871722417, 0.21106690933403316, 15.991776202566877, 0.00022517137378679647, -0.21112784698077505, 54.00768478299591, -0.00161244990682062, 0.21111821082016363, -0.8754403917757765, -0.0007852210427136878, -0.03829687735729842, 0.8775446717264157, 0.0009613970995489361, 0.03788797604673244, 0.8788720685787628, 0.0019367054686160656, -0.03905082578752672, -0.8810170289111829, -0.0002491878007777459, 0.03850120736375082, -0.001602728812584892, -1.956712582313705e-06, -0.001561520682565517, 0.0016044361568044057, 1.6534696595659528e-06, 0.0015630908847266715, 0.0016112851060877762, 1.0107699262129145e-06, -0.0015630593076065252, -0.00161244990682062, 69.99999701028784, 0.0015632955579162684, 0.0009170072284601365, -1.100105639209969e-06, -0.001987605718991969, -0.0009138328628752622, 1.6766575583566387e-06, 0.001986645690905241, -0.0009093640732795611, 2.061989505052715e-06, -0.0019886288812007128, 0.0009056471641702866, -3.5635629304665854e-07, 0.001987782456792381, 0.20596041175467789, 0.0010516391493868437, 16.6932655443312, -0.20690175557964524, -0.0007663176569990701, -16.69420860504677, -0.21072166640925924, -0.00034962675233505115, 16.694172673239173, 0.21111821082016363, 0.0015632955579162684, 53.305688034744946, 0.1768025387416282, 0.0007630935183073542, -0.5838505490165216, -0.1785508938256989, -0.0010049415885780247, 0.5845287261460497, -0.18073827552093796, -0.0017458249638545955, -0.5834761518176244, 0.18303143006131245, 0.0004886827627405898, 0.5838803273815989, -0.8791763395235022, 0.0006102259381542075, -0.17730193192246613, 0.8780928559619422, -0.0008130408144598685, 0.1771163468131738, 0.8763576463361071, -0.0004929563531719256, -0.17697269617565015, -0.8754403917757765, 0.0009170072284601365, 0.1768025387416282, 53.859474332030636, -0.0002467669390887817, -0.34072609733499226, 16.139927522420425, 0.00027151882915561623, 0.3410752496193399, 16.138276675948195, 4.25881517808588e-07, -0.34099895008074854, -16.137512301382493, -0.0002464137901472452, 0.3410055402853057, -0.0007819248358716962, -6.958378243380461e-07, -0.000762493317010816, 0.0007825437345831345, 5.382890376014804e-07, 0.0007630283330991005, 0.0007848446306137629, 2.5656999950018187e-07, -0.0007630560396544617, -0.0007852210427136878, -1.100105639209969e-06, 0.0007630935183073542, -0.0002467669390887817, 69.99999984874479, -0.0007083652941205644, 0.00024792235697313245, 6.408805552436755e-07, 0.0007081647241170992, 0.0002492692079625744, 7.932153549791636e-07, -0.0007087889748070051, -0.00025066711247506777, -2.817562898148829e-07, 0.0007084170500550004, -0.033623118763820986, -0.0013527345657237072, 0.5848204168802282, 0.034304249687661104, 0.0007665766961630972, -0.5837456584333354, 0.038115157761731217, 0.0004725131265603388, 0.5839052038374635, -0.03829687735729842, -0.001987605718991969, -0.5838505490165216, -0.34072609733499226, -0.0007083652941205644, 53.10072285246175, 0.3427925434740081, 0.0010110617411886974, 16.898695628009555, 0.3444672911357825, 0.0018779538554436288, -16.900242653384907, -0.34703314863673623, -7.939987955377732e-05, 16.899694759555295, 0.881270421190831, -0.0006081500912804678, 0.17904837960206038, -0.8801886920971358, 0.000811293077884282, -0.17886447879069584, -0.8784607091386447, 0.0004919055617154023, 0.17872078206470154, 0.8775446717264157, -0.0009138328628752622, -0.1785508938256989, 16.139927522420425, 0.00024792235697313245, 0.3427925434740081, 53.8606673357759, -0.00027333051361454625, -0.34314064770010116, -16.137686636937076, -2.6409483299221197e-06, 0.3430664499542519, 16.13692608704377, 0.0002468334391139613, -0.3430721347240914, 0.000956241015121889, 1.113220199657482e-06, 0.0010039433850475604, -0.0009571479792571887, -8.824550908574743e-07, -0.0010048195672445492, -0.0009607793745854954, -5.125805287946574e-07, 0.0010048323065193633, 0.0009613970995489361, 1.6766575583566387e-06, -0.0010049415885780247, 0.00027151882915561623, 6.408805552436755e-07, 0.0010110617411886974, -0.00027333051361454625, 69.99999930889558, -0.0010104830448684856, -0.0002755902513965197, -1.4877343726288846e-06, 0.0010115994006740037, 0.0002776911750511493, 1.4311608372947177e-07, -0.0010111926327221019, 0.03321740323690128, 0.0013521244540593731, -0.5854981213754229, -0.03389790528396036, -0.0007660826572952551, 0.5844237794200944, -0.03770670814959745, -0.00047222089218869833, -0.5845834061364648, 0.03788797604673244, 0.001986645690905241, 0.5845287261460497, 0.3410752496193399, 0.0007081647241170992, 16.898695628009555, -0.34314064770010116, -0.0010104830448684856, 53.10188589768809, -0.3448140340848835, -0.0018774254555482433, 16.89966063252221, 0.347378666349235, 7.927721984857474e-05, -16.89911313618366, 0.8825838107630901, -0.000605184524049639, 0.18123318008541728, -0.8815048320499013, 0.0008089030652480098, -0.18105152777862804, -0.879786487147586, 0.0004905957569726624, 0.1809078574640824, 0.8788720685787628, -0.0009093640732795611, -0.18073827552093796, 16.138276675948195, 0.0002492692079625744, 0.3444672911357825, -16.137686636937076, -0.0002755902513965197, -0.3448140340848835, 53.8639538872945, -6.027784204288233e-06, 0.34474266181233654, 16.135291513534565, 0.00024739862234995734, -0.34474715305870457, 0.0019297251060704998, 1.3240554346572616e-06, 0.0017446157585797395, -0.0019308856082993343, -1.138223696776183e-06, -0.0017457240590560313, -0.0019358755084621614, -7.331473146820095e-07, 0.0017456840718444537, 0.0019367054686160656, 2.061989505052715e-06, -0.0017458249638545955, 4.25881517808588e-07, 7.932153549791636e-07, 0.0018779538554436288, -2.6409483299221197e-06, -1.4877343726288846e-06, -0.0018774254555482433, -6.027784204288233e-06, 69.99999885359382, 0.0018788087022556953, 8.57339311445451e-06, 3.262513081449948e-07, -0.0018780879096437731, -0.03437396140219201, -0.001353408735729861, 0.5844466755876319, 0.03505558072566417, 0.0007671297294908893, -0.583371328248693, 0.038868792269994346, 0.00047283583157983327, 0.5835309410416455, -0.03905082578752672, -0.0019886288812007128, -0.5834761518176244, -0.34099895008074854, -0.0007087889748070051, -16.900242653384907, 0.3430664499542519, 0.0010115994006740037, 16.89966063252221, 0.34474266181233654, 0.0018788087022556953, 53.09879160759582, -0.34730974752546245, -7.954711129910574e-05, 16.900660276613465, -0.884716741320779, 0.0006027773359530036, -0.18352409767215722, 0.88363974232106, -0.0008068362860645698, 0.18334441670865975, 0.8819299540255251, -0.0004893148280061274, -0.1832006917632638, -0.8810170289111829, 0.0009056471641702866, 0.18303143006131245, -16.137512301382493, -0.00025066711247506777, -0.34703314863673623, 16.13692608704377, 0.0002776911750511493, 0.347378666349235, 16.135291513534565, 8.57339311445451e-06, -0.34730974752546245, 53.86545877470492, -0.0002478708613508624, 0.3473131724239197, -0.0002479417648331662, -2.549156223098006e-07, -0.0004884636629179061, 0.00024816606858602344, 1.994932424693371e-07, 0.0004886598869478873, 0.00024901608705782494, 1.4907871463175466e-07, -0.0004886664556979973, -0.0002491878007777459, -3.5635629304665854e-07, 0.0004886827627405898, -0.0002464137901472452, -2.817562898148829e-07, -7.939987955377732e-05, 0.0002468334391139613, 1.4311608372947177e-07, 7.927721984857474e-05, 0.00024739862234995734, 3.262513081449948e-07, -7.954711129910574e-05, -0.0002478708613508624, 70.00000007508885, 7.945723993173597e-05, 0.03382698645545021, 0.0013528392966367661, -0.5848503157814003, -0.034508161842187246, -0.0007666613748823082, 0.5837754441062193, -0.03831945686977353, -0.0004725540871328756, -0.5839350223235802, 0.03850120736375082, 0.001987782456792381, 0.5838803273815989, 0.3410055402853057, 0.0007084170500550004, 16.899694759555295, -0.3430721347240914, -0.0010111926327221019, -16.89911313618366, -0.34474715305870457, -0.0018780879096437731, 16.900660276613465, 0.3473131724239197, 7.945723993173597e-05, 53.099887666722545]]}, {"__ndarray__": [[24], "float64", [9.83327961406029, 3.1052226634506406, 0.14171645424264187, 1.6170633780686945, 1.0350739347317532, 4.193769524527746, 7.342234238444582, 1.035073869101456, 2.3094596221864623, 4.108108610704824, 3.1052228586674206, 2.0260265856091113, 1.3552518686258823, 3.1052222302339683, 1.753644660661699, 10.095090618717386, 1.0350740560078129, 2.581841607975418, 4.369919230200483, 1.035073934383278, 3.9213883008625636, 7.080424234240038, 3.105221904893684, 0.41409802443941934]]}, {"__ndarray__": [[24], "float64", [-0.00014285673938240785, -1.4918073831142515e-06, -0.00014381778854455034, 0.0001439495053626294, 1.1682855952606569e-06, 0.00014494498132521945, 0.00014825690762595203, 5.913626558536499e-07, -0.0001449286527705384, -0.00014889471624327874, -2.1965086530252856e-06, 0.0001451676084432594, 5.331720434470509e-05, -7.457580310878696e-07, -0.00017944777006957834, -5.118203480569408e-05, 8.39754605512823e-07, 0.00017848927543487526, -4.867567964141785e-05, 2.0610371342610412e-06, -0.0001798924592951644, 4.6085552739512015e-05, -2.263659236607638e-07, 0.00017948480547647742]]}, 0.2]