[{"__ndarray__": [[24, 24], "float64", [54.00638717223304, 6.227690386653808e-14, -0.2422566912573294, 15.993612827584833, -3.9923718314289803e-14, 0.24225669135822725, 15.99361282847112, -4.326645288074824e-15, -0.24225669124320506, -15.993612827718238, 3.496300167934031e-14, 0.24225669124192015, -0.9068610708223358, 3.1631737003677824e-14, -0.08311517689175577, 0.9068610700564316, -6.009488183073893e-14, 0.08311517682281117, 0.9068610710572733, -2.9004683210936476e-14, -0.08311517681280128, -0.906861070879892, 3.991550055207363e-15, 0.08311517678734037, 6.227690386653808e-14, 70.0, 7.569726663628136e-14, -6.227690385572864e-14, -6.787974516142207e-27, -7.569726663739891e-14, -6.227690389864763e-14, 1.4959646796124663e-28, 7.569726663390623e-14, 6.227690387313831e-14, 6.50713915946002e-27, -7.569726663345595e-14, -4.63516419351059e-14, 5.570989470312693e-27, 5.934033044166496e-14, 4.6351641962827486e-14, -1.2757164316147356e-26, -5.934033044136072e-14, 4.635164191590898e-14, -5.56563692155991e-27, 5.93403304387504e-14, -4.6351641927515365e-14, 3.8838185383663633e-29, -5.934033043851182e-14, -0.2422566912573294, 7.569726663628136e-14, 53.328133784099336, 0.24225669106325204, -3.989728588006773e-14, 16.671866215998104, 0.24225669199192726, 2.931197730136497e-15, -16.671866215873035, -0.24225669124411942, 3.9322121284086407e-14, 16.671866215871912, -0.15996167241224934, 3.29551333476797e-14, 0.6136954675506663, 0.15996167165762115, -7.684294624351112e-14, -0.6136954676168438, 0.15996167268793354, -3.365538450686971e-14, 0.613695467639825, -0.15996167248048482, -6.743068729599902e-16, -0.6136954676510673, 15.993612827584833, -6.227690385572864e-14, 0.24225669106325204, 54.00638717259731, 3.992371830924696e-14, -0.24225669116414997, -15.993612828288981, 4.326645285477977e-15, 0.24225669104912903, 15.993612827536099, -3.496300167271641e-14, -0.242256691047845, 0.9068610710165442, -3.163173699848357e-14, 0.08311517672695096, -0.9068610702506386, 6.009488181983645e-14, -0.08311517665800425, -0.9068610712514811, 2.900468320386727e-14, 0.08311517664799747, 0.9068610710740994, -3.991550052237605e-15, -0.0831151766225374, -3.9923718314289803e-14, -6.787974516142207e-27, -3.989728588006773e-14, 3.992371830924696e-14, 70.0, 3.989728588181875e-14, 3.992371833685952e-14, -3.1050317602679377e-29, -3.989728587831736e-14, -3.992371831955669e-14, -3.58030354689877e-27, 3.9897285877703344e-14, 3.884655152183168e-14, -3.0876112870417633e-27, -3.220700621559518e-14, -3.8846551538097954e-14, 6.772837669424263e-27, 3.2207006214449236e-14, -3.884655151111322e-14, 3.0345684802285942e-27, -3.2207006213559634e-14, 3.8846551514710974e-14, -8.378605630764735e-29, 3.220700621311086e-14, 0.24225669135822725, -7.569726663739891e-14, 16.671866215998104, -0.24225669116414997, 3.989728588181875e-14, 53.328133783904455, -0.24225669209282694, -2.9311977288813893e-15, 16.671866215970464, 0.24225669134501798, -3.93221212853352e-14, -16.671866215969352, 0.15996167241381576, -3.295513334947385e-14, -0.6136954674617258, -0.15996167165918745, 7.684294624451639e-14, 0.6136954675279028, -0.15996167268950107, 3.3655384508354075e-14, -0.6136954675508834, 0.15996167248205323, 6.743068716645023e-16, 0.6136954675621256, 15.99361282847112, -6.227690389864763e-14, 0.24225669199192726, -15.993612828288981, 3.992371833685952e-14, -0.24225669209282694, 54.00638717082472, 4.3266452980716274e-15, 0.2422566919778057, 15.993612828422387, -3.4963001703445135e-14, -0.2422566919765208, 0.9068610704693809, -3.163173702660286e-14, 0.08311517749058048, -0.906861069703476, 6.009488186241938e-14, -0.08311517742163635, -0.9068610707043187, 2.90046832374128e-14, 0.08311517741162736, 0.9068610705269389, -3.991550066462138e-15, -0.08311517738616489, -4.326645288074824e-15, 1.4959646796124663e-28, 2.931197730136497e-15, 4.326645285477977e-15, -3.1050317602679377e-29, -2.9311977288813893e-15, 4.3266452980716274e-15, 70.0, 2.931197730452641e-15, -4.326645287981496e-15, 3.122409274344339e-29, -2.9311977308818538e-15, 4.705502159295651e-15, 3.1958867387318995e-29, 4.2552305089085836e-16, -4.705502168946344e-15, -1.5538981259592537e-28, -4.25523051715715e-16, -4.705502156106519e-15, -2.7470222942451273e-29, 4.2552305187241747e-16, 4.705502157790014e-15, -3.674366422276648e-29, -4.255230522572191e-16, -0.24225669124320506, 7.569726663390623e-14, -16.671866215873035, 0.24225669104912903, -3.989728587831736e-14, 16.671866215970464, 0.2422566919778057, 2.931197730452641e-15, 53.32813378415461, -0.24225669122999618, 3.9322121282926585e-14, 16.671866215844283, -0.15996167246347914, 3.2955133346087546e-14, 0.6136954675620706, 0.15996167170885078, -7.684294624119537e-14, -0.6136954676282484, 0.15996167273916367, -3.3655384505691675e-14, 0.6136954676512295, -0.1599616725317164, -6.743068733628173e-16, -0.6136954676624702, -15.993612827718238, 6.227690387313831e-14, -0.24225669124411942, 15.993612827536099, -3.992371831955669e-14, 0.24225669134501798, 15.993612828422387, -4.326645287981496e-15, -0.24225669122999618, 54.006387172330484, 3.496300168200075e-14, 0.24225669122871152, -0.9068610707741734, 3.1631737008053515e-14, -0.08311517685377437, 0.9068610700082704, -6.009488183701997e-14, 0.08311517678482896, 0.9068610710091124, -2.9004683213439e-14, -0.083115176774822, -0.9068610708317313, 3.991550055381982e-15, 0.08311517674936064, 3.496300167934031e-14, 6.50713915946002e-27, 3.9322121284086407e-14, -3.496300167271641e-14, -3.58030354689877e-27, -3.93221212853352e-14, -3.4963001703445135e-14, 3.122409274344339e-29, 3.9322121282926585e-14, 3.496300168200075e-14, 70.0, -3.9322121282389895e-14, -3.446053861076834e-14, 2.9234872313959284e-27, 3.3293438038305055e-14, 3.4460538632149423e-14, -6.49382743381716e-27, -3.329343803683357e-14, 3.44605386000846e-14, -2.915878235588543e-27, 3.3293438035958504e-14, -3.4460538605914e-14, 8.267030828238501e-29, -3.329343803541049e-14, 0.24225669124192015, -7.569726663345595e-14, 16.671866215871912, -0.242256691047845, 3.9897285877703344e-14, -16.671866215969352, -0.2422566919765208, -2.9311977308818538e-15, 16.671866215844283, 0.24225669122871152, -3.9322121282389895e-14, 53.32813378415684, 0.15996167247094895, -3.2955133345583016e-14, -0.6136954675704683, -0.1599616717163208, 7.684294624078794e-14, 0.6136954676366471, -0.15996167274663314, 3.36553845051248e-14, -0.6136954676596256, 0.15996167253918459, 6.743068738705692e-16, 0.6136954676708688, -0.9068610708223358, -4.63516419351059e-14, -0.15996167241224934, 0.9068610710165442, 3.884655152183168e-14, 0.15996167241381576, 0.9068610704693809, 4.705502159295651e-15, -0.15996167246347914, -0.9068610707741734, -3.446053861076834e-14, 0.15996167247094895, 53.85732767159124, -3.0104162143874024e-14, -0.32930090129379996, 16.142672328664666, 4.6268417647788293e-14, 0.32930090126405387, 16.142672328224595, 2.7936581419311658e-14, -0.32930090130993406, -16.142672328312962, -6.533719777544187e-15, 0.3293009013093864, 3.1631737003677824e-14, 5.570989470312693e-27, 3.29551333476797e-14, -3.163173699848357e-14, -3.0876112870417633e-27, -3.295513334947385e-14, -3.163173702660286e-14, 3.1958867387318995e-29, 3.2955133346087546e-14, 3.1631737008053515e-14, 2.9234872313959284e-27, -3.2955133345583016e-14, -3.0104162143874024e-14, 70.0, 2.6517525584100875e-14, 3.010416216137634e-14, -5.558441064491412e-27, -2.651752558283931e-14, 3.010416213357071e-14, -2.481409387663571e-27, 2.6517525582016503e-14, -3.010416213756282e-14, 6.111811807378054e-29, -2.6517525581531726e-14, -0.08311517689175577, 5.934033044166496e-14, 0.6136954675506663, 0.08311517672695096, -3.220700621559518e-14, -0.6136954674617258, 0.08311517749058048, 4.2552305089085836e-16, 0.6136954675620706, -0.08311517685377437, 3.3293438038305055e-14, -0.6136954675704683, -0.32930090129379996, 2.6517525584100875e-14, 53.122320836154934, 0.3293009006416795, -6.008080409446375e-14, 16.87767916378217, 0.3293009014923839, -2.90453248567045e-14, -16.877679163777156, -0.3293009013429558, 1.7255230441388289e-15, 16.877679163754273, 0.9068610700564316, 4.6351641962827486e-14, 0.15996167165762115, -0.9068610702506386, -3.8846551538097954e-14, -0.15996167165918745, -0.906861069703476, -4.705502168946344e-15, 0.15996167170885078, 0.9068610700082704, 3.4460538632149423e-14, -0.1599616717163208, 16.142672328664666, 3.010416216137634e-14, 0.3293009006416795, 53.85732767107943, -4.626841767546777e-14, -0.3293009006119314, -16.142672328480497, -2.7936581443111112e-14, 0.32930090065781203, 16.14267232856886, 6.5337197881952275e-15, -0.32930090065726303, -6.009488183073893e-14, -1.2757164316147356e-26, -7.684294624351112e-14, 6.009488181983645e-14, 6.772837669424263e-27, 7.684294624451639e-14, 6.009488186241938e-14, -1.5538981259592537e-28, -7.684294624119537e-14, -6.009488183701997e-14, -6.49382743381716e-27, 7.684294624078794e-14, 4.6268417647788293e-14, -5.558441064491412e-27, -6.008080409446375e-14, -4.626841767546777e-14, 70.0, 6.008080409411983e-14, -4.6268417628747236e-14, 5.553043229069797e-27, -6.008080409152503e-14, 4.62684176405725e-14, -3.7027546604604425e-29, 6.008080409129327e-14, 0.08311517682281117, -5.934033044136072e-14, -0.6136954676168438, -0.08311517665800425, 3.2207006214449236e-14, 0.6136954675279028, -0.08311517742163635, -4.25523051715715e-16, -0.6136954676282484, 0.08311517678482896, -3.329343803683357e-14, 0.6136954676366471, 0.32930090126405387, -2.651752558283931e-14, 16.87767916378217, -0.3293009006119314, 6.008080409411983e-14, 53.122320836280714, -0.32930090146263646, 2.90453248550471e-14, 16.877679163714273, 0.32930090131320733, -1.7255230432169376e-15, -16.877679163691393, 0.9068610710572733, 4.635164191590898e-14, 0.15996167268793354, -0.9068610712514811, -3.884655151111322e-14, -0.15996167268950107, -0.9068610707043187, -4.705502156106519e-15, 0.15996167273916367, 0.9068610710091124, 3.44605386000846e-14, -0.15996167274663314, 16.142672328224595, 3.010416213357071e-14, 0.3293009014923839, -16.142672328480497, -4.6268417628747236e-14, -0.32930090146263646, 53.85732767195959, -2.7936581408098208e-14, 0.3293009015085193, 16.14267232812879, 6.533719773718199e-15, -0.3293009015079694, -2.9004683210936476e-14, -5.56563692155991e-27, -3.365538450686971e-14, 2.900468320386727e-14, 3.0345684802285942e-27, 3.3655384508354075e-14, 2.90046832374128e-14, -2.7470222942451273e-29, -3.3655384505691675e-14, -2.9004683213439e-14, -2.915878235588543e-27, 3.36553845051248e-14, 2.7936581419311658e-14, -2.481409387663571e-27, -2.90453248567045e-14, -2.7936581443111112e-14, 5.553043229069797e-27, 2.90453248550471e-14, -2.7936581408098208e-14, 70.0, -2.904532485414216e-14, 2.793658141440582e-14, -6.949233347857265e-29, 2.9045324853547584e-14, -0.08311517681280128, 5.93403304387504e-14, 0.613695467639825, 0.08311517664799747, -3.2207006213559634e-14, -0.6136954675508834, 0.08311517741162736, 4.2552305187241747e-16, 0.6136954676512295, -0.083115176774822, 3.3293438035958504e-14, -0.6136954676596256, -0.32930090130993406, 2.6517525582016503e-14, -16.877679163777156, 0.32930090065781203, -6.008080409152503e-14, 16.877679163714273, 0.3293009015085193, -2.904532485414216e-14, 53.12232083629073, -0.3293009013590886, 1.7255230429942832e-15, 16.877679163686373, -0.906861070879892, -4.6351641927515365e-14, -0.15996167248048482, 0.9068610710740994, 3.8846551514710974e-14, 0.15996167248205323, 0.9068610705269389, 4.705502157790014e-15, -0.1599616725317164, -0.9068610708317313, -3.4460538605914e-14, 0.15996167253918459, -16.142672328312962, -3.010416213756282e-14, -0.3293009013429558, 16.14267232856886, 4.62684176405725e-14, 0.32930090131320733, 16.14267232812879, 2.793658141440582e-14, -0.3293009013590886, 53.85732767178284, -6.533719775718488e-15, 0.32930090135853984, 3.991550055207363e-15, 3.8838185383663633e-29, -6.743068729599902e-16, -3.991550052237605e-15, -8.378605630764735e-29, 6.743068716645023e-16, -3.991550066462138e-15, -3.674366422276648e-29, -6.743068733628173e-16, 3.991550055381982e-15, 8.267030828238501e-29, 6.743068738705692e-16, -6.533719777544187e-15, 6.111811807378054e-29, 1.7255230441388289e-15, 6.5337197881952275e-15, -3.7027546604604425e-29, -1.7255230432169376e-15, 6.533719773718199e-15, -6.949233347857265e-29, 1.7255230429942832e-15, -6.533719775718488e-15, 70.0, -1.7255230426087953e-15, 0.08311517678734037, -5.934033043851182e-14, -0.6136954676510673, -0.0831151766225374, 3.220700621311086e-14, 0.6136954675621256, -0.08311517738616489, -4.255230522572191e-16, -0.6136954676624702, 0.08311517674936064, -3.329343803541049e-14, 0.6136954676708688, 0.3293009013093864, -2.6517525581531726e-14, 16.877679163754273, -0.32930090065726303, 6.008080409129327e-14, -16.877679163691393, -0.3293009015079694, 2.9045324853547584e-14, 16.877679163686373, 0.32930090135853984, -1.7255230426087953e-15, 53.12232083633649]]}, {"__ndarray__": [[24], "float64", [9.843110280289944, 3.108358860304312, 0.1347153653017455, 1.6187986709536786, 1.0361196201014375, 4.205150108809441, 7.349753146575321, 1.0361196201014375, 2.3046481023573677, 4.1121558046681095, 3.108358860304312, 2.035217371753862, 1.361013112056437, 3.108358860304312, 1.7663787043876678, 10.100895839187338, 1.0361196201014375, 2.5734867697235777, 4.369941363565356, 1.0361196201014375, 3.9363114414432654, 7.091967587678227, 3.108358860304312, 0.40355403266797457]]}, {"__ndarray__": [[24], "float64", [-0.00022178298287256238, 1.418086937459265e-15, -0.00020791385169558927, 0.00022178298256291174, -1.2470806659134682e-15, 0.00020791385184769416, 0.00022178298414471278, -1.2106880736728452e-15, -0.00020791385165597285, -0.00022178298290466463, 1.4875699727746686e-15, 0.00020791385161738664, 1.9206789658498657e-05, 9.182246973950993e-16, -0.0002032258592826985, -1.9206790911078728e-05, -1.102380705168701e-15, 0.00020322585919968202, -1.920678925476909e-05, -1.1453818576586689e-15, -0.00020322585915924138, 1.9206789576958847e-05, 8.838970328584233e-16, 0.00020322585912873595]]}, 0.2]