[{"__ndarray__": [[24, 24], "float64", [54.04549449219746, -5.04429405243027e-15, -0.16888901810647405, 15.954505506967898, -7.484774440290473e-15, 0.16888901818692886, 15.95450550749597, -6.006235751474784e-16, -0.16888901792271974, -15.954505507819702, -8.770760789987028e-15, 0.16888901786895058, -0.8933859008895964, 8.74017610539649e-15, -0.03299113326599362, 0.8933859011157939, 4.761199381785896e-15, 0.03299113321086018, 0.8933859018829561, 8.269752209626794e-15, -0.0329911330884176, -0.8933859009944451, -1.5597774627064673e-15, 0.03299113309571573, -5.04429405243027e-15, 70.0, -4.7619801887283e-15, 5.0442940506221594e-15, 6.070151296156337e-29, 4.7619801889298456e-15, 5.0442940525733414e-15, -1.4784041237713871e-28, -4.761980188493613e-15, -5.044294053146405e-15, 1.156862267681069e-28, 4.761980188179789e-15, 6.552623416819082e-15, -8.416274827306431e-29, -2.7069431116248787e-15, -6.552623416380064e-15, -7.854586980089706e-29, 2.7069431115381884e-15, -6.5526234143442315e-15, -9.191845619063146e-29, -2.706943111164922e-15, 6.5526234162352084e-15, 1.607522583427265e-28, 2.7069431113317305e-15, -0.16888901810647405, -4.7619801887283e-15, 53.32887100944259, 0.16888901747614327, -1.306060706668377e-15, 16.671128990611773, 0.16888901792855013, 1.0939295929479701e-14, -16.67112899042738, -0.1688890181298783, -3.4569833999651822e-15, 16.671128990383284, -0.17335939888208501, 2.6585232679089564e-15, 0.6549822605911844, 0.17335939902234176, 3.54217684960899e-15, -0.6549822606208684, 0.17335939960175162, 1.7921348826218976e-15, 0.6549822607167779, -0.173359398982939, -1.1253109767381777e-14, -0.6549822606941875, 15.954505506967898, 5.0442940506221594e-15, 0.16888901747614327, 54.04549449386675, 7.484774440423888e-15, -0.16888901755659855, -15.954505506661317, 6.006235760409659e-16, 0.16888901729238884, 15.95450550698505, 8.770760787112034e-15, -0.16888901723862018, 0.8933859009595462, -8.740176105194869e-15, 0.032991132833904604, -0.8933859011857481, -4.761199379623267e-15, -0.03299113277876897, -0.8933859019529093, -8.269752205998375e-15, 0.03299113265632776, 0.8933859010643947, 1.559777460161214e-15, -0.032991132663627215, -7.484774440290473e-15, 6.070151296156337e-29, -1.306060706668377e-15, 7.484774440423888e-15, 70.0, 1.3060607065340048e-15, 7.484774440422838e-15, -6.477233808523398e-29, -1.3060607067863018e-15, -7.484774440178188e-15, 9.290167274632976e-29, 1.3060607069265759e-15, 4.789298571720587e-15, -7.239136770979231e-29, -3.61752799797308e-16, -4.789298571832164e-15, -5.25506477764724e-29, 3.617527997988317e-16, -4.789298572117408e-15, -8.00147855857839e-29, -3.617527999751159e-16, 4.789298571651913e-15, 7.865595930429122e-29, 3.6175279995778066e-16, 0.16888901818692886, 4.7619801889298456e-15, 16.671128990611773, -0.16888901755659855, 1.3060607065340048e-15, 53.32887100933385, -0.1688890180090031, -1.0939295929753742e-14, 16.671128990481737, 0.1688890182103335, 3.4569834003675214e-15, -16.67112899043765, 0.17335939888801155, -2.658523267827276e-15, -0.6549822605578222, -0.1733593990282689, -3.5421768498776817e-15, 0.6549822605875054, -0.1733593996076781, -1.7921348830964653e-15, -0.6549822606834147, 0.1733593989888662, 1.1253109767824567e-14, 0.6549822606608252, 15.95450550749597, 5.0442940525733414e-15, 0.16888901792855013, -15.954505506661317, 7.484774440422838e-15, -0.1688890180090031, 54.045494492810604, 6.00623574541081e-16, 0.16888901774479384, 15.954505507513122, 8.770760789956848e-15, -0.16888901769102518, 0.8933859006665549, -8.740176105564433e-15, 0.03299113314315534, -0.8933859008927552, -4.761199381853214e-15, -0.03299113308802325, -0.8933859016599143, -8.269752209496903e-15, 0.032991132965578235, 0.8933859007714035, 1.5597774632482901e-15, -0.03299113297287762, -6.006235751474784e-16, -1.4784041237713871e-28, 1.0939295929479701e-14, 6.006235760409659e-16, -6.477233808523398e-29, -1.0939295929753742e-14, 6.00623574541081e-16, 70.0, 1.0939295929243426e-14, -6.006235740549833e-16, -1.5659404265310285e-28, -1.0939295928881937e-14, -8.030427698727624e-15, 1.0125578485351404e-28, 6.444026807364472e-15, 8.030427698272865e-15, 1.212877788906602e-28, -6.444026807303444e-15, 8.030427696733799e-15, 1.135601246349728e-28, 6.444026806900948e-15, -8.030427697995104e-15, -3.0576455496997775e-28, -6.4440268070504464e-15, -0.16888901792271974, -4.761980188493613e-15, -16.67112899042738, 0.16888901729238884, -1.3060607067863018e-15, 16.671128990481737, 0.16888901774479384, 1.0939295929243426e-14, 53.32887100970267, -0.16888901794612396, -3.456983399652744e-15, 16.67112899025325, -0.17335939883258578, 2.65852326797835e-15, 0.6549822606823831, 0.1733593989728449, 3.542176849301426e-15, -0.6549822607120682, 0.17335939955225255, 1.7921348821926303e-15, 0.6549822608079783, -0.1733593989334426, -1.1253109766869523e-14, -0.654982260785389, -15.954505507819702, -5.044294053146405e-15, -0.1688890181298783, 15.95450550698505, -7.484774440178188e-15, 0.1688890182103335, 15.954505507513122, -6.006235740549833e-16, -0.16888901794612396, 54.04549449216315, -8.770760791014381e-15, 0.16888901789235453, -0.8933859007632781, 8.740176105449812e-15, -0.032991133275718065, 0.8933859009894793, 4.7611993826067935e-15, 0.0329911332205854, 0.8933859017566399, 8.26975221076045e-15, -0.03299113309814235, -0.8933859008681271, -1.5597774641623227e-15, 0.03299113310544016, -8.770760789987028e-15, 1.156862267681069e-28, -3.4569833999651822e-15, 8.770760787112034e-15, 9.290167274632976e-29, 3.4569834003675214e-15, 8.770760789956848e-15, -1.5659404265310285e-28, -3.456983399652744e-15, -8.770760791014381e-15, 70.0, 3.4569833989500484e-15, 5.373458013610751e-15, -1.2436334209075507e-28, -1.0343205766488673e-16, -5.373458012691873e-15, -9.79305412206936e-29, 1.0343205750636908e-16, -5.373458009446372e-15, -1.5046992723484196e-28, -1.0343205679385334e-16, 5.373458012774763e-15, 1.7733082207417669e-28, 1.0343205716636174e-16, 0.16888901786895058, 4.761980188179789e-15, 16.671128990383284, -0.16888901723862018, 1.3060607069265759e-15, -16.67112899043765, -0.16888901769102518, -1.0939295928881937e-14, 16.67112899025325, 0.16888901789235453, 3.4569833989500484e-15, 53.328871009790845, 0.17335939887088425, -2.6585232680489524e-15, -0.6549822607136818, -0.17335939901114428, -3.5421768489254118e-15, 0.6549822607433655, -0.17335939959055158, -1.7921348814213752e-15, -0.6549822608392759, 0.17335939897174102, 1.1253109766347249e-14, 0.6549822608166858, -0.8933859008895964, 6.552623416819082e-15, -0.17335939888208501, 0.8933859009595462, 4.789298571720587e-15, 0.17335939888801155, 0.8933859006665549, -8.030427698727624e-15, -0.17335939883258578, -0.8933859007632781, 5.373458013610751e-15, 0.17335939887088425, 53.77831485493542, -5.9798141401184306e-15, -0.3290021001104292, 16.2216851449861, -5.977896182280662e-15, 0.3290021001287128, 16.221685144939254, -4.107098745480866e-15, -0.32900210016347053, -16.22168514502527, 9.193377524066525e-15, 0.329002100117898, 8.74017610539649e-15, -8.416274827306431e-29, 2.6585232679089564e-15, -8.740176105194869e-15, -7.239136770979231e-29, -2.658523267827276e-15, -8.740176105564433e-15, 1.0125578485351404e-28, 2.65852326797835e-15, 8.740176105449812e-15, -1.2436334209075507e-28, -2.6585232680489524e-15, -5.9798141401184306e-15, 70.0, 1.0472404948151529e-15, 5.979814140097126e-15, 7.201048505980903e-29, -1.0472404947862886e-15, 5.979814139999438e-15, 1.0536160279261665e-28, 1.047240494898575e-15, -5.979814139883582e-15, -1.1870942515137438e-28, -1.0472404949078776e-15, -0.03299113326599362, -2.7069431116248787e-15, 0.6549822605911844, 0.032991132833904604, -3.61752799797308e-16, -0.6549822605578222, 0.03299113314315534, 6.444026807364472e-15, 0.6549822606823831, -0.032991133275718065, -1.0343205766488673e-16, -0.6549822607136818, -0.3290021001104292, 1.0472404948151529e-15, 53.139267668146935, 0.3290021002183101, 1.9851032170054833e-15, 16.860732331827748, 0.32900210061035157, -8.646508848179962e-16, -16.860732331763852, -0.32900210017269127, -6.6392335892146785e-15, 16.860732331777122, 0.8933859011157939, -6.552623416380064e-15, 0.17335939902234176, -0.8933859011857481, -4.789298571832164e-15, -0.1733593990282689, -0.8933859008927552, 8.030427698272865e-15, 0.1733593989728449, 0.8933859009894793, -5.373458012691873e-15, -0.17335939901114428, 16.2216851449861, 5.979814140097126e-15, 0.3290021002183101, 53.7783148550924, 5.977896181747365e-15, -0.32900210023659554, -16.22168514486075, 4.107098744374117e-15, 0.32900210027135435, 16.221685144946775, -9.1933775232111e-15, -0.32900210022578125, 4.761199381785896e-15, -7.854586980089706e-29, 3.54217684960899e-15, -4.761199379623267e-15, -5.25506477764724e-29, -3.5421768498776817e-15, -4.761199381853214e-15, 1.212877788906602e-28, 3.542176849301426e-15, 4.7611993826067935e-15, -9.79305412206936e-29, -3.5421768489254118e-15, -5.977896182280662e-15, 7.201048505980903e-29, 1.9851032170054833e-15, 5.977896181747365e-15, 70.0, -1.9851032168457054e-15, 5.977896179291935e-15, 7.838470550692018e-29, 1.985103216428215e-15, -5.977896181560559e-15, -1.3249614977812418e-28, -1.9851032166029094e-15, 0.03299113321086018, 2.7069431115381884e-15, -0.6549822606208684, -0.03299113277876897, 3.617527997988317e-16, 0.6549822605875054, -0.03299113308802325, -6.444026807303444e-15, -0.6549822607120682, 0.0329911332205854, 1.0343205750636908e-16, 0.6549822607433655, 0.3290021001287128, -1.0472404947862886e-15, 16.860732331827748, -0.32900210023659554, -1.9851032168457054e-15, 53.13926766819757, -0.32900210062863466, 8.646508850062677e-16, 16.860732331738532, 0.3290021001909754, 6.6392335890505725e-15, -16.860732331751795, 0.8933859018829561, -6.5526234143442315e-15, 0.17335939960175162, -0.8933859019529093, -4.789298572117408e-15, -0.1733593996076781, -0.8933859016599143, 8.030427696733799e-15, 0.17335939955225255, 0.8933859017566399, -5.373458009446372e-15, -0.17335939959055158, 16.221685144939254, 5.979814139999438e-15, 0.32900210061035157, -16.22168514486075, 5.977896179291935e-15, -0.32900210062863466, 53.77831485518609, 4.10709874045569e-15, 0.3290021006633938, 16.22168514489992, -9.193377520004106e-15, -0.3290021006178214, 8.269752209626794e-15, -9.191845619063146e-29, 1.7921348826218976e-15, -8.269752205998375e-15, -8.00147855857839e-29, -1.7921348830964653e-15, -8.269752209496903e-15, 1.135601246349728e-28, 1.7921348821926303e-15, 8.26975221076045e-15, -1.5046992723484196e-28, -1.7921348814213752e-15, -4.107098745480866e-15, 1.0536160279261665e-28, -8.646508848179962e-16, 4.107098744374117e-15, 7.838470550692018e-29, 8.646508850062677e-16, 4.10709874045569e-15, 70.0, -8.646508858751037e-16, -4.107098744599046e-15, -1.3179567956680188e-28, 8.64650885442212e-16, -0.0329911330884176, -2.706943111164922e-15, 0.6549822607167779, 0.03299113265632776, -3.617527999751159e-16, -0.6549822606834147, 0.032991132965578235, 6.444026806900948e-15, 0.6549822608079783, -0.03299113309814235, -1.0343205679385334e-16, -0.6549822608392759, -0.32900210016347053, 1.047240494898575e-15, -16.860732331763852, 0.32900210027135435, 1.985103216428215e-15, 16.860732331738532, 0.3290021006633938, -8.646508858751037e-16, 53.13926766832535, -0.3290021002257332, -6.63923358833466e-15, 16.860732331687906, -0.8933859009944451, 6.5526234162352084e-15, -0.173359398982939, 0.8933859010643947, 4.789298571651913e-15, 0.1733593989888662, 0.8933859007714035, -8.030427697995104e-15, -0.1733593989334426, -0.8933859008681271, 5.373458012774763e-15, 0.17335939897174102, -16.22168514502527, -5.979814139883582e-15, -0.32900210017269127, 16.221685144946775, -5.977896181560559e-15, 0.3290021001909754, 16.22168514489992, -4.107098744599046e-15, -0.3290021002257332, 53.77831485501405, 9.193377522972555e-15, 0.3290021001801596, -1.5597774627064673e-15, 1.607522583427265e-28, -1.1253109767381777e-14, 1.559777460161214e-15, 7.865595930429122e-29, 1.1253109767824567e-14, 1.5597774632482901e-15, -3.0576455496997775e-28, -1.1253109766869523e-14, -1.5597774641623227e-15, 1.7733082207417669e-28, 1.1253109766347249e-14, 9.193377524066525e-15, -1.1870942515137438e-28, -6.6392335892146785e-15, -9.1933775232111e-15, -1.3249614977812418e-28, 6.6392335890505725e-15, -9.193377520004106e-15, -1.3179567956680188e-28, -6.63923358833466e-15, 9.193377522972555e-15, 70.0, 6.639233588591238e-15, 0.03299113309571573, 2.7069431113317305e-15, -0.6549822606941875, -0.032991132663627215, 3.6175279995778066e-16, 0.6549822606608252, -0.03299113297287762, -6.4440268070504464e-15, -0.654982260785389, 0.03299113310544016, 1.0343205716636174e-16, 0.6549822608166858, 0.329002100117898, -1.0472404949078776e-15, 16.860732331777122, -0.32900210022578125, -1.9851032166029094e-15, -16.860732331751795, -0.3290021006178214, 8.64650885442212e-16, 16.860732331687906, 0.3290021001801596, 6.639233588591238e-15, 53.13926766829883]]}, {"__ndarray__": [[24], "float64", [9.88241773471443, 3.1209052129190624, 0.12810791463105728, 1.6257552284415244, 1.0403017376396875, 4.229274675420052, 7.379841710019308, 1.0403017376396875, 2.3067992096565675, 4.128331253136533, 3.1209052129190624, 2.0505833803945652, 1.3754345289119927, 3.1209052129190624, 1.7724251983500434, 10.132738434243729, 1.0403017376396875, 2.584957391701095, 4.378651952665677, 1.0403017376396875, 3.9511164933755625, 7.129521010489892, 3.1209052129190624, 0.40626609667556407]]}, {"__ndarray__": [[24], "float64", [-0.0005429193323781618, -1.3777827040906975e-17, -0.0004452776583749815, 0.0005429193310166251, -6.480498837313275e-18, 0.0004452776585245526, 0.000542919332205813, 4.501851114447648e-17, -0.0004452776581495071, -0.0005429193325372202, 7.308426356714039e-18, 0.00044527765801009845, 0.00025004030800746457, 7.718485022625143e-18, -0.00028495276440038977, -0.00025004030769736237, 1.0203947096344368e-17, 0.0002849527643206226, -0.0002500403063958171, -9.798508892180389e-18, -0.0002849527640846961, 0.0002500403077786693, -4.075554441535097e-17, 0.0002849527641542748]]}, 0.2]