[{"__ndarray__": [[24, 24], "float64", [53.97152547597601, 4.8722316785598775e-14, -0.14784559468328826, 16.028474523833264, -5.069627642707817e-15, 0.14784559478658205, 16.028474525255945, 7.62548717347959e-14, -0.14784559457668206, -16.028474524790486, -8.354425468119567e-15, 0.14784559449462567, -0.7873336420070499, 4.611003497264782e-15, -0.001125311742837462, 0.7873336415321011, -5.344881737366646e-14, 0.0011253116652176903, 0.7873336429086364, 5.1770483510851755e-15, -0.0011253115759574522, -0.7873336427368414, -6.801689728277842e-14, 0.001125311600507814, 4.8722316785598775e-14, 70.0, 1.6877310813628476e-14, -4.8722316781335695e-14, -9.57821432310099e-28, -1.6877310812631223e-14, -4.8722316792014196e-14, 6.496002632336514e-27, 1.6877310812648805e-14, 4.872231679134083e-14, 5.051095219349794e-28, -1.6877310813236945e-14, -7.379197605871875e-14, 1.0846589112926786e-27, 2.4498765547508714e-14, 7.379197606103456e-14, -5.73359071297444e-27, -2.4498765547867765e-14, 7.379197605108901e-14, -9.695883988637472e-28, 2.4498765546435358e-14, -7.379197605283185e-14, -5.576928206403549e-27, -2.4498765547462834e-14, -0.14784559468328826, 1.6877310813628476e-14, 53.330175978284245, 0.147845594644557, -7.753537343306893e-15, 16.669824021733586, 0.14784559485713838, -5.450482120251558e-15, -16.66982402169001, -0.14784559478071121, 1.0505700502870521e-14, 16.669824021689273, -0.1850258900065778, 1.1555150837489142e-14, 0.6723219025083516, 0.18502588999891112, -1.7236046044593537e-14, -0.672321902503042, 0.18502589017840637, -1.4765195362675334e-14, 0.6723219025258277, -0.1850258901403231, 6.416251410619105e-15, -0.6723219025388728, 16.028474523833264, -4.8722316781335695e-14, 0.147845594644557, 53.97152547635746, 5.069627636516688e-15, -0.14784559474785156, -16.028474525065224, -7.62548717308232e-14, 0.14784559453795068, 16.02847452459976, 8.354425480366759e-15, -0.14784559445589415, 0.7873336423524743, -4.611003491320376e-15, 0.0011253116924554996, -0.787333641877522, 5.34488173698051e-14, -0.0011253116148341041, -0.7873336432540609, -5.177048363001355e-15, 0.0011253115255731722, 0.7873336430822651, 6.801689727833076e-14, -0.0011253115501246858, -5.069627642707817e-15, -9.57821432310099e-28, -7.753537343306893e-15, 5.069627636516688e-15, 70.0, 7.75353734500784e-15, 5.069627663195193e-15, -1.0687142055214888e-27, -7.753537341174695e-15, -5.069627655446898e-15, -1.1138725049704161e-28, 7.753537340225471e-15, 1.3302993162695019e-14, -2.788944456946781e-28, -9.180550496189329e-15, -1.3302993170974404e-14, 1.0627724078736105e-27, 9.180550495447047e-15, -1.3302993144578503e-14, 2.193910217478528e-28, -9.180550493026423e-15, 1.3302993148972935e-14, 9.132395563484207e-28, 9.180550493722796e-15, 0.14784559478658205, -1.6877310812631223e-14, 16.669824021733586, -0.14784559474785156, 7.75353734500784e-15, 53.3301759782486, -0.14784559496043276, 5.450482120231696e-15, 16.669824021707843, 0.1478455948840044, -1.0505700507262634e-14, -16.669824021707107, 0.18502588978003337, -1.155515083877641e-14, -0.6723219025639644, -0.18502588977236673, 1.7236046043855974e-14, 0.6723219025586548, -0.18502588995186298, 1.4765195366423458e-14, -0.6723219025814403, 0.18502588991377877, -6.4162514106819496e-15, 0.6723219025944875, 16.028474525255945, -4.8722316792014196e-14, 0.14784559485713838, -16.028474525065224, 5.069627663195193e-15, -0.14784559496043276, 53.97152547351209, -7.625487174757214e-14, 0.14784559475053413, 16.02847452602244, 8.354425422050116e-15, -0.14784559466847694, 0.7873336399353581, -4.611003512570962e-15, 0.0011253118919907351, -0.787333639460408, 5.344881738433271e-14, -0.0011253118143726287, -0.7873336408369462, -5.17704831046881e-15, 0.0011253117251100037, 0.7873336406651483, 6.801689729119052e-14, -0.0011253117496623222, 7.62548717347959e-14, 6.496002632336514e-27, -5.450482120251558e-15, -7.62548717308232e-14, -1.0687142055214888e-27, 5.450482120231696e-15, -7.625487174757214e-14, 70.0, -5.4504821221477746e-15, 7.625487174554192e-14, 1.6542040923372197e-28, 5.450482122651121e-15, -9.564823193620899e-14, 1.1314870043970615e-27, 1.2809686595849827e-14, 9.564823193930725e-14, -7.2945115672434e-27, -1.2809686596102204e-14, 9.564823192066214e-14, -6.674308931893492e-28, 1.2809686594086371e-14, -9.564823192418927e-14, -7.998886901586457e-27, -1.2809686594865367e-14, -0.14784559457668206, 1.6877310812648805e-14, -16.66982402169001, 0.14784559453795068, -7.753537341174695e-15, 16.669824021707843, 0.14784559475053413, -5.4504821221477746e-15, 53.33017597833573, -0.14784559467410574, 1.0505700499322678e-14, 16.669824021663537, -0.185025890176108, 1.1555150835788466e-14, 0.6723219025701088, 0.18502589016844057, -1.723604604309627e-14, -0.6723219025648016, 0.18502589034793598, -1.4765195359556853e-14, 0.6723219025875851, -0.18502589030985273, 6.416251411968351e-15, -0.6723219026006322, -16.028474524790486, 4.872231679134083e-14, -0.14784559478071121, 16.02847452459976, -5.069627655446898e-15, 0.1478455948840044, 16.02847452602244, 7.625487174554192e-14, -0.14784559467410574, 53.97152547444304, -8.354425438255692e-15, 0.1478455945920492, -0.7873336407535418, 4.611003506635366e-15, -0.001125311896038983, 0.7873336402785909, -5.3448817382238747e-14, 0.0011253118184188643, 0.7873336416551278, 5.1770483246879585e-15, -0.0011253117291574188, -0.7873336414833321, -6.801689729054814e-14, 0.0011253117537087798, -8.354425468119567e-15, 5.051095219349794e-28, 1.0505700502870521e-14, 8.354425480366759e-15, -1.1138725049704161e-28, -1.0505700507262634e-14, 8.354425422050116e-15, 1.6542040923372197e-28, 1.0505700499322678e-14, -8.354425438255692e-15, 70.0, -1.0505700496034747e-14, -5.6574450160174016e-15, 1.2081977762456785e-28, 4.190970536523904e-15, 5.657445035222504e-15, -5.6202121642142295e-28, -4.190970534429949e-15, 5.657444976492895e-15, -5.777677328562094e-28, 4.190970528866424e-15, -5.6574449865129246e-15, -5.405472103504536e-29, -4.190970530740582e-15, 0.14784559449462567, -1.6877310813236945e-14, 16.669824021689273, -0.14784559445589415, 7.753537340225471e-15, -16.669824021707107, -0.14784559466847694, 5.450482122651121e-15, 16.669824021663537, 0.1478455945920492, -1.0505700496034747e-14, 53.330175978337216, 0.18502589030394628, -1.1555150835146763e-14, -0.6723219025459161, -0.18502589029627903, 1.7236046043689704e-14, 0.672321902540608, -0.18502589047577556, 1.4765195356626408e-14, -0.6723219025633914, 0.18502589043769066, -6.4162514125063545e-15, 0.6723219025764384, -0.7873336420070499, -7.379197605871875e-14, -0.1850258900065778, 0.7873336423524743, 1.3302993162695019e-14, 0.18502588978003337, 0.7873336399353581, -9.564823193620899e-14, -0.185025890176108, -0.7873336407535418, -5.6574450160174016e-15, 0.18502589030394628, 53.56864905975563, -1.489029947905717e-14, -0.31246752476614204, 16.431350941022178, 8.232260468307359e-14, 0.31246752486751983, 16.431350938643224, 1.213285442739111e-14, -0.3124675250400877, -16.431350938955283, 8.242271044890454e-14, 0.3124675250083703, 4.611003497264782e-15, 1.0846589112926786e-27, 1.1555150837489142e-14, -4.611003491320376e-15, -2.788944456946781e-28, -1.155515083877641e-14, -4.611003512570962e-15, 1.1314870043970615e-27, 1.1555150835788466e-14, 4.611003506635366e-15, 1.2081977762456785e-28, -1.1555150835146763e-14, -1.489029947905717e-14, 70.0, 1.3210787958734943e-14, 1.4890299485861006e-14, -1.1978462687683324e-27, -1.3210787958306888e-14, 1.4890299464452848e-14, -2.5598276006545777e-28, 1.3210787956137465e-14, -1.4890299468508975e-14, -9.670075832411589e-28, -1.3210787956855438e-14, -0.001125311742837462, 2.4498765547508714e-14, 0.6723219025083516, 0.0011253116924554996, -9.180550496189329e-15, -0.6723219025639644, 0.0011253118919907351, 1.2809686595849827e-14, 0.6723219025701088, -0.001125311896038983, 4.190970536523904e-15, -0.6723219025459161, -0.31246752476614204, 1.3210787958734943e-14, 53.16123818507718, 0.3124675247684233, -2.6109197226257915e-14, 16.83876181489942, 0.31246752488978957, -8.89998205950307e-15, -16.838761814886627, -0.31246752487509083, -1.0567040346295245e-14, 16.838761814896532, 0.7873336415321011, 7.379197606103456e-14, 0.18502588999891112, -0.787333641877522, -1.3302993170974404e-14, -0.18502588977236673, -0.787333639460408, 9.564823193930725e-14, 0.18502589016844057, 0.7873336402785909, 5.657445035222504e-15, -0.18502589029627903, 16.431350941022178, 1.4890299485861006e-14, 0.3124675247684233, 53.56864905820001, -8.232260468547906e-14, -0.31246752486980334, -16.431350939421034, -1.2132854445167378e-14, 0.31246752504237085, 16.431350939733086, -8.242271045179757e-14, -0.31246752501065433, -5.344881737366646e-14, -5.73359071297444e-27, -1.7236046044593537e-14, 5.34488173698051e-14, 1.0627724078736105e-27, 1.7236046043855974e-14, 5.344881738433271e-14, -7.2945115672434e-27, -1.723604604309627e-14, -5.3448817382238747e-14, -5.6202121642142295e-28, 1.7236046043689704e-14, 8.232260468307359e-14, -1.1978462687683324e-27, -2.6109197226257915e-14, -8.232260468547906e-14, 70.0, 2.6109197226378166e-14, -8.23226046728045e-14, 1.0747831624575805e-27, -2.6109197224975994e-14, 8.232260467418863e-14, 6.262797679083875e-27, 2.61091972259189e-14, 0.0011253116652176903, -2.4498765547867765e-14, -0.672321902503042, -0.0011253116148341041, 9.180550495447047e-15, 0.6723219025586548, -0.0011253118143726287, -1.2809686596102204e-14, -0.6723219025648016, 0.0011253118184188643, -4.190970534429949e-15, 0.672321902540608, 0.31246752486751983, -1.3210787958306888e-14, 16.83876181489942, -0.31246752486980334, 2.6109197226378166e-14, 53.16123818512402, -0.3124675249911695, 8.899982057765374e-15, 16.838761814863215, 0.3124675249764681, 1.0567040346773447e-14, -16.838761814873116, 0.7873336429086364, 7.379197605108901e-14, 0.18502589017840637, -0.7873336432540609, -1.3302993144578503e-14, -0.18502588995186298, -0.7873336408369462, 9.564823192066214e-14, 0.18502589034793598, 0.7873336416551278, 5.657444976492895e-15, -0.18502589047577556, 16.431350938643224, 1.4890299464452848e-14, 0.31246752488978957, -16.431350939421034, -8.23226046728045e-14, -0.3124675249911695, 53.568649062957924, -1.2132854391613309e-14, 0.31246752516373666, 16.43135093735414, -8.242271043601543e-14, -0.31246752513202064, 5.1770483510851755e-15, -9.695883988637472e-28, -1.4765195362675334e-14, -5.177048363001355e-15, 2.193910217478528e-28, 1.4765195366423458e-14, -5.17704831046881e-15, -6.674308931893492e-28, -1.4765195359556853e-14, 5.1770483246879585e-15, -5.777677328562094e-28, 1.4765195356626408e-14, 1.213285442739111e-14, -2.5598276006545777e-28, -8.89998205950307e-15, -1.2132854445167378e-14, 1.0747831624575805e-27, 8.899982057765374e-15, -1.2132854391613309e-14, 70.0, -8.899982052452477e-15, 1.2132854401141846e-14, 4.825493953593762e-28, 8.899982054388265e-15, -0.0011253115759574522, 2.4498765546435358e-14, 0.6723219025258277, 0.0011253115255731722, -9.180550493026423e-15, -0.6723219025814403, 0.0011253117251100037, 1.2809686594086371e-14, 0.6723219025875851, -0.0011253117291574188, 4.190970528866424e-15, -0.6723219025633914, -0.3124675250400877, 1.3210787956137465e-14, -16.838761814886627, 0.31246752504237085, -2.6109197224975994e-14, 16.838761814863215, 0.31246752516373666, -8.899982052452477e-15, 53.16123818514957, -0.31246752514903775, -1.0567040344742741e-14, 16.83876181486033, -0.7873336427368414, -7.379197605283185e-14, -0.1850258901403231, 0.7873336430822651, 1.3302993148972935e-14, 0.18502588991377877, 0.7873336406651483, -9.564823192418927e-14, -0.18502589030985273, -0.7873336414833321, -5.6574449865129246e-15, 0.18502589043769066, -16.431350938955283, -1.4890299468508975e-14, -0.31246752487509083, 16.431350939733086, 8.232260467418863e-14, 0.3124675249764681, 16.43135093735414, 1.2132854401141846e-14, -0.31246752514903775, 53.56864906233381, 8.242271044004039e-14, 0.31246752511731907, -6.801689728277842e-14, -5.576928206403549e-27, 6.416251410619105e-15, 6.801689727833076e-14, 9.132395563484207e-28, -6.4162514106819496e-15, 6.801689729119052e-14, -7.998886901586457e-27, 6.416251411968351e-15, -6.801689729054814e-14, -5.405472103504536e-29, -6.4162514125063545e-15, 8.242271044890454e-14, -9.670075832411589e-28, -1.0567040346295245e-14, -8.242271045179757e-14, 6.262797679083875e-27, 1.0567040346773447e-14, -8.242271043601543e-14, 4.825493953593762e-28, -1.0567040344742741e-14, 8.242271044004039e-14, 70.0, 1.0567040345565171e-14, 0.001125311600507814, -2.4498765547462834e-14, -0.6723219025388728, -0.0011253115501246858, 9.180550493722796e-15, 0.6723219025944875, -0.0011253117496623222, -1.2809686594865367e-14, -0.6723219026006322, 0.0011253117537087798, -4.190970530740582e-15, 0.6723219025764384, 0.3124675250083703, -1.3210787956855438e-14, 16.838761814896532, -0.31246752501065433, 2.61091972259189e-14, -16.838761814873116, -0.31246752513202064, 8.899982054388265e-15, 16.83876181486033, 0.31246752511731907, 1.0567040345565171e-14, 53.16123818512976]]}, {"__ndarray__": [[24], "float64", [9.990075206369733, 3.1554076826096242, 0.1618116391481879, 1.6453237895445774, 1.0518025608698747, 4.243743019737568, 7.4630232875013744, 1.0518025608698747, 2.36458896859113, 4.172375708412709, 3.1554076826096242, 2.0409656902947786, 1.4163050176363305, 3.1554076826096242, 1.7236591455720605, 10.21909397827807, 1.0518025608698747, 2.681895513313789, 4.4013944803205485, 1.0518025608698747, 3.9264364750149716, 7.234004515593663, 3.1554076826096242, 0.47911818387090904]]}, {"__ndarray__": [[24], "float64", [-0.00024938709774941593, 1.3091764564236827e-15, -6.487907234415985e-05, 0.00024938709722885355, -1.1634016908831767e-15, 6.487907263891279e-05, 0.0002493871006436957, -9.666001789808098e-16, -6.487907208281747e-05, -0.0002493870994674773, 1.0323457075133115e-15, 6.48790719195401e-05, 0.00046856402410385724, 9.315546073502275e-16, 2.8620106515522673e-05, -0.0004685640251757908, -1.0907936201192914e-15, -2.86201067012207e-05, -0.0004685640218614819, -8.014169187987939e-16, 2.8620106928786823e-05, 0.0004685640222777561, 7.447676814768262e-16, -2.8620106874560234e-05]]}, 0.2]